   1.0000000000000000        1.5808645856170452E-004
   2.0000000000000000        5.6650960129210799E-004
   3.0000000000000000        1.1073239578742817E-003
   4.0000000000000000        1.6653046423432630E-003
   5.0000000000000000        2.1958453758513913E-003
   6.0000000000000000        2.7152550214683121E-003
   7.0000000000000000        3.2408874424594038E-003
   8.0000000000000000        3.7715469100715409E-003
   9.0000000000000000        4.3326261848220552E-003
   10.000000000000000        4.8822480012534952E-003
   11.000000000000000        5.4306601130142598E-003
   12.000000000000000        5.9934209015619737E-003
   13.000000000000000        6.5694543878848733E-003
   14.000000000000000        7.1283175238053683E-003
   15.000000000000000        7.7226365332419633E-003
   16.000000000000000        8.2711979702700077E-003
   17.000000000000000        8.8374454225961466E-003
   18.000000000000000        9.3797517041913185E-003
   19.000000000000000        9.9060801804283696E-003
   20.000000000000000        1.0452443650580843E-002
   21.000000000000000        1.1063532365201360E-002
   22.000000000000000        1.1711280943979838E-002
   23.000000000000000        1.2491394633788551E-002
   24.000000000000000        1.3199802712952562E-002
   25.000000000000000        1.3804737171872430E-002
   26.000000000000000        1.4307744223460532E-002
   27.000000000000000        1.4751100929263728E-002
   28.000000000000000        1.5184956627696490E-002
   29.000000000000000        1.5602318771333803E-002
   30.000000000000000        1.6050133565514515E-002
   31.000000000000000        1.6512353240219556E-002
   32.000000000000000        1.6887370525364528E-002
   33.000000000000000        1.7463174295775853E-002
   34.000000000000000        1.8114362076837438E-002
   35.000000000000000        1.8675836361365585E-002
   36.000000000000000        1.9239092751340871E-002
   37.000000000000000        1.9641902955680187E-002
   38.000000000000000        2.0133859991962717E-002
   39.000000000000000        2.0669237165743849E-002
   40.000000000000000        2.1168808776040066E-002
   41.000000000000000        2.1665827901349112E-002
   42.000000000000000        2.2178018874718087E-002
   43.000000000000000        2.2750022659493590E-002
   44.000000000000000        2.3342353238337003E-002
   45.000000000000000        2.4020530717563309E-002
   46.000000000000000        2.4442155646212913E-002
   47.000000000000000        2.4984804488345076E-002
   48.000000000000000        2.5642138922491904E-002
   49.000000000000000        2.6186417698287275E-002
   50.000000000000000        2.6528258318866491E-002
   51.000000000000000        2.7012807469785058E-002
   52.000000000000000        2.7543140885493284E-002
   53.000000000000000        2.8528622252202172E-002
   54.000000000000000        2.9744731621752146E-002
   55.000000000000000        3.0953745844513238E-002
   56.000000000000000        3.1818218181474865E-002
   57.000000000000000        3.2350530154480667E-002
   58.000000000000000        3.2545777935791331E-002
   59.000000000000000        3.2550546351478048E-002
   60.000000000000000        3.2553537042047116E-002
   61.000000000000000        3.2796206847347610E-002
   62.000000000000000        3.3287167420106345E-002
   63.000000000000000        3.3770337006574183E-002
   64.000000000000000        3.4396304286170971E-002
   65.000000000000000        3.4930323716459072E-002
   66.000000000000000        3.5465429060735944E-002
   67.000000000000000        3.5801113294684848E-002
   68.000000000000000        3.6343106373858187E-002
   69.000000000000000        3.6978370365921401E-002
   70.000000000000000        3.7398683191611215E-002
   71.000000000000000        3.7796667974020780E-002
   72.000000000000000        3.8580904876833057E-002
   73.000000000000000        3.9324370979664361E-002
   74.000000000000000        3.9789587488715250E-002
   75.000000000000000        4.0357460092250816E-002
   76.000000000000000        4.0794617621693743E-002
   77.000000000000000        4.1143100897432998E-002
   78.000000000000000        4.1539058244050638E-002
   79.000000000000000        4.2122947059809367E-002
   80.000000000000000        4.2611431215722979E-002
   81.000000000000000        4.3232038415010270E-002
   82.000000000000000        4.3808895158448442E-002
   83.000000000000000        4.4565089518160385E-002
   84.000000000000000        4.5437161262860966E-002
   85.000000000000000        4.6052481516707607E-002
   86.000000000000000        4.6710446310376061E-002
   87.000000000000000        4.7482183740450039E-002
   88.000000000000000        4.8064099786642493E-002
   89.000000000000000        4.8754288992864311E-002
   90.000000000000000        4.9469483971377737E-002
   91.000000000000000        4.9893143278441014E-002
   92.000000000000000        5.0042663604832817E-002
   93.000000000000000        5.0399357847678260E-002
   94.000000000000000        5.1263348389791616E-002
   95.000000000000000        5.2059549237626429E-002
   96.000000000000000        5.2912519103790308E-002
   97.000000000000000        5.3794640595606014E-002
   98.000000000000000        5.4602096278107533E-002
   99.000000000000000        5.5194355106836360E-002
   100.00000000000000        5.6093143807630537E-002
   101.00000000000000        5.6459444409836357E-002
   102.00000000000000        5.6622858168528703E-002
   103.00000000000000        5.6866134039526214E-002
   104.00000000000000        5.7389214846034174E-002
   105.00000000000000        5.8034190143285813E-002
   106.00000000000000        5.9091422649163179E-002
   107.00000000000000        5.9880054236571244E-002
   108.00000000000000        6.0301909573049289E-002
   109.00000000000000        6.0844482017807205E-002
   110.00000000000000        6.0971169863881652E-002
   111.00000000000000        6.1220537007063716E-002
   112.00000000000000        6.1852714613445034E-002
   113.00000000000000        6.2425989043557520E-002
   114.00000000000000        6.3231976282900795E-002
   115.00000000000000        6.3762000559135279E-002
   116.00000000000000        6.4153706452006493E-002
   117.00000000000000        6.4793721474515578E-002
   118.00000000000000        6.5214654893637702E-002
   119.00000000000000        6.5325332235324871E-002
   120.00000000000000        6.5805359377042960E-002
   121.00000000000000        6.6296050331519127E-002
   122.00000000000000        6.7129261818204014E-002
   123.00000000000000        6.8002818450056499E-002
   124.00000000000000        6.8906269810813089E-002
   125.00000000000000        6.9689987006444590E-002
   126.00000000000000        7.0511998320128305E-002
   127.00000000000000        7.1045232939199773E-002
   128.00000000000000        7.1123393785763586E-002
   129.00000000000000        7.1327545020703320E-002
   130.00000000000000        7.1510710836616628E-002
   131.00000000000000        7.2142490994936137E-002
   132.00000000000000        7.3252240892308695E-002
   133.00000000000000        7.3760871800673408E-002
   134.00000000000000        7.4377789853000628E-002
   135.00000000000000        7.4947944344225803E-002
   136.00000000000000        7.5341721719216742E-002
   137.00000000000000        7.5552236893928065E-002
   138.00000000000000        7.6072834323925337E-002
   139.00000000000000        7.6626065480766142E-002
   140.00000000000000        7.7543216391084663E-002
   141.00000000000000        7.8530488833903858E-002
   142.00000000000000        7.9769400140608765E-002
   143.00000000000000        8.1528358662551023E-002
   144.00000000000000        8.3328455869060486E-002
   145.00000000000000        8.4509805403919794E-002
   146.00000000000000        8.5350009687054404E-002
   147.00000000000000        8.5182245474722390E-002
   148.00000000000000        8.4659625183396398E-002
   149.00000000000000        8.3791057049848489E-002
   150.00000000000000        8.3669185033971971E-002
   151.00000000000000        8.4538857580764626E-002
   152.00000000000000        8.5657226790041632E-002
   153.00000000000000        8.7156824136934000E-002
   154.00000000000000        8.8408856132458455E-002
   155.00000000000000        8.9130631777613017E-002
   156.00000000000000        8.9221587949988274E-002
   157.00000000000000        8.9133641043019199E-002
   158.00000000000000        8.9582020323768469E-002
   159.00000000000000        9.0064744107472144E-002
   160.00000000000000        9.0526751818296836E-002
   161.00000000000000        9.1313572466509257E-002
   162.00000000000000        9.2074308561563123E-002
   163.00000000000000        9.2543437642134296E-002
   164.00000000000000        9.2432702434977310E-002
   165.00000000000000        9.3066896691883769E-002
   166.00000000000000        9.3889354027254471E-002
   167.00000000000000        9.4596342557440039E-002
   168.00000000000000        9.5439148387541820E-002
   169.00000000000000        9.6145242335284306E-002
   170.00000000000000        9.6955877447483518E-002
   171.00000000000000        9.8166548329351302E-002
   172.00000000000000        9.9172793480266974E-002
   173.00000000000000       0.10027227480519042     
   174.00000000000000       0.10122703078288293     
   175.00000000000000       0.10190393939288073     
   176.00000000000000       0.10251488465439906     
   177.00000000000000       0.10244096014548638     
   178.00000000000000       0.10258861465952086     
   179.00000000000000       0.10173938039206364     
   180.00000000000000       0.10171495770283953     
   181.00000000000000       0.10194191038709516     
   182.00000000000000       0.10270490284316383     
   183.00000000000000       0.10377954850313667     
   184.00000000000000       0.10437851483597105     
   185.00000000000000       0.10527629953164558     
   186.00000000000000       0.10613028531824129     
   187.00000000000000       0.10648570990596185     
   188.00000000000000       0.10794827048757054     
   189.00000000000000       0.10856863004485018     
   190.00000000000000       0.10914434273903750     
   191.00000000000000       0.11035305224676188     
   192.00000000000000       0.11142988461151146     
   193.00000000000000       0.11294157565937805     
   194.00000000000000       0.11397295897069418     
   195.00000000000000       0.11425570607170597     
   196.00000000000000       0.11540860917563654     
   197.00000000000000       0.11629508093187668     
   198.00000000000000       0.11705672349418850     
   199.00000000000000       0.11778688158098724     
   200.00000000000000       0.11834137460719711     
   201.00000000000000       0.11838594590082141     
   202.00000000000000       0.11843746626721867     
   203.00000000000000       0.11905372869411594     
   204.00000000000000       0.11934156345761114     
   205.00000000000000       0.11947387087376528     
   206.00000000000000       0.12050186681323803     
   207.00000000000000       0.12130693553777301     
   208.00000000000000       0.12179933656638373     
   209.00000000000000       0.12274554435831141     
   210.00000000000000       0.12345268030168730     
   211.00000000000000       0.12422618462991800     
   212.00000000000000       0.12530167315146065     
   213.00000000000000       0.12564869418168600     
   214.00000000000000       0.12611646265712056     
   215.00000000000000       0.12708892323253412     
   216.00000000000000       0.12810631435219716     
   217.00000000000000       0.12911661424714513     
   218.00000000000000       0.13034691151092578     
   219.00000000000000       0.13239276141702375     
   220.00000000000000       0.13370402825659120     
   221.00000000000000       0.13452286984790085     
   222.00000000000000       0.13545454862467865     
   223.00000000000000       0.13563641881653812     
   224.00000000000000       0.13567711313302544     
   225.00000000000000       0.13623187512949111     
   226.00000000000000       0.13675072264066551     
   227.00000000000000       0.13742816768072649     
   228.00000000000000       0.13779639696701856     
   229.00000000000000       0.13866254509815279     
   230.00000000000000       0.13979291651211240     
   231.00000000000000       0.14110218997216181     
   232.00000000000000       0.14227232311019636     
   233.00000000000000       0.14403171111006560     
   234.00000000000000       0.14531213220161956     
   235.00000000000000       0.14593408111544637     
   236.00000000000000       0.14544410357631174     
   237.00000000000000       0.14556311337384847     
   238.00000000000000       0.14629949301223466     
   239.00000000000000       0.14660683850754300     
   240.00000000000000       0.14718468172698407     
   241.00000000000000       0.14756399944124807     
   242.00000000000000       0.14807973118533083     
   243.00000000000000       0.14791736486794771     
   244.00000000000000       0.14903035663412073     
   245.00000000000000       0.15007244300929096     
   246.00000000000000       0.15128797038925923     
   247.00000000000000       0.15231646661616374     
   248.00000000000000       0.15228423231997731     
   249.00000000000000       0.15242949887783419     
   250.00000000000000       0.15312725819773806     
   251.00000000000000       0.15292908953306156     
   252.00000000000000       0.15315387783774570     
   253.00000000000000       0.15383807449234796     
   254.00000000000000       0.15460920909733586     
   255.00000000000000       0.15569587499981069     
   256.00000000000000       0.15565018446275183     
   257.00000000000000       0.15598907948327712     
   258.00000000000000       0.15634109220153586     
   259.00000000000000       0.15683316836931638     
   260.00000000000000       0.15774179970213156     
   261.00000000000000       0.15860455324963205     
   262.00000000000000       0.16029797002613794     
   263.00000000000000       0.16170394669390575     
   264.00000000000000       0.16416859615096457     
   265.00000000000000       0.16495020174434402     
   266.00000000000000       0.16533494748271524     
   267.00000000000000       0.16596780844593831     
   268.00000000000000       0.16615132232099852     
   269.00000000000000       0.16589538598416423     
   270.00000000000000       0.16616039658234882     
   271.00000000000000       0.16678157524373335     
   272.00000000000000       0.16937248787842552     
   273.00000000000000       0.17223216022261853     
   274.00000000000000       0.17476852984755362     
   275.00000000000000       0.17541778985988138     
   276.00000000000000       0.17544120498669907     
   277.00000000000000       0.17577784360735316     
   278.00000000000000       0.17556337589581689     
   279.00000000000000       0.17508916613854769     
   280.00000000000000       0.17522474247635700     
   281.00000000000000       0.17747742578221021     
   282.00000000000000       0.18129334367476374     
   283.00000000000000       0.18536390503834554     
   284.00000000000000       0.18888635440090334     
   285.00000000000000       0.19019586724909379     
   286.00000000000000       0.18999907436881172     
   287.00000000000000       0.18792202566798230     
   288.00000000000000       0.18708356731296211     
   289.00000000000000       0.18673628707910797     
   290.00000000000000       0.18704198184788390     
   291.00000000000000       0.18924571733602255     
   292.00000000000000       0.19125278940173013     
   293.00000000000000       0.19337674769414948     
   294.00000000000000       0.19420823258898909     
   295.00000000000000       0.19402312416111922     
   296.00000000000000       0.19350113379966324     
   297.00000000000000       0.19366722083975171     
   298.00000000000000       0.19426864165584168     
   299.00000000000000       0.19485281305726870     
   300.00000000000000       0.19487688629087305     
   301.00000000000000       0.19501489414879863     
   302.00000000000000       0.19575206256000041     
   303.00000000000000       0.19666479136316639     
   304.00000000000000       0.19734727581559330     
   305.00000000000000       0.19799811532449782     
   306.00000000000000       0.19843448533624963     
   307.00000000000000       0.20012547647927401     
   308.00000000000000       0.20140318601324450     
   309.00000000000000       0.20202627261567946     
   310.00000000000000       0.20370318257883990     
   311.00000000000000       0.20560431579742713     
   312.00000000000000       0.20828019261031752     
   313.00000000000000       0.21108294928212260     
   314.00000000000000       0.21227347927638560     
   315.00000000000000       0.21371575121226094     
   316.00000000000000       0.21499505465607813     
   317.00000000000000       0.21562432227561373     
   318.00000000000000       0.21579644604282217     
   319.00000000000000       0.21707876517510957     
   320.00000000000000       0.21971481357260131     
   321.00000000000000       0.21949416184991649     
   322.00000000000000       0.21950662686785816     
   323.00000000000000       0.22011994244355920     
   324.00000000000000       0.22104688013709980     
   325.00000000000000       0.22202170251349349     
   326.00000000000000       0.22303437295363979     
   327.00000000000000       0.22515922152203147     
   328.00000000000000       0.22748787901656453     
   329.00000000000000       0.22962198579833673     
   330.00000000000000       0.23331820174430165     
   331.00000000000000       0.23643840084927215     
   332.00000000000000       0.23927665290214309     
   333.00000000000000       0.24175406652425394     
   334.00000000000000       0.24436544041764993     
   335.00000000000000       0.24631426434040549     
   336.00000000000000       0.24771608561856892     
   337.00000000000000       0.24788742396699640     
   338.00000000000000       0.24869513178207261     
   339.00000000000000       0.24852875797330234     
   340.00000000000000       0.24710477193657945     
   341.00000000000000       0.24680113685349309     
   342.00000000000000       0.24748913990229054     
   343.00000000000000       0.24969283721028809     
   344.00000000000000       0.25250194449914398     
   345.00000000000000       0.25604715119368204     
   346.00000000000000       0.25823621911177830     
   347.00000000000000       0.25948454297018458     
   348.00000000000000       0.26075731858045753     
   349.00000000000000       0.26211406108945740     
   350.00000000000000       0.26454675450702808     
   351.00000000000000       0.26811345399935244     
   352.00000000000000       0.27061520594086075     
   353.00000000000000       0.27239256625491676     
   354.00000000000000       0.27605027518430358     
   355.00000000000000       0.27930766433024112     
   356.00000000000000       0.28147754605256758     
   357.00000000000000       0.28435458658341212     
   358.00000000000000       0.28795891048140415     
   359.00000000000000       0.29136291699124750     
   360.00000000000000       0.29565021428866989     
   361.00000000000000       0.29989125823497009     
   362.00000000000000       0.30453661096193274     
   363.00000000000000       0.30932382145713150     
   364.00000000000000       0.31336533096352959     
   365.00000000000000       0.31555668067496151     
   366.00000000000000       0.31684549522508471     
   367.00000000000000       0.31842926616141587     
   368.00000000000000       0.32196617483290724     
   369.00000000000000       0.32615869376509099     
   370.00000000000000       0.33175527116506009     
   371.00000000000000       0.33661814119806777     
   372.00000000000000       0.33873464139485387     
   373.00000000000000       0.33922172174082366     
   374.00000000000000       0.33860634961805430     
   375.00000000000000       0.33907872081045259     
   376.00000000000000       0.34120122030682409     
   377.00000000000000       0.34354104842565458     
   378.00000000000000       0.34578918061871217     
   379.00000000000000       0.35028721161679383     
   380.00000000000000       0.35396775726953755     
   381.00000000000000       0.35785586084540810     
   382.00000000000000       0.36168209360450038     
   383.00000000000000       0.36549128043486412     
   384.00000000000000       0.36974463667934138     
   385.00000000000000       0.37470256566326687     
   386.00000000000000       0.38050151866576420     
   387.00000000000000       0.38920362984453027     
   388.00000000000000       0.39657088476325386     
   389.00000000000000       0.40450942148037278     
   390.00000000000000       0.41167367610951588     
   391.00000000000000       0.41435954341246034     
   392.00000000000000       0.41610563775404946     
   393.00000000000000       0.41841368707406201     
   394.00000000000000       0.42189817513403233     
   395.00000000000000       0.42905953993848234     
   396.00000000000000       0.43915131939365881     
   397.00000000000000       0.44898788576299059     
   398.00000000000000       0.45927908795450056     
   399.00000000000000       0.46752440311739901     
   400.00000000000000       0.47388047443702891     
   401.00000000000000       0.48129780949084877     
   402.00000000000000       0.48782802205064502     
   403.00000000000000       0.49584588230329085     
   404.00000000000000       0.50634879744689620     
   405.00000000000000       0.52034123080327843     
   406.00000000000000       0.53348620715530148     
   407.00000000000000       0.54875413609732404     
   408.00000000000000       0.56566849833877497     
   409.00000000000000       0.58315018326012968     
   410.00000000000000       0.60117439493297165     
   411.00000000000000       0.61821223966044225     
   412.00000000000000       0.63645653693575766     
   413.00000000000000       0.65460226375003505     
   414.00000000000000       0.67022413237768419     
   415.00000000000000       0.68858990866313796     
   416.00000000000000       0.71096707955427807     
   417.00000000000000       0.73901129043239877     
   418.00000000000000       0.77148399303435489     
   419.00000000000000       0.81187176269083650     
   420.00000000000000       0.84775535585910433     
   421.00000000000000       0.88123987964605310     
   422.00000000000000       0.91844773848829753     
   423.00000000000000       0.95885254908722806     
   424.00000000000000        1.0066766972524732     
   425.00000000000000        1.0631890623371967     
   426.00000000000000        1.1270067921846538     
   427.00000000000000        1.1930381132854724     
   428.00000000000000        1.2607843553360367     
   429.00000000000000        1.3313001307263828     
   430.00000000000000        1.4126717448165775     
   431.00000000000000        1.5099618943332211     
   432.00000000000000        1.6176874996739965     
   433.00000000000000        1.7311122556166187     
   434.00000000000000        1.8476662951037226     
   435.00000000000000        1.9769707342305363     
   436.00000000000000        2.1206497412637453     
   437.00000000000000        2.2788331906386357     
   438.00000000000000        2.4556771878161130     
   439.00000000000000        2.6502053225762610     
   440.00000000000000        2.8545551205706077     
   441.00000000000000        3.0732428914790182     
   442.00000000000000        3.3021162363812282     
   443.00000000000000        3.5461239231620345     
   444.00000000000000        3.8201997857670897     
   445.00000000000000        4.1069333008848101     
   446.00000000000000        4.3943142331725955     
   447.00000000000000        4.6932922575269540     
   448.00000000000000        5.0040483276427503     
   449.00000000000000        5.3275452448313647     
   450.00000000000000        5.6664463505798794     
   451.00000000000000        6.0168994699521772     
   452.00000000000000        6.3731348767218705     
   453.00000000000000        6.7313992166669898     
   454.00000000000000        7.0948599782908639     
   455.00000000000000        7.4625139727792069     
   456.00000000000000        7.8366462151337002     
   457.00000000000000        8.2114246167808069     
   458.00000000000000        8.5727645742809919     
   459.00000000000000        8.9253070332409212     
   460.00000000000000        9.2816770999342832     
   461.00000000000000        9.6385853531473966     
   462.00000000000000        9.9960113852578658     
   463.00000000000000        10.347596771292748     
   464.00000000000000        10.689428597837557     
   465.00000000000000        11.010153675342048     
   466.00000000000000        11.314365635441714     
   467.00000000000000        11.609440864701918     
   468.00000000000000        11.884145349897487     
   469.00000000000000        12.160304790251358     
   470.00000000000000        12.426293819835736     
   471.00000000000000        12.670784809766820     
   472.00000000000000        12.900495113269805     
   473.00000000000000        13.122691273804076     
   474.00000000000000        13.331021831541754     
   475.00000000000000        13.539655508522666     
   476.00000000000000        13.746848870562712     
   477.00000000000000        13.951281588940279     
   478.00000000000000        14.139814135887951     
   479.00000000000000        14.313235211437002     
   480.00000000000000        14.480224740438326     
   481.00000000000000        14.660041322282908     
   482.00000000000000        14.864318618341526     
   483.00000000000000        15.087142628308403     
   484.00000000000000        15.293389009099807     
   485.00000000000000        15.466529636279482     
   486.00000000000000        15.632317976888286     
   487.00000000000000        15.795840246779020     
   488.00000000000000        15.970811260863931     
   489.00000000000000        16.152815606331785     
   490.00000000000000        16.330755734118103     
   491.00000000000000        16.535420753256069     
   492.00000000000000        16.766523702699207     
   493.00000000000000        16.989665817340043     
   494.00000000000000        17.191223877105198     
   495.00000000000000        17.384646967456071     
   496.00000000000000        17.583427977942975     
   497.00000000000000        17.770223243102404     
   498.00000000000000        17.946704026338875     
   499.00000000000000        18.116993466014300     
   500.00000000000000        18.295258093512114     
   501.00000000000000        18.496317461139309     
