   1.0000000000000000        3.8353306629041036E-004
   2.0000000000000000        8.9565945542330750E-004
   3.0000000000000000        1.4419074163946146E-003
   4.0000000000000000        2.0416946136017976E-003
   5.0000000000000000        2.6496562252456540E-003
   6.0000000000000000        3.2896906864538205E-003
   7.0000000000000000        3.8951164273766381E-003
   8.0000000000000000        4.5519542081103237E-003
   9.0000000000000000        5.1853776956281199E-003
   10.000000000000000        5.8413762122635536E-003
   11.000000000000000        6.4982066796322770E-003
   12.000000000000000        7.1902863683338657E-003
   13.000000000000000        7.8090353511825516E-003
   14.000000000000000        8.4862674129664618E-003
   15.000000000000000        9.1247391642690079E-003
   16.000000000000000        9.7951452591387694E-003
   17.000000000000000        1.0405140732064666E-002
   18.000000000000000        1.1070190569421609E-002
   19.000000000000000        1.1676213511599679E-002
   20.000000000000000        1.2358422038298129E-002
   21.000000000000000        1.3062170138523918E-002
   22.000000000000000        1.3906562044146129E-002
   23.000000000000000        1.4728121253498216E-002
   24.000000000000000        1.5631688113873974E-002
   25.000000000000000        1.6294660005181524E-002
   26.000000000000000        1.7033301779605270E-002
   27.000000000000000        1.7414061924429198E-002
   28.000000000000000        1.7967394075612011E-002
   29.000000000000000        1.8443244882900223E-002
   30.000000000000000        1.8981720568442689E-002
   31.000000000000000        1.9448206186878418E-002
   32.000000000000000        2.0164681777134309E-002
   33.000000000000000        2.0796905024549523E-002
   34.000000000000000        2.1535873396133470E-002
   35.000000000000000        2.2104394473800849E-002
   36.000000000000000        2.2732695444158423E-002
   37.000000000000000        2.3303156606099697E-002
   38.000000000000000        2.3956130906636321E-002
   39.000000000000000        2.4429094061859415E-002
   40.000000000000000        2.5099450388861480E-002
   41.000000000000000        2.5724980091203421E-002
   42.000000000000000        2.6464851921564718E-002
   43.000000000000000        2.6932872983422718E-002
   44.000000000000000        2.7807717006812355E-002
   45.000000000000000        2.8503208521025811E-002
   46.000000000000000        2.9114502965699573E-002
   47.000000000000000        2.9774519712815029E-002
   48.000000000000000        3.0413103815308099E-002
   49.000000000000000        3.1015070236781111E-002
   50.000000000000000        3.1636155770275669E-002
   51.000000000000000        3.2146853053675775E-002
   52.000000000000000        3.2884415967877847E-002
   53.000000000000000        3.4198407799095790E-002
   54.000000000000000        3.5303888706093509E-002
   55.000000000000000        3.6678810512008310E-002
   56.000000000000000        3.7803904083501594E-002
   57.000000000000000        3.8340767148512318E-002
   58.000000000000000        3.8696076927620032E-002
   59.000000000000000        3.8749431499811554E-002
   60.000000000000000        3.8767481339293322E-002
   61.000000000000000        3.9115270779653273E-002
   62.000000000000000        3.9487382421855947E-002
   63.000000000000000        4.0209848915131567E-002
   64.000000000000000        4.1136931022251161E-002
   65.000000000000000        4.1869996921576336E-002
   66.000000000000000        4.2487380930928950E-002
   67.000000000000000        4.3192021635943725E-002
   68.000000000000000        4.3668687840179389E-002
   69.000000000000000        4.4167659657307914E-002
   70.000000000000000        4.4669783527068935E-002
   71.000000000000000        4.5685659195908446E-002
   72.000000000000000        4.6149528516010042E-002
   73.000000000000000        4.7027316951198606E-002
   74.000000000000000        4.7443187718865742E-002
   75.000000000000000        4.8416432516402090E-002
   76.000000000000000        4.9257896457230742E-002
   77.000000000000000        4.9757149121416003E-002
   78.000000000000000        5.0284760322792568E-002
   79.000000000000000        5.0762323484256022E-002
   80.000000000000000        5.1649164359625306E-002
   81.000000000000000        5.2183797791730248E-002
   82.000000000000000        5.3176420709461963E-002
   83.000000000000000        5.3659927113974125E-002
   84.000000000000000        5.4274113378851498E-002
   85.000000000000000        5.5265139246163414E-002
   86.000000000000000        5.6033791013766626E-002
   87.000000000000000        5.7012279059275146E-002
   88.000000000000000        5.7754939615245936E-002
   89.000000000000000        5.8648361527534311E-002
   90.000000000000000        5.9277134573584800E-002
   91.000000000000000        5.9886313166067080E-002
   92.000000000000000        6.0284747179611693E-002
   93.000000000000000        6.0909042837966762E-002
   94.000000000000000        6.1441280659949700E-002
   95.000000000000000        6.2293204414237711E-002
   96.000000000000000        6.3626633240285016E-002
   97.000000000000000        6.4142717981315336E-002
   98.000000000000000        6.5174070120131197E-002
   99.000000000000000        6.6441833748152199E-002
   100.00000000000000        6.7106673874812853E-002
   101.00000000000000        6.7466695430664650E-002
   102.00000000000000        6.7591168728432308E-002
   103.00000000000000        6.8609784188926146E-002
   104.00000000000000        6.8957242010936295E-002
   105.00000000000000        6.9941332960347505E-002
   106.00000000000000        7.0693339605279390E-002
   107.00000000000000        7.1477777875717158E-002
   108.00000000000000        7.2432416972501246E-002
   109.00000000000000        7.3279275545233294E-002
   110.00000000000000        7.3373150263784964E-002
   111.00000000000000        7.3913091032782902E-002
   112.00000000000000        7.4411581567172785E-002
   113.00000000000000        7.5224305939620539E-002
   114.00000000000000        7.5470256043611905E-002
   115.00000000000000        7.6046596096241467E-002
   116.00000000000000        7.6715188689420594E-002
   117.00000000000000        7.7404157569211082E-002
   118.00000000000000        7.8365833487236081E-002
   119.00000000000000        7.8946398285567279E-002
   120.00000000000000        7.9526412574901631E-002
   121.00000000000000        8.0119227107379107E-002
   122.00000000000000        8.0997742126391423E-002
   123.00000000000000        8.1934936306981787E-002
   124.00000000000000        8.3008808829768452E-002
   125.00000000000000        8.3862265207563735E-002
   126.00000000000000        8.4560328014320868E-002
   127.00000000000000        8.5168170340465824E-002
   128.00000000000000        8.5526132434105687E-002
   129.00000000000000        8.6238178179386671E-002
   130.00000000000000        8.6468456048218512E-002
   131.00000000000000        8.7404797140436988E-002
   132.00000000000000        8.8420445450731661E-002
   133.00000000000000        8.8932471810035968E-002
   134.00000000000000        8.9277208641423939E-002
   135.00000000000000        9.0467065683287190E-002
   136.00000000000000        9.1162773576361794E-002
   137.00000000000000        9.1298278483828321E-002
   138.00000000000000        9.1416972517859199E-002
   139.00000000000000        9.2217509081738355E-002
   140.00000000000000        9.2870535082907366E-002
   141.00000000000000        9.4417114656382417E-002
   142.00000000000000        9.6024291979596763E-002
   143.00000000000000        9.7968298907428281E-002
   144.00000000000000        9.9977833234145885E-002
   145.00000000000000       0.10132240794493319     
   146.00000000000000       0.10166345763911591     
   147.00000000000000       0.10141784597811793     
   148.00000000000000       0.10078987580720779     
   149.00000000000000       0.10123391211864861     
   150.00000000000000       0.10108108530887436     
   151.00000000000000       0.10127974995172895     
   152.00000000000000       0.10339277429618556     
   153.00000000000000       0.10517725516857952     
   154.00000000000000       0.10665463418832194     
   155.00000000000000       0.10717755452457708     
   156.00000000000000       0.10718640641118775     
   157.00000000000000       0.10762085876796643     
   158.00000000000000       0.10821253082072235     
   159.00000000000000       0.10857408239115239     
   160.00000000000000       0.10940159513127382     
   161.00000000000000       0.11026867180038326     
   162.00000000000000       0.11078121967044330     
   163.00000000000000       0.11187397524325969     
   164.00000000000000       0.11230468709855937     
   165.00000000000000       0.11254353042165481     
   166.00000000000000       0.11224952750868594     
   167.00000000000000       0.11344815559238390     
   168.00000000000000       0.11518419895950623     
   169.00000000000000       0.11627656030184581     
   170.00000000000000       0.11723950101860967     
   171.00000000000000       0.11892894203287767     
   172.00000000000000       0.12000282020358193     
   173.00000000000000       0.12090620733643115     
   174.00000000000000       0.12175355513726067     
   175.00000000000000       0.12332423543961360     
   176.00000000000000       0.12299028631592161     
   177.00000000000000       0.12342685825604559     
   178.00000000000000       0.12361533768276732     
   179.00000000000000       0.12401563462104372     
   180.00000000000000       0.12382005389860348     
   181.00000000000000       0.12466678245053257     
   182.00000000000000       0.12476542020720195     
   183.00000000000000       0.12543901367020738     
   184.00000000000000       0.12721562386661484     
   185.00000000000000       0.12793944902942786     
   186.00000000000000       0.12899223050255068     
   187.00000000000000       0.13038888370975110     
   188.00000000000000       0.13103921042386524     
   189.00000000000000       0.13137725836587213     
   190.00000000000000       0.13309318496922237     
   191.00000000000000       0.13451690741467373     
   192.00000000000000       0.13527696383101212     
   193.00000000000000       0.13654783083950869     
   194.00000000000000       0.13711010611489119     
   195.00000000000000       0.13871636377630431     
   196.00000000000000       0.14097355538198589     
   197.00000000000000       0.14085913482616746     
   198.00000000000000       0.14254147890269275     
   199.00000000000000       0.14386090283060377     
   200.00000000000000       0.14391841151299822     
   201.00000000000000       0.14455921058195192     
   202.00000000000000       0.14434554423311924     
   203.00000000000000       0.14533632948888847     
   204.00000000000000       0.14504277147674033     
   205.00000000000000       0.14619172725672883     
   206.00000000000000       0.14638916818823750     
   207.00000000000000       0.14718075881277098     
   208.00000000000000       0.14848996391183195     
   209.00000000000000       0.14900603665347317     
   210.00000000000000       0.15048359810738896     
   211.00000000000000       0.15236413936195203     
   212.00000000000000       0.15324399417776735     
   213.00000000000000       0.15436550909388383     
   214.00000000000000       0.15509262773842458     
   215.00000000000000       0.15580457395406386     
   216.00000000000000       0.15746485719970296     
   217.00000000000000       0.15852912651453291     
   218.00000000000000       0.16035104640239353     
   219.00000000000000       0.16203696988557978     
   220.00000000000000       0.16314445993146520     
   221.00000000000000       0.16427755531356036     
   222.00000000000000       0.16483461908510350     
   223.00000000000000       0.16520089538953783     
   224.00000000000000       0.16626007752614466     
   225.00000000000000       0.16610307322917175     
   226.00000000000000       0.16611957040635900     
   227.00000000000000       0.16748946869344147     
   228.00000000000000       0.16741250162563392     
   229.00000000000000       0.16924252897175546     
   230.00000000000000       0.17070616224644561     
   231.00000000000000       0.17212659443196912     
   232.00000000000000       0.17367355973276943     
   233.00000000000000       0.17446505904131249     
   234.00000000000000       0.17577388616486242     
   235.00000000000000       0.17676630524642384     
   236.00000000000000       0.17796781505916351     
   237.00000000000000       0.17690603699742705     
   238.00000000000000       0.17798321837535577     
   239.00000000000000       0.17853497761960807     
   240.00000000000000       0.18014104160078126     
   241.00000000000000       0.18193247417780362     
   242.00000000000000       0.18178091122005380     
   243.00000000000000       0.18215253512514545     
   244.00000000000000       0.18323323702632283     
   245.00000000000000       0.18414301586730386     
   246.00000000000000       0.18517870697742309     
   247.00000000000000       0.18665626291977352     
   248.00000000000000       0.18653409853918593     
   249.00000000000000       0.18683714625410011     
   250.00000000000000       0.18730293114627028     
   251.00000000000000       0.18863720367114009     
   252.00000000000000       0.18972777085723533     
   253.00000000000000       0.18949787876610852     
   254.00000000000000       0.19112742307973854     
   255.00000000000000       0.19210939435667965     
   256.00000000000000       0.19351281184889571     
   257.00000000000000       0.19426613111262406     
   258.00000000000000       0.19451523398743015     
   259.00000000000000       0.19485732430831068     
   260.00000000000000       0.19743242819138374     
   261.00000000000000       0.19871874632047024     
   262.00000000000000       0.20201781798982352     
   263.00000000000000       0.20311470348482052     
   264.00000000000000       0.20462685957688653     
   265.00000000000000       0.20519558642818742     
   266.00000000000000       0.20549664000350740     
   267.00000000000000       0.20728680547463307     
   268.00000000000000       0.20945744058350116     
   269.00000000000000       0.20868699947382399     
   270.00000000000000       0.21001652277619134     
   271.00000000000000       0.21262304016932795     
   272.00000000000000       0.21456632636946552     
   273.00000000000000       0.21758360999134652     
   274.00000000000000       0.22050787740643665     
   275.00000000000000       0.22169947451802915     
   276.00000000000000       0.22321046144359569     
   277.00000000000000       0.22291217713964548     
   278.00000000000000       0.22218876644584418     
   279.00000000000000       0.22351988084251059     
   280.00000000000000       0.22548658295107876     
   281.00000000000000       0.22785460243722644     
   282.00000000000000       0.23153223649304797     
   283.00000000000000       0.23668973803918278     
   284.00000000000000       0.23993370285863727     
   285.00000000000000       0.24134246311852564     
   286.00000000000000       0.24046081640261605     
   287.00000000000000       0.24017638928707954     
   288.00000000000000       0.23890309827123968     
   289.00000000000000       0.23805296151965383     
   290.00000000000000       0.23909177854062380     
   291.00000000000000       0.24067835228811627     
   292.00000000000000       0.24303310995416172     
   293.00000000000000       0.24510419646148962     
   294.00000000000000       0.24674916059093543     
   295.00000000000000       0.24688714164255651     
   296.00000000000000       0.24866568074367887     
   297.00000000000000       0.24759809089638818     
   298.00000000000000       0.24969072907179318     
   299.00000000000000       0.24989268095476588     
   300.00000000000000       0.25270078576360783     
   301.00000000000000       0.25327172004645521     
   302.00000000000000       0.25388970919468196     
   303.00000000000000       0.25593415317578028     
   304.00000000000000       0.25695940368195747     
   305.00000000000000       0.25783821149957609     
   306.00000000000000       0.25871781740104738     
   307.00000000000000       0.26013313041446789     
   308.00000000000000       0.26076014972046685     
   309.00000000000000       0.26281656663828556     
   310.00000000000000       0.26372138237732023     
   311.00000000000000       0.26620981514590175     
   312.00000000000000       0.26845632020223731     
   313.00000000000000       0.27144126382373457     
   314.00000000000000       0.27421700488222994     
   315.00000000000000       0.27670055384310865     
   316.00000000000000       0.27940137185691638     
   317.00000000000000       0.28007324043630122     
   318.00000000000000       0.28016675603678198     
   319.00000000000000       0.28293912841619256     
   320.00000000000000       0.28274377219579455     
   321.00000000000000       0.28392913844884660     
   322.00000000000000       0.28492602449921556     
   323.00000000000000       0.28535290474684161     
   324.00000000000000       0.28694268451783900     
   325.00000000000000       0.28825102368802713     
   326.00000000000000       0.29120545248642232     
   327.00000000000000       0.29266217252019650     
   328.00000000000000       0.29499691998074723     
   329.00000000000000       0.29777819213659368     
   330.00000000000000       0.30081830587732244     
   331.00000000000000       0.30420345854356995     
   332.00000000000000       0.30739752620965100     
   333.00000000000000       0.31092525851408287     
   334.00000000000000       0.31523322777774132     
   335.00000000000000       0.31599643314575027     
   336.00000000000000       0.31749117153453726     
   337.00000000000000       0.31827979697894632     
   338.00000000000000       0.31948827977866401     
   339.00000000000000       0.31959018577198817     
   340.00000000000000       0.31756157635482740     
   341.00000000000000       0.31614672831371349     
   342.00000000000000       0.32031623092359501     
   343.00000000000000       0.32205944783102586     
   344.00000000000000       0.32548820584196192     
   345.00000000000000       0.32873561662059542     
   346.00000000000000       0.33257378708526925     
   347.00000000000000       0.33455584760113138     
   348.00000000000000       0.33711832277456510     
   349.00000000000000       0.34077066882739282     
   350.00000000000000       0.34203167598966161     
   351.00000000000000       0.34493690112299402     
   352.00000000000000       0.34912295631586870     
   353.00000000000000       0.35419939350223129     
   354.00000000000000       0.35805219519787373     
   355.00000000000000       0.36107546677870211     
   356.00000000000000       0.36178704422125874     
   357.00000000000000       0.36579284675472723     
   358.00000000000000       0.37032743651818872     
   359.00000000000000       0.37445017001520836     
   360.00000000000000       0.38035027252725001     
   361.00000000000000       0.38402587910900404     
   362.00000000000000       0.38839267124643206     
   363.00000000000000       0.39425608689639546     
   364.00000000000000       0.39720406751886861     
   365.00000000000000       0.40025667591334751     
   366.00000000000000       0.40283673112669449     
   367.00000000000000       0.40602451083328661     
   368.00000000000000       0.40854712053422965     
   369.00000000000000       0.41553690697600826     
   370.00000000000000       0.42487219259977482     
   371.00000000000000       0.42918541662896326     
   372.00000000000000       0.43391026734996996     
   373.00000000000000       0.43652236052183468     
   374.00000000000000       0.44005677832489104     
   375.00000000000000       0.43771114513536441     
   376.00000000000000       0.43716381127616655     
   377.00000000000000       0.43872396388414464     
   378.00000000000000       0.44116261666983136     
   379.00000000000000       0.44966807770962269     
   380.00000000000000       0.45360974137269022     
   381.00000000000000       0.45639462030045319     
   382.00000000000000       0.45891203045876450     
   383.00000000000000       0.46182036693366579     
   384.00000000000000       0.46427554552566086     
   385.00000000000000       0.47148207193191788     
   386.00000000000000       0.48076107128025108     
   387.00000000000000       0.48741711372036384     
   388.00000000000000       0.49962618090880051     
   389.00000000000000       0.50622973440489183     
   390.00000000000000       0.51190287815378133     
   391.00000000000000       0.52036251455348603     
   392.00000000000000       0.52525863493794089     
   393.00000000000000       0.52930726885089463     
   394.00000000000000       0.53439502815390505     
   395.00000000000000       0.54169388851409661     
   396.00000000000000       0.55225790848797129     
   397.00000000000000       0.56249830262137135     
   398.00000000000000       0.57523543097910645     
   399.00000000000000       0.58880680276282638     
   400.00000000000000       0.59601824551027027     
   401.00000000000000       0.60333573995121514     
   402.00000000000000       0.61407967039671529     
   403.00000000000000       0.62502192254044586     
   404.00000000000000       0.63761683664069424     
   405.00000000000000       0.64882396568166001     
   406.00000000000000       0.66510059933236076     
   407.00000000000000       0.68342670896989755     
   408.00000000000000       0.70010922716839552     
   409.00000000000000       0.72308417640400791     
   410.00000000000000       0.74360512876747575     
   411.00000000000000       0.75987471324981148     
   412.00000000000000       0.77969285539223909     
   413.00000000000000       0.79886530394452593     
   414.00000000000000       0.81900950777509229     
   415.00000000000000       0.83737748288286729     
   416.00000000000000       0.85641857634899854     
   417.00000000000000       0.89459270239246114     
   418.00000000000000       0.93303213014935860     
   419.00000000000000       0.97188844686696851     
   420.00000000000000        1.0094591912819570     
   421.00000000000000        1.0526744424663308     
   422.00000000000000        1.0947980892649272     
   423.00000000000000        1.1415395133806188     
   424.00000000000000        1.1955305344945830     
   425.00000000000000        1.2527657618319272     
   426.00000000000000        1.3202842491086657     
   427.00000000000000        1.3897626173716680     
   428.00000000000000        1.4601149201587700     
   429.00000000000000        1.5394546685016524     
   430.00000000000000        1.6334344533330090     
   431.00000000000000        1.7349007278732005     
   432.00000000000000        1.8486847774955182     
   433.00000000000000        1.9678773268672951     
   434.00000000000000        2.1006681202934301     
   435.00000000000000        2.2379882115694802     
   436.00000000000000        2.3996145330975742     
   437.00000000000000        2.5707000316093489     
   438.00000000000000        2.7561962403124967     
   439.00000000000000        2.9574636634821170     
   440.00000000000000        3.1739949145000050     
   441.00000000000000        3.4107652583301071     
   442.00000000000000        3.6688385219349349     
   443.00000000000000        3.9400002689295892     
   444.00000000000000        4.2315636265385201     
   445.00000000000000        4.5156975777479822     
   446.00000000000000        4.8326346591589573     
   447.00000000000000        5.1686555237779670     
   448.00000000000000        5.4979586916191545     
   449.00000000000000        5.8501877494693622     
   450.00000000000000        6.2006414395730571     
   451.00000000000000        6.5813172255234305     
   452.00000000000000        6.9761786542079323     
   453.00000000000000        7.3875365312567576     
   454.00000000000000        7.7873484967843067     
   455.00000000000000        8.1940724118813435     
   456.00000000000000        8.5953340613189226     
   457.00000000000000        9.0081626624321665     
   458.00000000000000        9.4279856767643260     
   459.00000000000000        9.8302868476257625     
   460.00000000000000        10.216955104957322     
   461.00000000000000        10.605467839414290     
   462.00000000000000        11.003163885841682     
   463.00000000000000        11.397338806545001     
   464.00000000000000        11.779475626388908     
   465.00000000000000        12.144432872387217     
   466.00000000000000        12.506871792589914     
   467.00000000000000        12.842685779939979     
   468.00000000000000        13.154972700189422     
   469.00000000000000        13.469868509479380     
   470.00000000000000        13.781941615033968     
   471.00000000000000        14.086561085571557     
   472.00000000000000        14.343621556658947     
   473.00000000000000        14.587458671112842     
   474.00000000000000        14.853984399501028     
   475.00000000000000        15.107468757411597     
   476.00000000000000        15.363511783843288     
   477.00000000000000        15.603780184711898     
   478.00000000000000        15.839537832150457     
   479.00000000000000        16.064663007686921     
   480.00000000000000        16.318821277908228     
   481.00000000000000        16.598215386201836     
   482.00000000000000        16.867463502581117     
   483.00000000000000        17.094511459976577     
   484.00000000000000        17.310262134608678     
   485.00000000000000        17.533175464379084     
   486.00000000000000        17.729821774845533     
   487.00000000000000        17.930337933057103     
   488.00000000000000        18.151898444927493     
   489.00000000000000        18.375420636381918     
   490.00000000000000        18.621620647126701     
   491.00000000000000        18.886980418934929     
   492.00000000000000        19.171857622049696     
   493.00000000000000        19.423870680074156     
   494.00000000000000        19.689409459302766     
   495.00000000000000        19.936588221204730     
   496.00000000000000        20.203595513410558     
   497.00000000000000        20.455518395361370     
   498.00000000000000        20.642257029155822     
   499.00000000000000        20.822071066984297     
   500.00000000000000        21.037312398682356     
   501.00000000000000        21.272978113599439     
