   1.0000000000000000        2.4665509681571807E-004
   2.0000000000000000        7.0354523595885356E-004
   3.0000000000000000        1.1989528762039378E-003
   4.0000000000000000        1.7356602062078264E-003
   5.0000000000000000        2.2870711141381480E-003
   6.0000000000000000        2.8456718299405166E-003
   7.0000000000000000        3.3781030402498351E-003
   8.0000000000000000        3.9206911714336264E-003
   9.0000000000000000        4.5003974384924903E-003
   10.000000000000000        5.0737645986042284E-003
   11.000000000000000        5.6602070720970545E-003
   12.000000000000000        6.2497574249665072E-003
   13.000000000000000        6.8129595245749446E-003
   14.000000000000000        7.4458600098534257E-003
   15.000000000000000        7.9630887494442897E-003
   16.000000000000000        8.5400632730396903E-003
   17.000000000000000        9.1334278999064301E-003
   18.000000000000000        9.6105490845645545E-003
   19.000000000000000        1.0214329626156706E-002
   20.000000000000000        1.0873262446197587E-002
   21.000000000000000        1.1465262517560281E-002
   22.000000000000000        1.2126291236491761E-002
   23.000000000000000        1.2922689462910853E-002
   24.000000000000000        1.3697672129006593E-002
   25.000000000000000        1.4422794191691710E-002
   26.000000000000000        1.4844864229592277E-002
   27.000000000000000        1.5329071806995085E-002
   28.000000000000000        1.5712000399564031E-002
   29.000000000000000        1.6162895358887493E-002
   30.000000000000000        1.6585584231442699E-002
   31.000000000000000        1.7087698089828740E-002
   32.000000000000000        1.7609573707834541E-002
   33.000000000000000        1.8082210028135141E-002
   34.000000000000000        1.8776981225711382E-002
   35.000000000000000        1.9412044519380729E-002
   36.000000000000000        1.9794966891202331E-002
   37.000000000000000        2.0369086713622683E-002
   38.000000000000000        2.0760790353146395E-002
   39.000000000000000        2.1375228230307169E-002
   40.000000000000000        2.1912603827695762E-002
   41.000000000000000        2.2504620137433765E-002
   42.000000000000000        2.3064125751738572E-002
   43.000000000000000        2.3688727096048849E-002
   44.000000000000000        2.4082746984669244E-002
   45.000000000000000        2.4757069370408204E-002
   46.000000000000000        2.5555528608080386E-002
   47.000000000000000        2.5981326922756048E-002
   48.000000000000000        2.6545735711434603E-002
   49.000000000000000        2.7167627264124035E-002
   50.000000000000000        2.7522159055009987E-002
   51.000000000000000        2.7910608420682416E-002
   52.000000000000000        2.8848510589766455E-002
   53.000000000000000        2.9772532635399172E-002
   54.000000000000000        3.1000681129802633E-002
   55.000000000000000        3.2080489339593704E-002
   56.000000000000000        3.3017157672148682E-002
   57.000000000000000        3.3595300859215284E-002
   58.000000000000000        3.3892582790767956E-002
   59.000000000000000        3.3904931502382205E-002
   60.000000000000000        3.4001663857899857E-002
   61.000000000000000        3.4079423046998680E-002
   62.000000000000000        3.4403209588257565E-002
   63.000000000000000        3.4984642637103512E-002
   64.000000000000000        3.5997619068848914E-002
   65.000000000000000        3.6439056055898304E-002
   66.000000000000000        3.6931947558527072E-002
   67.000000000000000        3.7453601596023373E-002
   68.000000000000000        3.8029194502116712E-002
   69.000000000000000        3.8337535743361482E-002
   70.000000000000000        3.9007402726446948E-002
   71.000000000000000        3.9624270730064554E-002
   72.000000000000000        4.0239325600999389E-002
   73.000000000000000        4.0793424007324622E-002
   74.000000000000000        4.1477581616383603E-002
   75.000000000000000        4.1983119707825235E-002
   76.000000000000000        4.2676718294772528E-002
   77.000000000000000        4.3023553463629835E-002
   78.000000000000000        4.3572113353602504E-002
   79.000000000000000        4.4062474908852421E-002
   80.000000000000000        4.4622462860751132E-002
   81.000000000000000        4.5107644895580744E-002
   82.000000000000000        4.5910796999926846E-002
   83.000000000000000        4.6602554635405989E-002
   84.000000000000000        4.6982020756450700E-002
   85.000000000000000        4.7865771470079359E-002
   86.000000000000000        4.8431237242717438E-002
   87.000000000000000        4.9013620759962045E-002
   88.000000000000000        5.0098710453973579E-002
   89.000000000000000        5.0689851453805911E-002
   90.000000000000000        5.1102221557146624E-002
   91.000000000000000        5.1544420658499956E-002
   92.000000000000000        5.1881138884961826E-002
   93.000000000000000        5.2413853509907751E-002
   94.000000000000000        5.2853294312644183E-002
   95.000000000000000        5.4036065749403762E-002
   96.000000000000000        5.4901517737732608E-002
   97.000000000000000        5.5859314336218630E-002
   98.000000000000000        5.6591974368190030E-002
   99.000000000000000        5.7403688614083195E-002
   100.00000000000000        5.7824070499855149E-002
   101.00000000000000        5.8351478380458149E-002
   102.00000000000000        5.8540007745220717E-002
   103.00000000000000        5.8928469211696692E-002
   104.00000000000000        5.9841200257493718E-002
   105.00000000000000        6.0142347141555919E-002
   106.00000000000000        6.0853992687556459E-002
   107.00000000000000        6.1597022502949808E-002
   108.00000000000000        6.2220643308288130E-002
   109.00000000000000        6.2995256576474257E-002
   110.00000000000000        6.3170640881253168E-002
   111.00000000000000        6.3381213824168142E-002
   112.00000000000000        6.4015211560044707E-002
   113.00000000000000        6.4463240376589723E-002
   114.00000000000000        6.4955434415592331E-002
   115.00000000000000        6.5688628222873149E-002
   116.00000000000000        6.6268386575383059E-002
   117.00000000000000        6.6552102464508281E-002
   118.00000000000000        6.6922302113611054E-002
   119.00000000000000        6.7518554399307790E-002
   120.00000000000000        6.7499153381358631E-002
   121.00000000000000        6.8378406140657558E-002
   122.00000000000000        6.9215147725782744E-002
   123.00000000000000        7.0480819668207351E-002
   124.00000000000000        7.1404930519954085E-002
   125.00000000000000        7.1795789971661722E-002
   126.00000000000000        7.2432959924091683E-002
   127.00000000000000        7.2864003992730214E-002
   128.00000000000000        7.3402518136719441E-002
   129.00000000000000        7.3392493256310490E-002
   130.00000000000000        7.3977599748622960E-002
   131.00000000000000        7.4719572832229159E-002
   132.00000000000000        7.5474161766416664E-002
   133.00000000000000        7.5949386179734568E-002
   134.00000000000000        7.6946307340391623E-002
   135.00000000000000        7.7568967353488755E-002
   136.00000000000000        7.7937270848882773E-002
   137.00000000000000        7.8143219345172391E-002
   138.00000000000000        7.8523485692730322E-002
   139.00000000000000        7.9230073898283140E-002
   140.00000000000000        7.9584779670805975E-002
   141.00000000000000        8.0691448696322651E-002
   142.00000000000000        8.2603748413291184E-002
   143.00000000000000        8.4506862342720673E-002
   144.00000000000000        8.6046863865794104E-002
   145.00000000000000        8.7278753180736246E-002
   146.00000000000000        8.7897870273930548E-002
   147.00000000000000        8.7494042264248700E-002
   148.00000000000000        8.7095588265344040E-002
   149.00000000000000        8.7258651802100934E-002
   150.00000000000000        8.7011024704629986E-002
   151.00000000000000        8.7117017826982487E-002
   152.00000000000000        8.9046275745550990E-002
   153.00000000000000        9.0542973364305473E-002
   154.00000000000000        9.1662252869940994E-002
   155.00000000000000        9.2225003141007802E-002
   156.00000000000000        9.2373124234169976E-002
   157.00000000000000        9.2173498824717939E-002
   158.00000000000000        9.2270826363001948E-002
   159.00000000000000        9.2434987115878733E-002
   160.00000000000000        9.3443423913504964E-002
   161.00000000000000        9.4708848730406414E-002
   162.00000000000000        9.4981681083820352E-002
   163.00000000000000        9.5565946508963232E-002
   164.00000000000000        9.6203756579983757E-002
   165.00000000000000        9.6524325594676150E-002
   166.00000000000000        9.6830491451735792E-002
   167.00000000000000        9.7284460746883017E-002
   168.00000000000000        9.8633758467284643E-002
   169.00000000000000        9.9224408816906362E-002
   170.00000000000000       0.10012438640223498     
   171.00000000000000       0.10140881077879918     
   172.00000000000000       0.10261882005352974     
   173.00000000000000       0.10354947388954056     
   174.00000000000000       0.10449095614334916     
   175.00000000000000       0.10484032560915491     
   176.00000000000000       0.10561256326116153     
   177.00000000000000       0.10620056509849454     
   178.00000000000000       0.10592963211024783     
   179.00000000000000       0.10590308240185413     
   180.00000000000000       0.10562486282692891     
   181.00000000000000       0.10584796036730539     
   182.00000000000000       0.10685803410201110     
   183.00000000000000       0.10687703710620639     
   184.00000000000000       0.10808573800123074     
   185.00000000000000       0.10945610206468850     
   186.00000000000000       0.10983487288136951     
   187.00000000000000       0.11063931684757114     
   188.00000000000000       0.11128046763210535     
   189.00000000000000       0.11203562258278024     
   190.00000000000000       0.11299038405836125     
   191.00000000000000       0.11371828933605595     
   192.00000000000000       0.11511855024929296     
   193.00000000000000       0.11665682644626539     
   194.00000000000000       0.11699674105494257     
   195.00000000000000       0.11798876303551932     
   196.00000000000000       0.11822374068225557     
   197.00000000000000       0.11985442628317095     
   198.00000000000000       0.12120157761902149     
   199.00000000000000       0.12214820702162178     
   200.00000000000000       0.12249372834912788     
   201.00000000000000       0.12227213437869411     
   202.00000000000000       0.12257683451451210     
   203.00000000000000       0.12169949094540496     
   204.00000000000000       0.12209435556595702     
   205.00000000000000       0.12244433077089047     
   206.00000000000000       0.12361524779993742     
   207.00000000000000       0.12445031600239576     
   208.00000000000000       0.12484468768062595     
   209.00000000000000       0.12557902290752854     
   210.00000000000000       0.12704543185195979     
   211.00000000000000       0.12810059264914980     
   212.00000000000000       0.12941999918984051     
   213.00000000000000       0.12968203046406016     
   214.00000000000000       0.13011377782869438     
   215.00000000000000       0.13149575665737462     
   216.00000000000000       0.13301919405905066     
   217.00000000000000       0.13369278801882550     
   218.00000000000000       0.13527587272160585     
   219.00000000000000       0.13641434982643341     
   220.00000000000000       0.13816364023898423     
   221.00000000000000       0.13948915424381678     
   222.00000000000000       0.14023409107782783     
   223.00000000000000       0.14018565834663357     
   224.00000000000000       0.14048168456580448     
   225.00000000000000       0.14121760906626271     
   226.00000000000000       0.14185249894818872     
   227.00000000000000       0.14192802097987645     
   228.00000000000000       0.14218107728553328     
   229.00000000000000       0.14400739377888111     
   230.00000000000000       0.14504750017885643     
   231.00000000000000       0.14532524597722410     
   232.00000000000000       0.14647705821443979     
   233.00000000000000       0.14805914587821542     
   234.00000000000000       0.14949537460862655     
   235.00000000000000       0.15050049451524072     
   236.00000000000000       0.15094823878735308     
   237.00000000000000       0.15138397402055620     
   238.00000000000000       0.15118134257973531     
   239.00000000000000       0.15115790771778662     
   240.00000000000000       0.15299343926393602     
   241.00000000000000       0.15295318237495195     
   242.00000000000000       0.15324502102941945     
   243.00000000000000       0.15326864763100054     
   244.00000000000000       0.15376664931748629     
   245.00000000000000       0.15528703530488291     
   246.00000000000000       0.15576789093599783     
   247.00000000000000       0.15539248473007755     
   248.00000000000000       0.15621839179139263     
   249.00000000000000       0.15646617915355562     
   250.00000000000000       0.15713521743100706     
   251.00000000000000       0.15823172161978979     
   252.00000000000000       0.15812757855167539     
   253.00000000000000       0.15806824564882024     
   254.00000000000000       0.15884938183413719     
   255.00000000000000       0.15974311444709258     
   256.00000000000000       0.15997635928730630     
   257.00000000000000       0.16041179624825963     
   258.00000000000000       0.16066007818500605     
   259.00000000000000       0.16207506699263585     
   260.00000000000000       0.16272176360551988     
   261.00000000000000       0.16414374750423455     
   262.00000000000000       0.16515179243542230     
   263.00000000000000       0.16711569886005825     
   264.00000000000000       0.16938037557621119     
   265.00000000000000       0.17043619999657361     
   266.00000000000000       0.17135150515188091     
   267.00000000000000       0.17225939020544165     
   268.00000000000000       0.17313711804505419     
   269.00000000000000       0.17352201934298195     
   270.00000000000000       0.17363630289434506     
   271.00000000000000       0.17468462733235759     
   272.00000000000000       0.17648917132015035     
   273.00000000000000       0.18016473571502620     
   274.00000000000000       0.18141322779911120     
   275.00000000000000       0.18213322688467828     
   276.00000000000000       0.18272666860670800     
   277.00000000000000       0.18306145901707210     
   278.00000000000000       0.18137911190683445     
   279.00000000000000       0.18188031494875512     
   280.00000000000000       0.18291545647467061     
   281.00000000000000       0.18520539727237054     
   282.00000000000000       0.18949074627327556     
   283.00000000000000       0.19343172791687205     
   284.00000000000000       0.19700102049877288     
   285.00000000000000       0.19787035226531619     
   286.00000000000000       0.19683702738944894     
   287.00000000000000       0.19594145247498501     
   288.00000000000000       0.19443647919429399     
   289.00000000000000       0.19556699693431656     
   290.00000000000000       0.19613514257168174     
   291.00000000000000       0.19786565365957953     
   292.00000000000000       0.19939097414813334     
   293.00000000000000       0.20149306538061154     
   294.00000000000000       0.20360898712877745     
   295.00000000000000       0.20352929798685870     
   296.00000000000000       0.20328389008041098     
   297.00000000000000       0.20368429251571826     
   298.00000000000000       0.20359355120632239     
   299.00000000000000       0.20406952762489547     
   300.00000000000000       0.20437771557650278     
   301.00000000000000       0.20514218930787084     
   302.00000000000000       0.20490871806954775     
   303.00000000000000       0.20598241924953778     
   304.00000000000000       0.20672663375392156     
   305.00000000000000       0.20825154804907409     
   306.00000000000000       0.20973594896634343     
   307.00000000000000       0.21069173381489292     
   308.00000000000000       0.21092855525473161     
   309.00000000000000       0.21226618473170206     
   310.00000000000000       0.21327276409764859     
   311.00000000000000       0.21503242191107994     
   312.00000000000000       0.21735934355723202     
   313.00000000000000       0.21905384169777406     
   314.00000000000000       0.22169412072791841     
   315.00000000000000       0.22314704796836765     
   316.00000000000000       0.22338129599612441     
   317.00000000000000       0.22614417716061103     
   318.00000000000000       0.22724610434510928     
   319.00000000000000       0.22863532064826364     
   320.00000000000000       0.22968246491251629     
   321.00000000000000       0.22955913674906953     
   322.00000000000000       0.22994776569809838     
   323.00000000000000       0.23148287700129319     
   324.00000000000000       0.23104534315996272     
   325.00000000000000       0.23256877237067108     
   326.00000000000000       0.23560204215328759     
   327.00000000000000       0.23751575393248262     
   328.00000000000000       0.24092004375310438     
   329.00000000000000       0.24410250029148725     
   330.00000000000000       0.24560949757904979     
   331.00000000000000       0.24831389577386320     
   332.00000000000000       0.25053406151141483     
   333.00000000000000       0.25316096763929136     
   334.00000000000000       0.25481467739820640     
   335.00000000000000       0.25731662526752058     
   336.00000000000000       0.26027602350457002     
   337.00000000000000       0.26061517588366856     
   338.00000000000000       0.26189200456464579     
   339.00000000000000       0.26122409996314910     
   340.00000000000000       0.26108278796471462     
   341.00000000000000       0.25958744118214638     
   342.00000000000000       0.26024893809368133     
   343.00000000000000       0.26096164499057006     
   344.00000000000000       0.26402595381752131     
   345.00000000000000       0.26602535424861434     
   346.00000000000000       0.26959254589710707     
   347.00000000000000       0.27158915587244381     
   348.00000000000000       0.27311454986512718     
   349.00000000000000       0.27620439267390434     
   350.00000000000000       0.27787381290983065     
   351.00000000000000       0.27973411225807066     
   352.00000000000000       0.28258973831888456     
   353.00000000000000       0.28549748495058058     
   354.00000000000000       0.28798259343354926     
   355.00000000000000       0.29048415450900827     
   356.00000000000000       0.29324489970714068     
   357.00000000000000       0.29553978810659320     
   358.00000000000000       0.29893694062685544     
   359.00000000000000       0.30450223247809471     
   360.00000000000000       0.30969686327338691     
   361.00000000000000       0.31550938408531837     
   362.00000000000000       0.32083051767315079     
   363.00000000000000       0.32533919486644391     
   364.00000000000000       0.32997231120282799     
   365.00000000000000       0.33250072557088900     
   366.00000000000000       0.33645442594771863     
   367.00000000000000       0.33775252995315086     
   368.00000000000000       0.34116585859042092     
   369.00000000000000       0.34712697534942899     
   370.00000000000000       0.35303621189331741     
   371.00000000000000       0.35691153494815236     
   372.00000000000000       0.35804481964299784     
   373.00000000000000       0.35985196294220417     
   374.00000000000000       0.36069412224919217     
   375.00000000000000       0.36146932606236754     
   376.00000000000000       0.36058809645824519     
   377.00000000000000       0.36190411036641551     
   378.00000000000000       0.36738085109000806     
   379.00000000000000       0.36946405503352897     
   380.00000000000000       0.37426180422638372     
   381.00000000000000       0.37733634264774746     
   382.00000000000000       0.38189041731734080     
   383.00000000000000       0.38496939314075895     
   384.00000000000000       0.38971428668009339     
   385.00000000000000       0.39395585199380312     
   386.00000000000000       0.39962179619225258     
   387.00000000000000       0.40628972768359572     
   388.00000000000000       0.41595531452840362     
   389.00000000000000       0.42377154145534551     
   390.00000000000000       0.42845962602719367     
   391.00000000000000       0.43197727668317676     
   392.00000000000000       0.43473000755872754     
   393.00000000000000       0.43740935850314394     
   394.00000000000000       0.44425418440318809     
   395.00000000000000       0.45219292761357638     
   396.00000000000000       0.45871949169531556     
   397.00000000000000       0.46934169277400239     
   398.00000000000000       0.47853609575683098     
   399.00000000000000       0.48755102624893631     
   400.00000000000000       0.49615023714429851     
   401.00000000000000       0.50465751516527335     
   402.00000000000000       0.51387649239134459     
   403.00000000000000       0.52318115054277858     
   404.00000000000000       0.53463835098150569     
   405.00000000000000       0.54665183280203722     
   406.00000000000000       0.56214703232189400     
   407.00000000000000       0.57591547621032402     
   408.00000000000000       0.59299813779572674     
   409.00000000000000       0.60983921911225947     
   410.00000000000000       0.62898854804623794     
   411.00000000000000       0.65042610573278348     
   412.00000000000000       0.66639490326852235     
   413.00000000000000       0.68071013029797323     
   414.00000000000000       0.69961846673264372     
   415.00000000000000       0.72152653373876297     
   416.00000000000000       0.74765307882554621     
   417.00000000000000       0.77449379030013288     
   418.00000000000000       0.80875678015824470     
   419.00000000000000       0.84721904948888127     
   420.00000000000000       0.88403958485147538     
   421.00000000000000       0.92092929969312665     
   422.00000000000000       0.96015763290099176     
   423.00000000000000       0.99842230632410167     
   424.00000000000000        1.0473124811270684     
   425.00000000000000        1.1072738293679352     
   426.00000000000000        1.1730375187316933     
   427.00000000000000        1.2425080489754465     
   428.00000000000000        1.3157821414826605     
   429.00000000000000        1.3888980364389449     
   430.00000000000000        1.4706119075052899     
   431.00000000000000        1.5669172011689962     
   432.00000000000000        1.6747141254022291     
   433.00000000000000        1.7951552141990761     
   434.00000000000000        1.9190936526698168     
   435.00000000000000        2.0528285033955895     
   436.00000000000000        2.1910218272597937     
   437.00000000000000        2.3527710702131874     
   438.00000000000000        2.5265006827216663     
   439.00000000000000        2.7113488213354766     
   440.00000000000000        2.9170225069538960     
   441.00000000000000        3.1453739489167321     
   442.00000000000000        3.3889960925939513     
   443.00000000000000        3.6502653862737664     
   444.00000000000000        3.9166497719198343     
   445.00000000000000        4.2085439242370279     
   446.00000000000000        4.5065386923567541     
   447.00000000000000        4.8099049815350110     
   448.00000000000000        5.1315952082290641     
   449.00000000000000        5.4562852035639562     
   450.00000000000000        5.7954051146205972     
   451.00000000000000        6.1520638070285560     
   452.00000000000000        6.5227196800688505     
   453.00000000000000        6.8949848943529028     
   454.00000000000000        7.2667897586107033     
   455.00000000000000        7.6491516577565664     
   456.00000000000000        8.0448141958751211     
   457.00000000000000        8.4488203630447067     
   458.00000000000000        8.8340661547316621     
   459.00000000000000        9.2066231570634169     
   460.00000000000000        9.5821809027002214     
   461.00000000000000        9.9499171326182285     
   462.00000000000000        10.320055010920132     
   463.00000000000000        10.696330842363775     
   464.00000000000000        11.055270977641637     
   465.00000000000000        11.395883434691326     
   466.00000000000000        11.720396441148328     
   467.00000000000000        12.038916963225574     
   468.00000000000000        12.329674014818579     
   469.00000000000000        12.614738804521238     
   470.00000000000000        12.888757806667961     
   471.00000000000000        13.155482530709495     
   472.00000000000000        13.410931022691772     
   473.00000000000000        13.627820081506265     
   474.00000000000000        13.851437635927121     
   475.00000000000000        14.071921038929885     
   476.00000000000000        14.312026288655209     
   477.00000000000000        14.549372930894503     
   478.00000000000000        14.767212325543332     
   479.00000000000000        14.984640498205030     
   480.00000000000000        15.212803242922801     
   481.00000000000000        15.428323597532632     
   482.00000000000000        15.661202670577620     
   483.00000000000000        15.889117801812571     
   484.00000000000000        16.092283454157680     
   485.00000000000000        16.283113231412859     
   486.00000000000000        16.435708314464339     
   487.00000000000000        16.599341158484219     
   488.00000000000000        16.812254549394577     
   489.00000000000000        17.024937381984234     
   490.00000000000000        17.237567685979499     
   491.00000000000000        17.456175754618123     
   492.00000000000000        17.691501846529363     
   493.00000000000000        17.916747592857696     
   494.00000000000000        18.132450401864350     
   495.00000000000000        18.361454573683218     
   496.00000000000000        18.586211505072324     
   497.00000000000000        18.798782258938243     
   498.00000000000000        18.970444484704537     
   499.00000000000000        19.122922570225281     
   500.00000000000000        19.310718769148835     
   501.00000000000000        19.543119942186294     
