   1.0000000000000000        2.5086605040406561E-004
   2.0000000000000000        6.7639658164317623E-004
   3.0000000000000000        1.1480090403258208E-003
   4.0000000000000000        1.6686231060988941E-003
   5.0000000000000000        2.1756202802984538E-003
   6.0000000000000000        2.7119360685107455E-003
   7.0000000000000000        3.2221014304618075E-003
   8.0000000000000000        3.7380136143698828E-003
   9.0000000000000000        4.2875450628390302E-003
   10.000000000000000        4.8324159032831319E-003
   11.000000000000000        5.4001181061114267E-003
   12.000000000000000        5.9793445407837773E-003
   13.000000000000000        6.5099182362283606E-003
   14.000000000000000        7.1026850088684286E-003
   15.000000000000000        7.6121567790757199E-003
   16.000000000000000        8.1410968860999230E-003
   17.000000000000000        8.7204274147702366E-003
   18.000000000000000        9.2398821987029027E-003
   19.000000000000000        9.7506262828398974E-003
   20.000000000000000        1.0311953060376480E-002
   21.000000000000000        1.0843181937673484E-002
   22.000000000000000        1.1526946946498605E-002
   23.000000000000000        1.2291420654761595E-002
   24.000000000000000        1.3015715813311910E-002
   25.000000000000000        1.3654445377723754E-002
   26.000000000000000        1.4149257384736214E-002
   27.000000000000000        1.4577354840677050E-002
   28.000000000000000        1.4955599636831898E-002
   29.000000000000000        1.5393948280394337E-002
   30.000000000000000        1.5784732864603673E-002
   31.000000000000000        1.6297856302977237E-002
   32.000000000000000        1.6733405242831775E-002
   33.000000000000000        1.7306859828241226E-002
   34.000000000000000        1.7872903259759276E-002
   35.000000000000000        1.8387565320038175E-002
   36.000000000000000        1.8813673696905033E-002
   37.000000000000000        1.9372463693864271E-002
   38.000000000000000        1.9825723473057822E-002
   39.000000000000000        2.0327128788458736E-002
   40.000000000000000        2.0828033213715083E-002
   41.000000000000000        2.1208785050360578E-002
   42.000000000000000        2.1759969766140606E-002
   43.000000000000000        2.2306965984381109E-002
   44.000000000000000        2.2961361432770770E-002
   45.000000000000000        2.3500379247910475E-002
   46.000000000000000        2.4207326503338632E-002
   47.000000000000000        2.4784234830577710E-002
   48.000000000000000        2.5439576211675276E-002
   49.000000000000000        2.5764312614937522E-002
   50.000000000000000        2.6343866171635540E-002
   51.000000000000000        2.6601927857940775E-002
   52.000000000000000        2.7281865582403836E-002
   53.000000000000000        2.8078917600937576E-002
   54.000000000000000        2.9274857613443454E-002
   55.000000000000000        3.0587600896258227E-002
   56.000000000000000        3.1462107963637374E-002
   57.000000000000000        3.1848467765063594E-002
   58.000000000000000        3.2018811488266088E-002
   59.000000000000000        3.2079923059539085E-002
   60.000000000000000        3.2201212321030362E-002
   61.000000000000000        3.2339008301600830E-002
   62.000000000000000        3.2686751187620433E-002
   63.000000000000000        3.3446367753771182E-002
   64.000000000000000        3.4077080204007494E-002
   65.000000000000000        3.4561244838988855E-002
   66.000000000000000        3.4890862828744554E-002
   67.000000000000000        3.5519875633563035E-002
   68.000000000000000        3.5896488813121900E-002
   69.000000000000000        3.6294390594541585E-002
   70.000000000000000        3.6743410312811496E-002
   71.000000000000000        3.7392414229331608E-002
   72.000000000000000        3.8138348680534825E-002
   73.000000000000000        3.8941691162205777E-002
   74.000000000000000        3.9439480167219786E-002
   75.000000000000000        4.0129302565161652E-002
   76.000000000000000        4.0388132747712739E-002
   77.000000000000000        4.0810625046724426E-002
   78.000000000000000        4.1210120509458527E-002
   79.000000000000000        4.1606115685886853E-002
   80.000000000000000        4.2119374352004441E-002
   81.000000000000000        4.2873179260534813E-002
   82.000000000000000        4.3427187552906588E-002
   83.000000000000000        4.4062781508872294E-002
   84.000000000000000        4.4688035537464373E-002
   85.000000000000000        4.5268400982528739E-002
   86.000000000000000        4.5764680808130245E-002
   87.000000000000000        4.6525431002324417E-002
   88.000000000000000        4.7364713417024043E-002
   89.000000000000000        4.8081229600486747E-002
   90.000000000000000        4.8536447762834306E-002
   91.000000000000000        4.8864004873683559E-002
   92.000000000000000        4.9434901629045978E-002
   93.000000000000000        4.9587676787726208E-002
   94.000000000000000        5.0188407497447934E-002
   95.000000000000000        5.0917007167568765E-002
   96.000000000000000        5.2151871144187789E-002
   97.000000000000000        5.3058901965710344E-002
   98.000000000000000        5.3925260079239729E-002
   99.000000000000000        5.4413230855534060E-002
   100.00000000000000        5.4947847287229651E-002
   101.00000000000000        5.5508928706337085E-002
   102.00000000000000        5.5442842795340466E-002
   103.00000000000000        5.5997148497113611E-002
   104.00000000000000        5.6560336707358383E-002
   105.00000000000000        5.7538234253719914E-002
   106.00000000000000        5.8198961862354744E-002
   107.00000000000000        5.8910848755862617E-002
   108.00000000000000        5.9603889375258831E-002
   109.00000000000000        5.9742585155676847E-002
   110.00000000000000        6.0199678616552760E-002
   111.00000000000000        6.0525223981029448E-002
   112.00000000000000        6.1073568414766535E-002
   113.00000000000000        6.1375912550909954E-002
   114.00000000000000        6.1882768423265483E-002
   115.00000000000000        6.2383863560376916E-002
   116.00000000000000        6.3206851914415996E-002
   117.00000000000000        6.3597299140740096E-002
   118.00000000000000        6.3800806397879453E-002
   119.00000000000000        6.4496600640292834E-002
   120.00000000000000        6.4828491716839576E-002
   121.00000000000000        6.5554173398863519E-002
   122.00000000000000        6.6426876966116849E-002
   123.00000000000000        6.7195562517715468E-002
   124.00000000000000        6.7814977706705304E-002
   125.00000000000000        6.8758277046461036E-002
   126.00000000000000        6.9466739482285364E-002
   127.00000000000000        6.9691699843864904E-002
   128.00000000000000        7.0336882874747209E-002
   129.00000000000000        7.0462428352319223E-002
   130.00000000000000        7.1027082002613484E-002
   131.00000000000000        7.1477646276631890E-002
   132.00000000000000        7.1804448191835207E-002
   133.00000000000000        7.2733534647750425E-002
   134.00000000000000        7.3408041037331478E-002
   135.00000000000000        7.3982411978325960E-002
   136.00000000000000        7.4508971920949477E-002
   137.00000000000000        7.4486879512950521E-002
   138.00000000000000        7.4549741871522718E-002
   139.00000000000000        7.5366419168221482E-002
   140.00000000000000        7.5993947644987930E-002
   141.00000000000000        7.7020668515546564E-002
   142.00000000000000        7.8774284137112821E-002
   143.00000000000000        8.0593212844987869E-002
   144.00000000000000        8.2357327163231395E-002
   145.00000000000000        8.3496918206703657E-002
   146.00000000000000        8.4130822745762529E-002
   147.00000000000000        8.3889551215027044E-002
   148.00000000000000        8.3182883680851125E-002
   149.00000000000000        8.2516583933342547E-002
   150.00000000000000        8.2373897424624629E-002
   151.00000000000000        8.3265577917870148E-002
   152.00000000000000        8.4296004615729989E-002
   153.00000000000000        8.5374628991267340E-002
   154.00000000000000        8.6827618775540960E-002
   155.00000000000000        8.7560370893556241E-002
   156.00000000000000        8.7705660114747022E-002
   157.00000000000000        8.7712712857302089E-002
   158.00000000000000        8.7639783637547125E-002
   159.00000000000000        8.8199512171704492E-002
   160.00000000000000        8.8882950783473233E-002
   161.00000000000000        9.0175759505225883E-002
   162.00000000000000        9.0841127470819530E-002
   163.00000000000000        9.1284936782556336E-002
   164.00000000000000        9.1950884082744377E-002
   165.00000000000000        9.1684195710253297E-002
   166.00000000000000        9.1765622690448814E-002
   167.00000000000000        9.2674173133954554E-002
   168.00000000000000        9.3427950954099726E-002
   169.00000000000000        9.4801338600757512E-002
   170.00000000000000        9.5933621283669265E-002
   171.00000000000000        9.6494844113937786E-002
   172.00000000000000        9.8027170157320959E-002
   173.00000000000000        9.8937848357324984E-002
   174.00000000000000        9.9702809081188587E-002
   175.00000000000000       0.10035762068631446     
   176.00000000000000       0.10073836992333089     
   177.00000000000000       0.10122716697159544     
   178.00000000000000       0.10077503744644291     
   179.00000000000000       0.10070253333935276     
   180.00000000000000       0.10070622360819644     
   181.00000000000000       0.10086848362640294     
   182.00000000000000       0.10125036752352984     
   183.00000000000000       0.10199628623137826     
   184.00000000000000       0.10288157280162442     
   185.00000000000000       0.10393213260859126     
   186.00000000000000       0.10505885637547850     
   187.00000000000000       0.10611375908094926     
   188.00000000000000       0.10642891756248933     
   189.00000000000000       0.10762579198615943     
   190.00000000000000       0.10860414707432174     
   191.00000000000000       0.10893733075922915     
   192.00000000000000       0.11000126796184920     
   193.00000000000000       0.11110968090776201     
   194.00000000000000       0.11203039242983008     
   195.00000000000000       0.11333314912874033     
   196.00000000000000       0.11425202141641469     
   197.00000000000000       0.11574879337005338     
   198.00000000000000       0.11649665691870698     
   199.00000000000000       0.11738353655788521     
   200.00000000000000       0.11816991383520600     
   201.00000000000000       0.11817102061935930     
   202.00000000000000       0.11793956668384412     
   203.00000000000000       0.11794855618538894     
   204.00000000000000       0.11806953691414437     
   205.00000000000000       0.11851808272827313     
   206.00000000000000       0.11932061897893539     
   207.00000000000000       0.11985960208390348     
   208.00000000000000       0.12122869318531838     
   209.00000000000000       0.12168745846900371     
   210.00000000000000       0.12299265427106996     
   211.00000000000000       0.12356800083662720     
   212.00000000000000       0.12395825710757033     
   213.00000000000000       0.12499709568600209     
   214.00000000000000       0.12558533810591538     
   215.00000000000000       0.12606197118895091     
   216.00000000000000       0.12684979102093943     
   217.00000000000000       0.12843439778086577     
   218.00000000000000       0.12936023890774584     
   219.00000000000000       0.13057593018744892     
   220.00000000000000       0.13212116004079469     
   221.00000000000000       0.13363973810699564     
   222.00000000000000       0.13376049678041210     
   223.00000000000000       0.13417966581877425     
   224.00000000000000       0.13457805611865958     
   225.00000000000000       0.13534874637427033     
   226.00000000000000       0.13612725744963194     
   227.00000000000000       0.13594593351154557     
   228.00000000000000       0.13687126352490359     
   229.00000000000000       0.13744032212595053     
   230.00000000000000       0.13913343100976261     
   231.00000000000000       0.13999181689281320     
   232.00000000000000       0.14113330565123283     
   233.00000000000000       0.14199433605182318     
   234.00000000000000       0.14339530781532395     
   235.00000000000000       0.14442735436258095     
   236.00000000000000       0.14409847037631970     
   237.00000000000000       0.14421339430917679     
   238.00000000000000       0.14407518010355672     
   239.00000000000000       0.14492363960732726     
   240.00000000000000       0.14588630424350590     
   241.00000000000000       0.14664412828853243     
   242.00000000000000       0.14723454373658926     
   243.00000000000000       0.14832969608823141     
   244.00000000000000       0.14770893168834781     
   245.00000000000000       0.14869729146919985     
   246.00000000000000       0.15021362951620396     
   247.00000000000000       0.15029968333767613     
   248.00000000000000       0.14984758214254434     
   249.00000000000000       0.14980017120810230     
   250.00000000000000       0.14969206029973606     
   251.00000000000000       0.15036104283179949     
   252.00000000000000       0.15075549918827544     
   253.00000000000000       0.15144045893200442     
   254.00000000000000       0.15190659391543301     
   255.00000000000000       0.15275716135421788     
   256.00000000000000       0.15364233911634173     
   257.00000000000000       0.15356810343310942     
   258.00000000000000       0.15371599129172508     
   259.00000000000000       0.15450065366422111     
   260.00000000000000       0.15607484804222618     
   261.00000000000000       0.15785828927739318     
   262.00000000000000       0.15884288205386710     
   263.00000000000000       0.16132924059939252     
   264.00000000000000       0.16189835430139715     
   265.00000000000000       0.16268339614790131     
   266.00000000000000       0.16411394863410711     
   267.00000000000000       0.16408679081343103     
   268.00000000000000       0.16307185451841738     
   269.00000000000000       0.16334278298721472     
   270.00000000000000       0.16451521587220336     
   271.00000000000000       0.16521852195065287     
   272.00000000000000       0.16827029735260343     
   273.00000000000000       0.17177324421144660     
   274.00000000000000       0.17396355960616153     
   275.00000000000000       0.17520907142232728     
   276.00000000000000       0.17473476829245960     
   277.00000000000000       0.17427155279102749     
   278.00000000000000       0.17448941554371952     
   279.00000000000000       0.17326007323109829     
   280.00000000000000       0.17383608806346160     
   281.00000000000000       0.17684865536034039     
   282.00000000000000       0.18116762655310967     
   283.00000000000000       0.18522505176824650     
   284.00000000000000       0.18831392971963928     
   285.00000000000000       0.19040108245156045     
   286.00000000000000       0.18935386311260347     
   287.00000000000000       0.18748075488522392     
   288.00000000000000       0.18650710089364295     
   289.00000000000000       0.18561449539318314     
   290.00000000000000       0.18678214812549759     
   291.00000000000000       0.18906254116013965     
   292.00000000000000       0.19080758936518463     
   293.00000000000000       0.19310447842516315     
   294.00000000000000       0.19354760794547066     
   295.00000000000000       0.19491805445386037     
   296.00000000000000       0.19515095691061479     
   297.00000000000000       0.19436717796558567     
   298.00000000000000       0.19389603508560588     
   299.00000000000000       0.19367209358584572     
   300.00000000000000       0.19435622631287788     
   301.00000000000000       0.19508646253924153     
   302.00000000000000       0.19593633035833621     
   303.00000000000000       0.19683103137514724     
   304.00000000000000       0.19755420606277324     
   305.00000000000000       0.19690382067158727     
   306.00000000000000       0.19757167451829694     
   307.00000000000000       0.19867663359639079     
   308.00000000000000       0.20122793188093380     
   309.00000000000000       0.20151287047284788     
   310.00000000000000       0.20280947611258157     
   311.00000000000000       0.20490670920740606     
   312.00000000000000       0.20663267445903860     
   313.00000000000000       0.20902917593409029     
   314.00000000000000       0.21011706679992709     
   315.00000000000000       0.21064546345274435     
   316.00000000000000       0.21239223688576586     
   317.00000000000000       0.21255426590760293     
   318.00000000000000       0.21498289132900902     
   319.00000000000000       0.21616062339473302     
   320.00000000000000       0.21617836308677865     
   321.00000000000000       0.21569902061392535     
   322.00000000000000       0.21672493461453485     
   323.00000000000000       0.21812492296021752     
   324.00000000000000       0.21963536115108340     
   325.00000000000000       0.22055830255933873     
   326.00000000000000       0.22146891082923439     
   327.00000000000000       0.22216534404493957     
   328.00000000000000       0.22443891131810223     
   329.00000000000000       0.22733583826512663     
   330.00000000000000       0.22892053247652985     
   331.00000000000000       0.23047522164943660     
   332.00000000000000       0.23309757881047294     
   333.00000000000000       0.23542380899768658     
   334.00000000000000       0.23818548044478779     
   335.00000000000000       0.23992376724445857     
   336.00000000000000       0.24005052296613200     
   337.00000000000000       0.24206498319282010     
   338.00000000000000       0.24172218869408224     
   339.00000000000000       0.24110128202239947     
   340.00000000000000       0.23871867954222364     
   341.00000000000000       0.23925862014330837     
   342.00000000000000       0.23861060892705854     
   343.00000000000000       0.24106288740929793     
   344.00000000000000       0.24419267760109073     
   345.00000000000000       0.24665358672028079     
   346.00000000000000       0.25059899575365346     
   347.00000000000000       0.25365523822201402     
   348.00000000000000       0.25534348486361741     
   349.00000000000000       0.25608558932734071     
   350.00000000000000       0.25769183096127646     
   351.00000000000000       0.25960837031090550     
   352.00000000000000       0.26175490921114009     
   353.00000000000000       0.26560901856243352     
   354.00000000000000       0.26867163159493185     
   355.00000000000000       0.27136684759429575     
   356.00000000000000       0.27471175696067879     
   357.00000000000000       0.27660425023868002     
   358.00000000000000       0.27906877287502641     
   359.00000000000000       0.28126566187481433     
   360.00000000000000       0.28460106847755978     
   361.00000000000000       0.29081315932649848     
   362.00000000000000       0.29594386700411141     
   363.00000000000000       0.30158076713889254     
   364.00000000000000       0.30423816911010459     
   365.00000000000000       0.30567764942087322     
   366.00000000000000       0.30697118192921630     
   367.00000000000000       0.31172185862450302     
   368.00000000000000       0.31572955489778015     
   369.00000000000000       0.32055689272307891     
   370.00000000000000       0.32484585867330446     
   371.00000000000000       0.33014106907627944     
   372.00000000000000       0.33446550810329367     
   373.00000000000000       0.33435281896190883     
   374.00000000000000       0.33252650549602958     
   375.00000000000000       0.33204092408774677     
   376.00000000000000       0.33261235471379191     
   377.00000000000000       0.33303680838978322     
   378.00000000000000       0.33597685096382396     
   379.00000000000000       0.33949980233642058     
   380.00000000000000       0.34351156006672323     
   381.00000000000000       0.34718950940865856     
   382.00000000000000       0.34807754242428030     
   383.00000000000000       0.35151628974486054     
   384.00000000000000       0.35586008355663673     
   385.00000000000000       0.35950191717570645     
   386.00000000000000       0.36556214195628461     
   387.00000000000000       0.37274556405532083     
   388.00000000000000       0.38100086855982190     
   389.00000000000000       0.38810572886588857     
   390.00000000000000       0.39279759755390015     
   391.00000000000000       0.39684486023466226     
   392.00000000000000       0.40043324224799021     
   393.00000000000000       0.40419754250864626     
   394.00000000000000       0.40900840887677614     
   395.00000000000000       0.41350649173297760     
   396.00000000000000       0.42193875020977595     
   397.00000000000000       0.43397828807390509     
   398.00000000000000       0.44435605082448587     
   399.00000000000000       0.45170806088878723     
   400.00000000000000       0.45809686419238593     
   401.00000000000000       0.46736912781307038     
   402.00000000000000       0.47518879710194711     
   403.00000000000000       0.48515075888890424     
   404.00000000000000       0.49594511757882559     
   405.00000000000000       0.50914709796737556     
   406.00000000000000       0.52162092036595054     
   407.00000000000000       0.53586216193876113     
   408.00000000000000       0.55255264264963200     
   409.00000000000000       0.57052803355282566     
   410.00000000000000       0.58689085853681777     
   411.00000000000000       0.60390918684723471     
   412.00000000000000       0.62137140780529987     
   413.00000000000000       0.63720252487206686     
   414.00000000000000       0.65185454103844109     
   415.00000000000000       0.67182783451143024     
   416.00000000000000       0.69557910901501652     
   417.00000000000000       0.72118970604531507     
   418.00000000000000       0.75397318440992744     
   419.00000000000000       0.79006715762596136     
   420.00000000000000       0.82968570128561336     
   421.00000000000000       0.86163165231787620     
   422.00000000000000       0.89760009369444993     
   423.00000000000000       0.93658414771867338     
   424.00000000000000       0.98257571262920829     
   425.00000000000000        1.0423934606755574     
   426.00000000000000        1.1053096819542634     
   427.00000000000000        1.1662576588025684     
   428.00000000000000        1.2318896609183585     
   429.00000000000000        1.3024105885862287     
   430.00000000000000        1.3865987556368142     
   431.00000000000000        1.4835720506844419     
   432.00000000000000        1.5914526174187487     
   433.00000000000000        1.7083724319506419     
   434.00000000000000        1.8245622240329749     
   435.00000000000000        1.9513435095393536     
   436.00000000000000        2.0986964777677466     
   437.00000000000000        2.2517410714638921     
   438.00000000000000        2.4192343075694422     
   439.00000000000000        2.6053708111843847     
   440.00000000000000        2.8104809694837312     
   441.00000000000000        3.0227693998763709     
   442.00000000000000        3.2597057704526713     
   443.00000000000000        3.5068783860321138     
   444.00000000000000        3.7644275485761538     
   445.00000000000000        4.0312646383826563     
   446.00000000000000        4.3141295269047522     
   447.00000000000000        4.6046365342093667     
   448.00000000000000        4.9122726389550992     
   449.00000000000000        5.2396444513408991     
   450.00000000000000        5.5702347932116671     
   451.00000000000000        5.9178536600170428     
   452.00000000000000        6.2816688407368453     
   453.00000000000000        6.6530698283015353     
   454.00000000000000        7.0275893946430603     
   455.00000000000000        7.3889972978730603     
   456.00000000000000        7.7520105630441440     
   457.00000000000000        8.1398098596322619     
   458.00000000000000        8.5183542245893396     
   459.00000000000000        8.8635059046968241     
   460.00000000000000        9.2053388869184545     
   461.00000000000000        9.5498418476908018     
   462.00000000000000        9.9043716427643904     
   463.00000000000000        10.256859317573426     
   464.00000000000000        10.581268389087841     
   465.00000000000000        10.898930039822240     
   466.00000000000000        11.219727276890060     
   467.00000000000000        11.520488133944280     
   468.00000000000000        11.803484795308504     
   469.00000000000000        12.079408371665329     
   470.00000000000000        12.360389939087693     
   471.00000000000000        12.622563976159427     
   472.00000000000000        12.841617176113212     
   473.00000000000000        13.055252780792477     
   474.00000000000000        13.244697461466817     
   475.00000000000000        13.449162862847327     
   476.00000000000000        13.678310346840432     
   477.00000000000000        13.891348390631066     
   478.00000000000000        14.087973967342439     
   479.00000000000000        14.293276149144797     
   480.00000000000000        14.478882439224122     
   481.00000000000000        14.658970934024646     
   482.00000000000000        14.839949736587007     
   483.00000000000000        15.048658879646990     
   484.00000000000000        15.241270541825337     
   485.00000000000000        15.399797529008938     
   486.00000000000000        15.545366940426348     
   487.00000000000000        15.684599396394193     
   488.00000000000000        15.847532710033992     
   489.00000000000000        16.032898288519355     
   490.00000000000000        16.229872560285088     
   491.00000000000000        16.453484712494468     
   492.00000000000000        16.688888163088841     
   493.00000000000000        16.904813896420901     
   494.00000000000000        17.097700351902198     
   495.00000000000000        17.271738282343051     
   496.00000000000000        17.436611096748670     
   497.00000000000000        17.626528247774665     
   498.00000000000000        17.787092776979499     
   499.00000000000000        17.934708015759881     
   500.00000000000000        18.086425901525505     
   501.00000000000000        18.267049964771680     
