   1.0000000000000000        5.5637037884190158E-004
   2.0000000000000000        1.9312392067566066E-003
   3.0000000000000000        3.9959304809355535E-003
   4.0000000000000000        6.7366826765944956E-003
   5.0000000000000000        1.0181377767947475E-002
   6.0000000000000000        1.4212321688111373E-002
   7.0000000000000000        1.8891008153982196E-002
   8.0000000000000000        2.4290236939376021E-002
   9.0000000000000000        3.0323497692075072E-002
   10.000000000000000        3.7099168099926305E-002
   11.000000000000000        4.4687475983275243E-002
   12.000000000000000        5.2892234238026324E-002
   13.000000000000000        6.1834367868689746E-002
   14.000000000000000        7.1414380211190912E-002
   15.000000000000000        8.1824630980181473E-002
   16.000000000000000        9.3016004441384692E-002
   17.000000000000000       0.10468060917940218     
   18.000000000000000       0.11670554343461366     
   19.000000000000000       0.12977155778526972     
   20.000000000000000       0.14389997712159547     
   21.000000000000000       0.15846076814686499     
   22.000000000000000       0.17402637275469238     
   23.000000000000000       0.19059657922071743     
   24.000000000000000       0.20818223504009803     
   25.000000000000000       0.22581511840341364     
   26.000000000000000       0.24387692200125091     
   27.000000000000000       0.26237235674394782     
   28.000000000000000       0.28226482818929194     
   29.000000000000000       0.30186736501952260     
   30.000000000000000       0.32238911043690510     
   31.000000000000000       0.34331004277815430     
   32.000000000000000       0.36450243389589654     
   33.000000000000000       0.38638340342477395     
   34.000000000000000       0.40865949516693773     
   35.000000000000000       0.43274725785498397     
   36.000000000000000       0.45729650437789110     
   37.000000000000000       0.48242778688726673     
   38.000000000000000       0.50795937952821246     
   39.000000000000000       0.53585235346264903     
   40.000000000000000       0.56537052231535290     
   41.000000000000000       0.59522059599342669     
   42.000000000000000       0.62447308265281765     
   43.000000000000000       0.65526063026111514     
   44.000000000000000       0.68554481755474261     
   45.000000000000000       0.71691086239852020     
   46.000000000000000       0.74894805188937230     
   47.000000000000000       0.78482330853951032     
   48.000000000000000       0.81844384512782287     
   49.000000000000000       0.85112995330633134     
   50.000000000000000       0.88607323569365781     
   51.000000000000000       0.92184907172747521     
   52.000000000000000       0.95969386907085730     
   53.000000000000000       0.99925276521097317     
   54.000000000000000        1.0364880464668838     
   55.000000000000000        1.0747992901995467     
   56.000000000000000        1.1136268994528424     
   57.000000000000000        1.1542829752397610     
   58.000000000000000        1.1961426333323488     
   59.000000000000000        1.2373064993434688     
   60.000000000000000        1.2802662583879110     
   61.000000000000000        1.3234813467924349     
   62.000000000000000        1.3679140509623655     
   63.000000000000000        1.4104478108459393     
   64.000000000000000        1.4548333740108692     
   65.000000000000000        1.5052698298958125     
   66.000000000000000        1.5558397467325673     
   67.000000000000000        1.6040968069893284     
   68.000000000000000        1.6525062524567984     
   69.000000000000000        1.7029425047081896     
   70.000000000000000        1.7536982052834771     
   71.000000000000000        1.8014317559164916     
   72.000000000000000        1.8531736212686680     
   73.000000000000000        1.9058230908650171     
   74.000000000000000        1.9574353473631392     
   75.000000000000000        2.0086330850519678     
   76.000000000000000        2.0588124161230303     
   77.000000000000000        2.1116949253411126     
   78.000000000000000        2.1684872148525756     
   79.000000000000000        2.2289682368877584     
   80.000000000000000        2.2930644027110887     
   81.000000000000000        2.3548001226925184     
   82.000000000000000        2.4192272104323171     
   83.000000000000000        2.4792730499923570     
   84.000000000000000        2.5438564341904990     
   85.000000000000000        2.6132186201500840     
   86.000000000000000        2.6744623819368156     
   87.000000000000000        2.7325345823997220     
   88.000000000000000        2.7948404334498038     
   89.000000000000000        2.8529003289706085     
   90.000000000000000        2.9126521124741962     
   91.000000000000000        2.9785517726266377     
   92.000000000000000        3.0416053837079344     
   93.000000000000000        3.1047621558023595     
   94.000000000000000        3.1705677266751082     
   95.000000000000000        3.2393819766705549     
   96.000000000000000        3.3109186188283015     
   97.000000000000000        3.3821386555778807     
   98.000000000000000        3.4534080180371496     
   99.000000000000000        3.5260989059764185     
   100.00000000000000        3.6012961284367142     
   101.00000000000000        3.6753400298561454     
   102.00000000000000        3.7418902987023825     
   103.00000000000000        3.8138359248905984     
   104.00000000000000        3.8950421453717796     
   105.00000000000000        3.9698414306116603     
   106.00000000000000        4.0403205379317946     
   107.00000000000000        4.1169662063907646     
   108.00000000000000        4.1882769000961462     
   109.00000000000000        4.2646704135159625     
   110.00000000000000        4.3389100531782017     
   111.00000000000000        4.4171739208916074     
   112.00000000000000        4.4885126261490251     
   113.00000000000000        4.5633439739872532     
   114.00000000000000        4.6468439210316070     
   115.00000000000000        4.7279902710342112     
   116.00000000000000        4.8092754232407273     
   117.00000000000000        4.8884795593754911     
   118.00000000000000        4.9708323202767657     
   119.00000000000000        5.0493669778208528     
   120.00000000000000        5.1276255353601288     
   121.00000000000000        5.2069036873322334     
   122.00000000000000        5.2821413001096857     
   123.00000000000000        5.3609917301855177     
   124.00000000000000        5.4448514571963127     
   125.00000000000000        5.5275294224204865     
   126.00000000000000        5.6067276557851207     
   127.00000000000000        5.6888114579256666     
   128.00000000000000        5.7765646713871703     
   129.00000000000000        5.8650077311456652     
   130.00000000000000        5.9517621545733324     
   131.00000000000000        6.0453673921430306     
   132.00000000000000        6.1371993532125657     
   133.00000000000000        6.2341682908165188     
   134.00000000000000        6.3300252428892394     
   135.00000000000000        6.4167356911878048     
   136.00000000000000        6.5096581509382876     
   137.00000000000000        6.6062563275302360     
   138.00000000000000        6.6986116102520032     
   139.00000000000000        6.7974510945393503     
   140.00000000000000        6.8956771415365186     
   141.00000000000000        6.9954569931249075     
   142.00000000000000        7.0980686211842743     
   143.00000000000000        7.2003836446797411     
   144.00000000000000        7.3005909656985288     
   145.00000000000000        7.4066275390922867     
   146.00000000000000        7.5108047496838903     
   147.00000000000000        7.6084839458664550     
   148.00000000000000        7.7172558020848596     
   149.00000000000000        7.8210872928338144     
   150.00000000000000        7.9224874990855261     
   151.00000000000000        8.0337180964384771     
   152.00000000000000        8.1392684936339830     
   153.00000000000000        8.2383846174640514     
   154.00000000000000        8.3406981473163118     
   155.00000000000000        8.4468252385801961     
   156.00000000000000        8.5578650775842053     
   157.00000000000000        8.6714273797932844     
   158.00000000000000        8.7733698050279703     
   159.00000000000000        8.8863100145839553     
   160.00000000000000        9.0053310904397037     
   161.00000000000000        9.1151971537990590     
   162.00000000000000        9.2292763534766049     
   163.00000000000000        9.3485796243993668     
   164.00000000000000        9.4643118304769960     
   165.00000000000000        9.5722275770482721     
   166.00000000000000        9.6877155084273081     
   167.00000000000000        9.8053480968868332     
   168.00000000000000        9.9235581052157524     
   169.00000000000000        10.050056053641164     
   170.00000000000000        10.181185414600362     
   171.00000000000000        10.305159930890492     
   172.00000000000000        10.427868665889715     
   173.00000000000000        10.543577121337213     
   174.00000000000000        10.670407418209587     
   175.00000000000000        10.797778279972434     
   176.00000000000000        10.928480122336762     
   177.00000000000000        11.052817592684070     
   178.00000000000000        11.188846481858105     
   179.00000000000000        11.319395653693711     
   180.00000000000000        11.460147036349376     
   181.00000000000000        11.606796611652982     
   182.00000000000000        11.756105576246137     
   183.00000000000000        11.888462744046091     
   184.00000000000000        12.019205650558554     
   185.00000000000000        12.134185613395164     
   186.00000000000000        12.252968197670727     
   187.00000000000000        12.376828386554598     
   188.00000000000000        12.500229313874801     
   189.00000000000000        12.628491170134291     
   190.00000000000000        12.756443098555646     
   191.00000000000000        12.890224539055515     
   192.00000000000000        13.025231832650244     
   193.00000000000000        13.168834620835350     
   194.00000000000000        13.320601700173656     
   195.00000000000000        13.457800171209543     
   196.00000000000000        13.594162616207312     
   197.00000000000000        13.727023070130008     
   198.00000000000000        13.846146341915537     
   199.00000000000000        13.988600192440504     
   200.00000000000000        14.130059017752812     
   201.00000000000000        14.277602350726044     
   202.00000000000000        14.424684717815605     
   203.00000000000000        14.586496170051383     
   204.00000000000000        14.744948360060713     
   205.00000000000000        14.887222937945145     
   206.00000000000000        15.034917134154881     
   207.00000000000000        15.186837730979171     
   208.00000000000000        15.343087116184432     
   209.00000000000000        15.509764159297218     
   210.00000000000000        15.670369756305238     
   211.00000000000000        15.826875097254424     
   212.00000000000000        15.998092936756851     
   213.00000000000000        16.165520401224796     
   214.00000000000000        16.318937053337102     
   215.00000000000000        16.476463158420071     
   216.00000000000000        16.653954705569319     
   217.00000000000000        16.828095182616579     
   218.00000000000000        16.996957654781053     
   219.00000000000000        17.157924367710162     
   220.00000000000000        17.311632480872749     
   221.00000000000000        17.475205355010512     
   222.00000000000000        17.628878929616601     
   223.00000000000000        17.799920493661102     
   224.00000000000000        17.960596389382108     
   225.00000000000000        18.119046567538696     
   226.00000000000000        18.278681752512831     
   227.00000000000000        18.425594242032474     
   228.00000000000000        18.572847687128139     
   229.00000000000000        18.733578524258174     
   230.00000000000000        18.898985149926389     
   231.00000000000000        19.061692270853513     
   232.00000000000000        19.220388554354955     
   233.00000000000000        19.389362123977005     
   234.00000000000000        19.561520231170405     
   235.00000000000000        19.734218135938097     
   236.00000000000000        19.909222332376551     
   237.00000000000000        20.074952500668289     
   238.00000000000000        20.228263383582437     
   239.00000000000000        20.413059219348174     
   240.00000000000000        20.570500907359701     
   241.00000000000000        20.750839914611625     
   242.00000000000000        20.934723009033288     
   243.00000000000000        21.118385533836044     
   244.00000000000000        21.297249122345903     
   245.00000000000000        21.470741221652681     
   246.00000000000000        21.632823721580923     
   247.00000000000000        21.807071032201701     
   248.00000000000000        21.991165564979287     
   249.00000000000000        22.171083005197307     
   250.00000000000000        22.360621023430070     
   251.00000000000000        22.554763141150772     
   252.00000000000000        22.736435019563292     
   253.00000000000000        22.915021291208074     
   254.00000000000000        23.089189949412312     
   255.00000000000000        23.253423772872829     
   256.00000000000000        23.429774525129535     
   257.00000000000000        23.601014273397880     
   258.00000000000000        23.788066745038840     
   259.00000000000000        23.944465288334495     
   260.00000000000000        24.109868263673341     
   261.00000000000000        24.270014448070210     
   262.00000000000000        24.449582018275940     
   263.00000000000000        24.631503795254549     
   264.00000000000000        24.816025656115109     
   265.00000000000000        25.003208705714258     
   266.00000000000000        25.157557778942561     
   267.00000000000000        25.329841020678327     
   268.00000000000000        25.490765087581075     
   269.00000000000000        25.674138823178037     
   270.00000000000000        25.879430982248991     
   271.00000000000000        26.089524674550450     
   272.00000000000000        26.283763299659217     
   273.00000000000000        26.478536416187868     
   274.00000000000000        26.673381128669984     
   275.00000000000000        26.891528365820225     
   276.00000000000000        27.073321118600138     
   277.00000000000000        27.265144877845501     
   278.00000000000000        27.488345719173768     
   279.00000000000000        27.692293527773483     
   280.00000000000000        27.884264138584964     
   281.00000000000000        28.065375289537783     
   282.00000000000000        28.265223176067053     
   283.00000000000000        28.484590399702082     
   284.00000000000000        28.700715861128209     
   285.00000000000000        28.912803961580114     
   286.00000000000000        29.118996733576708     
   287.00000000000000        29.303484925643975     
   288.00000000000000        29.470188674803538     
   289.00000000000000        29.639221347070389     
   290.00000000000000        29.809572925264920     
   291.00000000000000        29.976326181416958     
   292.00000000000000        30.138927197166648     
   293.00000000000000        30.331927582160336     
   294.00000000000000        30.518197280847499     
   295.00000000000000        30.701813258164723     
   296.00000000000000        30.910585694668843     
   297.00000000000000        31.121118405375192     
   298.00000000000000        31.321457556131264     
   299.00000000000000        31.514759947280073     
   300.00000000000000        31.704034800339979     
   301.00000000000000        31.880151734350729     
   302.00000000000000        32.074538463643222     
   303.00000000000000        32.298895275233932     
   304.00000000000000        32.510576643961876     
   305.00000000000000        32.722284866146197     
   306.00000000000000        32.943265114850441     
   307.00000000000000        33.146966463177968     
   308.00000000000000        33.334687174130551     
   309.00000000000000        33.549641164975775     
   310.00000000000000        33.757690918524979     
   311.00000000000000        33.940260196114373     
   312.00000000000000        34.126740373443603     
   313.00000000000000        34.349086906294445     
   314.00000000000000        34.588445526926115     
   315.00000000000000        34.794740603628519     
   316.00000000000000        35.012141845254888     
   317.00000000000000        35.238997701469380     
   318.00000000000000        35.452429305914741     
   319.00000000000000        35.670680854941921     
   320.00000000000000        35.883490429229873     
   321.00000000000000        36.077556685034260     
   322.00000000000000        36.266587018590286     
   323.00000000000000        36.470155584919745     
   324.00000000000000        36.667690372022136     
   325.00000000000000        36.882854291529426     
   326.00000000000000        37.084247630261792     
   327.00000000000000        37.325470405552174     
   328.00000000000000        37.558311348559712     
   329.00000000000000        37.751176546188582     
   330.00000000000000        37.938764910127617     
   331.00000000000000        38.140010104032278     
   332.00000000000000        38.353007793150610     
   333.00000000000000        38.603541412869369     
   334.00000000000000        38.858624702218385     
   335.00000000000000        39.092153688671509     
   336.00000000000000        39.326491241921417     
   337.00000000000000        39.563948975143674     
   338.00000000000000        39.803858078351269     
   339.00000000000000        40.061342920404890     
   340.00000000000000        40.295630600596105     
   341.00000000000000        40.509837069098197     
   342.00000000000000        40.759615434148657     
   343.00000000000000        40.992449952760850     
   344.00000000000000        41.233239955361228     
   345.00000000000000        41.434711905466415     
   346.00000000000000        41.650963967618928     
   347.00000000000000        41.855582072655146     
   348.00000000000000        42.097289876608791     
   349.00000000000000        42.346792527711507     
   350.00000000000000        42.567743010421552     
   351.00000000000000        42.810277146547136     
   352.00000000000000        43.045307451556106     
   353.00000000000000        43.284935489217922     
   354.00000000000000        43.523173496523164     
   355.00000000000000        43.765754145976373     
   356.00000000000000        43.929530120887954     
   357.00000000000000        44.087408622732291     
   358.00000000000000        44.297179203830929     
   359.00000000000000        44.521633365432827     
   360.00000000000000        44.742899880204376     
   361.00000000000000        44.960831987625404     
   362.00000000000000        45.190558176196305     
   363.00000000000000        45.407337186254040     
   364.00000000000000        45.606679916215974     
   365.00000000000000        45.844598557899559     
   366.00000000000000        46.083413973208657     
   367.00000000000000        46.353529590409273     
   368.00000000000000        46.599604002788155     
   369.00000000000000        46.805875563457683     
   370.00000000000000        47.023986264270420     
   371.00000000000000        47.233754069922810     
   372.00000000000000        47.432162594725682     
   373.00000000000000        47.659988088181620     
   374.00000000000000        47.919202411506198     
   375.00000000000000        48.166955004348026     
   376.00000000000000        48.402836668305554     
   377.00000000000000        48.645313166927096     
   378.00000000000000        48.877726058538158     
   379.00000000000000        49.126275324245420     
   380.00000000000000        49.397533065974265     
   381.00000000000000        49.655429335169735     
   382.00000000000000        49.914214219685128     
   383.00000000000000        50.197365293273812     
   384.00000000000000        50.457595533887570     
   385.00000000000000        50.727349227641838     
   386.00000000000000        51.028008386210168     
   387.00000000000000        51.316146521044139     
   388.00000000000000        51.563943331468010     
   389.00000000000000        51.823861592646345     
   390.00000000000000        52.073358007392535     
   391.00000000000000        52.351754454681668     
   392.00000000000000        52.610860531534406     
   393.00000000000000        52.928939162626108     
   394.00000000000000        53.263715322191636     
   395.00000000000000        53.566200046031156     
   396.00000000000000        53.872860222701604     
   397.00000000000000        54.159122696684463     
   398.00000000000000        54.430015042824394     
   399.00000000000000        54.735675481440225     
   400.00000000000000        55.028277785354994     
   401.00000000000000        55.324422819254728     
   402.00000000000000        55.607636139982404     
   403.00000000000000        55.917212870664940     
   404.00000000000000        56.207494436409526     
   405.00000000000000        56.502155263121949     
   406.00000000000000        56.783464958263885     
   407.00000000000000        57.061070585832184     
   408.00000000000000        57.364491964330796     
   409.00000000000000        57.679047943426596     
   410.00000000000000        57.979492770788511     
   411.00000000000000        58.237525792018076     
   412.00000000000000        58.524967454802656     
   413.00000000000000        58.809215880661370     
   414.00000000000000        59.101921182721185     
   415.00000000000000        59.418422773643499     
   416.00000000000000        59.724224893756904     
   417.00000000000000        60.058461707085925     
   418.00000000000000        60.389538829323101     
   419.00000000000000        60.659758231814074     
   420.00000000000000        61.000355614455572     
   421.00000000000000        61.320513432094558     
   422.00000000000000        61.647892190431641     
   423.00000000000000        61.989108186623533     
   424.00000000000000        62.332596947204955     
   425.00000000000000        62.701708561973959     
   426.00000000000000        63.082802635891753     
   427.00000000000000        63.487751208159459     
   428.00000000000000        63.921298659808237     
   429.00000000000000        64.290130233311842     
   430.00000000000000        64.613911329121834     
   431.00000000000000        64.953844298209347     
   432.00000000000000        65.261817998123320     
   433.00000000000000        65.557529887650915     
   434.00000000000000        65.894275868521461     
   435.00000000000000        66.201835335479416     
   436.00000000000000        66.522635277532871     
   437.00000000000000        66.808007471651180     
   438.00000000000000        67.097049082975587     
   439.00000000000000        67.397414806468134     
   440.00000000000000        67.672106248959466     
   441.00000000000000        67.976858911713379     
   442.00000000000000        68.263338180372600     
   443.00000000000000        68.571652978037264     
   444.00000000000000        68.873521813057721     
   445.00000000000000        69.170123551394141     
   446.00000000000000        69.490263157161806     
   447.00000000000000        69.792393806355605     
   448.00000000000000        70.119538545771391     
   449.00000000000000        70.383372822648724     
   450.00000000000000        70.644764929460351     
   451.00000000000000        70.991722076165530     
   452.00000000000000        71.382118875668894     
   453.00000000000000        71.751896256767864     
   454.00000000000000        72.088830064659135     
   455.00000000000000        72.408861179397363     
   456.00000000000000        72.733299060618464     
   457.00000000000000        73.110340898739722     
   458.00000000000000        73.500701775915076     
   459.00000000000000        73.846407233274135     
   460.00000000000000        74.150279673037844     
   461.00000000000000        74.499017400610725     
   462.00000000000000        74.873236101528477     
   463.00000000000000        75.154244086907866     
   464.00000000000000        75.521754378006761     
   465.00000000000000        75.903395661917784     
   466.00000000000000        76.273777023564207     
   467.00000000000000        76.651334526864176     
   468.00000000000000        77.055304287681963     
   469.00000000000000        77.450710218727195     
   470.00000000000000        77.881741448977465     
   471.00000000000000        78.321121004240140     
   472.00000000000000        78.741332893755853     
   473.00000000000000        79.156565063401473     
   474.00000000000000        79.547765897178039     
   475.00000000000000        79.858167311002518     
   476.00000000000000        80.259375161559419     
   477.00000000000000        80.659136635384058     
   478.00000000000000        80.966991688032223     
   479.00000000000000        81.260138572303703     
   480.00000000000000        81.626703811072957     
   481.00000000000000        81.954506301374067     
   482.00000000000000        82.253853444919571     
   483.00000000000000        82.617496522446629     
   484.00000000000000        83.015773265318643     
   485.00000000000000        83.374626128564643     
   486.00000000000000        83.698771217172862     
   487.00000000000000        84.080742406797242     
   488.00000000000000        84.443941537887710     
   489.00000000000000        84.748507095656961     
   490.00000000000000        85.055720777636253     
   491.00000000000000        85.330381763721917     
   492.00000000000000        85.572208980804419     
   493.00000000000000        85.777888848078874     
   494.00000000000000        85.959009302563857     
   495.00000000000000        86.190828026649385     
   496.00000000000000        86.457423918782069     
   497.00000000000000        86.672139041903847     
   498.00000000000000        86.968111213943871     
   499.00000000000000        87.250295297359713     
   500.00000000000000        87.547432358275941     
   501.00000000000000        87.806895399993550     
