   1.0000000000000000        1.9586467875799783E-004
   2.0000000000000000        8.2029060188848924E-004
   3.0000000000000000        1.9229943549392032E-003
   4.0000000000000000        3.5322403394353261E-003
   5.0000000000000000        5.6601770512673131E-003
   6.0000000000000000        8.3056168323535559E-003
   7.0000000000000000        1.1493754885321322E-002
   8.0000000000000000        1.5211056806985092E-002
   9.0000000000000000        1.9495934083369394E-002
   10.000000000000000        2.4317254820238419E-002
   11.000000000000000        2.9627250192996370E-002
   12.000000000000000        3.5341366911579269E-002
   13.000000000000000        4.1593331433093711E-002
   14.000000000000000        4.8473862833456914E-002
   15.000000000000000        5.5829549090614966E-002
   16.000000000000000        6.3766219211070688E-002
   17.000000000000000        7.2460661700631895E-002
   18.000000000000000        8.1788677736858897E-002
   19.000000000000000        9.1813992397085528E-002
   20.000000000000000       0.10265671743430259     
   21.000000000000000       0.11405099908636832     
   22.000000000000000       0.12577854848790562     
   23.000000000000000       0.13808249203149067     
   24.000000000000000       0.15098774419758987     
   25.000000000000000       0.16465956283220329     
   26.000000000000000       0.17884620342649188     
   27.000000000000000       0.19372722142819851     
   28.000000000000000       0.20924659774304152     
   29.000000000000000       0.22507629160265963     
   30.000000000000000       0.24113136296454626     
   31.000000000000000       0.25741190146256265     
   32.000000000000000       0.27364203185562103     
   33.000000000000000       0.29056475442264446     
   34.000000000000000       0.30848363780412491     
   35.000000000000000       0.32684953437939640     
   36.000000000000000       0.34598180115685578     
   37.000000000000000       0.36573354641936129     
   38.000000000000000       0.38647707805510978     
   39.000000000000000       0.40883225830905384     
   40.000000000000000       0.43214531597245476     
   41.000000000000000       0.45571314378375305     
   42.000000000000000       0.47961605745286018     
   43.000000000000000       0.50378469261051240     
   44.000000000000000       0.52881066564279455     
   45.000000000000000       0.55414046898501124     
   46.000000000000000       0.57904626986905505     
   47.000000000000000       0.60458128532903532     
   48.000000000000000       0.63215032682746253     
   49.000000000000000       0.66108976575985090     
   50.000000000000000       0.69033376629453236     
   51.000000000000000       0.72000793722182743     
   52.000000000000000       0.75033295421945700     
   53.000000000000000       0.78045189071785859     
   54.000000000000000       0.81138410816033091     
   55.000000000000000       0.84250510816925916     
   56.000000000000000       0.87458662496292583     
   57.000000000000000       0.90779920663122460     
   58.000000000000000       0.94203130866928697     
   59.000000000000000       0.97734246732172336     
   60.000000000000000        1.0136904067412038     
   61.000000000000000        1.0501637806536619     
   62.000000000000000        1.0881052097846882     
   63.000000000000000        1.1266283550649323     
   64.000000000000000        1.1649291654995859     
   65.000000000000000        1.2032303891570653     
   66.000000000000000        1.2401315112055018     
   67.000000000000000        1.2763207622629880     
   68.000000000000000        1.3137617660813166     
   69.000000000000000        1.3529750863982197     
   70.000000000000000        1.3919526027833364     
   71.000000000000000        1.4308207145731426     
   72.000000000000000        1.4704238577006119     
   73.000000000000000        1.5131340491873417     
   74.000000000000000        1.5565045897347995     
   75.000000000000000        1.6000681399689394     
   76.000000000000000        1.6443929876746972     
   77.000000000000000        1.6887035984402710     
   78.000000000000000        1.7343191852702338     
   79.000000000000000        1.7816662159109955     
   80.000000000000000        1.8296410626308344     
   81.000000000000000        1.8787312156656177     
   82.000000000000000        1.9291734838728045     
   83.000000000000000        1.9809528816668771     
   84.000000000000000        2.0342674343251175     
   85.000000000000000        2.0877293659945053     
   86.000000000000000        2.1417549608996085     
   87.000000000000000        2.1945805980320343     
   88.000000000000000        2.2460064028742934     
   89.000000000000000        2.2972040697904377     
   90.000000000000000        2.3481267792139056     
   91.000000000000000        2.3998230030661625     
   92.000000000000000        2.4512106420675357     
   93.000000000000000        2.5014364577741230     
   94.000000000000000        2.5542491577545201     
   95.000000000000000        2.6098299078485563     
   96.000000000000000        2.6679962646154176     
   97.000000000000000        2.7284383078681436     
   98.000000000000000        2.7886206679504126     
   99.000000000000000        2.8495219426895431     
   100.00000000000000        2.9076391889088007     
   101.00000000000000        2.9651208265762614     
   102.00000000000000        3.0244184907466036     
   103.00000000000000        3.0850988047021008     
   104.00000000000000        3.1461423499523784     
   105.00000000000000        3.2042108716782045     
   106.00000000000000        3.2606739648177947     
   107.00000000000000        3.3206015593765041     
   108.00000000000000        3.3807920279805588     
   109.00000000000000        3.4401310671819378     
   110.00000000000000        3.5012073806213144     
   111.00000000000000        3.5603392626829313     
   112.00000000000000        3.6196914003764138     
   113.00000000000000        3.6822001145299317     
   114.00000000000000        3.7467876910508577     
   115.00000000000000        3.8108441470683982     
   116.00000000000000        3.8747508877206389     
   117.00000000000000        3.9379303585705823     
   118.00000000000000        3.9992411683584752     
   119.00000000000000        4.0625724106948073     
   120.00000000000000        4.1256786146117852     
   121.00000000000000        4.1892405296748718     
   122.00000000000000        4.2538269749134505     
   123.00000000000000        4.3183784212456677     
   124.00000000000000        4.3840289016641423     
   125.00000000000000        4.4521777273590777     
   126.00000000000000        4.5184804506102223     
   127.00000000000000        4.5831992086352908     
   128.00000000000000        4.6512927396214021     
   129.00000000000000        4.7249868865064668     
   130.00000000000000        4.8015934530479978     
   131.00000000000000        4.8788735356082844     
   132.00000000000000        4.9581171064514962     
   133.00000000000000        5.0392717890961567     
   134.00000000000000        5.1234982512288916     
   135.00000000000000        5.2039969309499288     
   136.00000000000000        5.2812180126660460     
   137.00000000000000        5.3594252793678017     
   138.00000000000000        5.4401411615987936     
   139.00000000000000        5.5231075254203148     
   140.00000000000000        5.6059388510252814     
   141.00000000000000        5.6860404930712249     
   142.00000000000000        5.7656126858149435     
   143.00000000000000        5.8488396429387794     
   144.00000000000000        5.9341039617746203     
   145.00000000000000        6.0223507389017845     
   146.00000000000000        6.1108650929956392     
   147.00000000000000        6.1957483335150343     
   148.00000000000000        6.2819073979484923     
   149.00000000000000        6.3695919145274829     
   150.00000000000000        6.4542645264264635     
   151.00000000000000        6.5407725078372758     
   152.00000000000000        6.6282731557721570     
   153.00000000000000        6.7161592258334277     
   154.00000000000000        6.8069470822352427     
   155.00000000000000        6.9013340371884064     
   156.00000000000000        6.9943717540644519     
   157.00000000000000        7.0872334862405983     
   158.00000000000000        7.1801464222568905     
   159.00000000000000        7.2731707338311429     
   160.00000000000000        7.3655283836400329     
   161.00000000000000        7.4584031065332432     
   162.00000000000000        7.5525050812754140     
   163.00000000000000        7.6464451983485056     
   164.00000000000000        7.7410250901971525     
   165.00000000000000        7.8406416026923500     
   166.00000000000000        7.9403762419118475     
   167.00000000000000        8.0367468330444911     
   168.00000000000000        8.1346443915682016     
   169.00000000000000        8.2336729208558221     
   170.00000000000000        8.3331040918569190     
   171.00000000000000        8.4336750345525981     
   172.00000000000000        8.5393306922284307     
   173.00000000000000        8.6468122973846206     
   174.00000000000000        8.7509511516274525     
   175.00000000000000        8.8588383609004175     
   176.00000000000000        8.9644151774113094     
   177.00000000000000        9.0706000440563468     
   178.00000000000000        9.1758398230858269     
   179.00000000000000        9.2825730103763586     
   180.00000000000000        9.3929044214377644     
   181.00000000000000        9.5050851238203684     
   182.00000000000000        9.6147211970097377     
   183.00000000000000        9.7227801910246399     
   184.00000000000000        9.8322376672942493     
   185.00000000000000        9.9409923757954068     
   186.00000000000000        10.046821530796640     
   187.00000000000000        10.149313853516679     
   188.00000000000000        10.250063123596702     
   189.00000000000000        10.351125593312656     
   190.00000000000000        10.455231155386562     
   191.00000000000000        10.568058548172194     
   192.00000000000000        10.685756193620511     
   193.00000000000000        10.802930975939777     
   194.00000000000000        10.921201172701966     
   195.00000000000000        11.034527099104638     
   196.00000000000000        11.147918743324761     
   197.00000000000000        11.265416688297231     
   198.00000000000000        11.381126748586805     
   199.00000000000000        11.499185847123996     
   200.00000000000000        11.616229566586473     
   201.00000000000000        11.736021493309138     
   202.00000000000000        11.864354424571500     
   203.00000000000000        11.996576734015829     
   204.00000000000000        12.134791888775995     
   205.00000000000000        12.271701115981360     
   206.00000000000000        12.399800978000489     
   207.00000000000000        12.529653085621971     
   208.00000000000000        12.672709741252021     
   209.00000000000000        12.813767545090185     
   210.00000000000000        12.950967558863782     
   211.00000000000000        13.090042045486140     
   212.00000000000000        13.227526224610857     
   213.00000000000000        13.364069827138986     
   214.00000000000000        13.509071276510092     
   215.00000000000000        13.663198774357832     
   216.00000000000000        13.811767354307310     
   217.00000000000000        13.944149269265765     
   218.00000000000000        14.077153192157699     
   219.00000000000000        14.209028942932084     
   220.00000000000000        14.339522475766847     
   221.00000000000000        14.465480385274617     
   222.00000000000000        14.587011590573368     
   223.00000000000000        14.720459285101597     
   224.00000000000000        14.857213222437640     
   225.00000000000000        14.989301637588349     
   226.00000000000000        15.120085763310092     
   227.00000000000000        15.243564199998440     
   228.00000000000000        15.373828515745680     
   229.00000000000000        15.508250675426936     
   230.00000000000000        15.641764737617081     
   231.00000000000000        15.785573546941110     
   232.00000000000000        15.928466287625037     
   233.00000000000000        16.072017622635055     
   234.00000000000000        16.209565172731985     
   235.00000000000000        16.352559154896134     
   236.00000000000000        16.506301376539923     
   237.00000000000000        16.650909022258212     
   238.00000000000000        16.795892537796526     
   239.00000000000000        16.949838456758499     
   240.00000000000000        17.094874726134144     
   241.00000000000000        17.230516004953977     
   242.00000000000000        17.373119113078367     
   243.00000000000000        17.522021916550347     
   244.00000000000000        17.667608359296779     
   245.00000000000000        17.807057044498862     
   246.00000000000000        17.946171483160430     
   247.00000000000000        18.094643092530653     
   248.00000000000000        18.255848805640063     
   249.00000000000000        18.418293449240174     
   250.00000000000000        18.574579316504632     
   251.00000000000000        18.722586107553120     
   252.00000000000000        18.877919798973171     
   253.00000000000000        19.031425693551974     
   254.00000000000000        19.177305349256756     
   255.00000000000000        19.329358364630473     
   256.00000000000000        19.473146220796526     
   257.00000000000000        19.609566359172202     
   258.00000000000000        19.751443394159757     
   259.00000000000000        19.892661442944316     
   260.00000000000000        20.039851780868265     
   261.00000000000000        20.195085484624858     
   262.00000000000000        20.355552511832581     
   263.00000000000000        20.515965044267851     
   264.00000000000000        20.678030189218706     
   265.00000000000000        20.839381369240698     
   266.00000000000000        20.990693285833402     
   267.00000000000000        21.140209479978733     
   268.00000000000000        21.291001043287842     
   269.00000000000000        21.440833342136905     
   270.00000000000000        21.593296473946918     
   271.00000000000000        21.748302317157695     
   272.00000000000000        21.910629883202049     
   273.00000000000000        22.069429662135430     
   274.00000000000000        22.222810946698623     
   275.00000000000000        22.390910425718239     
   276.00000000000000        22.558709935984808     
   277.00000000000000        22.723036390531831     
   278.00000000000000        22.892014581991170     
   279.00000000000000        23.061930100667830     
   280.00000000000000        23.232699229112921     
   281.00000000000000        23.398654603199574     
   282.00000000000000        23.566159196816962     
   283.00000000000000        23.725495471431053     
   284.00000000000000        23.890623671964438     
   285.00000000000000        24.052761276969200     
   286.00000000000000        24.210882888612392     
   287.00000000000000        24.371359744496118     
   288.00000000000000        24.526353535305137     
   289.00000000000000        24.672654593186213     
   290.00000000000000        24.814362619293735     
   291.00000000000000        24.957773136131852     
   292.00000000000000        25.101505105817335     
   293.00000000000000        25.251600783994409     
   294.00000000000000        25.411477541159261     
   295.00000000000000        25.575157992294837     
   296.00000000000000        25.745758582494481     
   297.00000000000000        25.914512364655248     
   298.00000000000000        26.078082715226529     
   299.00000000000000        26.237899732811897     
   300.00000000000000        26.391555104968468     
   301.00000000000000        26.542289835666089     
   302.00000000000000        26.695204436217200     
   303.00000000000000        26.853935664272697     
   304.00000000000000        27.015395794436174     
   305.00000000000000        27.185238248856418     
   306.00000000000000        27.370028839292075     
   307.00000000000000        27.560268864438886     
   308.00000000000000        27.754684376551676     
   309.00000000000000        27.945737878539457     
   310.00000000000000        28.121948893918837     
   311.00000000000000        28.299100036587607     
   312.00000000000000        28.492567777705105     
   313.00000000000000        28.691851194119824     
   314.00000000000000        28.894871604275497     
   315.00000000000000        29.094167999324455     
   316.00000000000000        29.284563750405749     
   317.00000000000000        29.472409919989591     
   318.00000000000000        29.654645380080968     
   319.00000000000000        29.822634252392628     
   320.00000000000000        29.986978282507543     
   321.00000000000000        30.153059664835400     
   322.00000000000000        30.333991643525415     
   323.00000000000000        30.517527535333858     
   324.00000000000000        30.698595728964342     
   325.00000000000000        30.891737430202120     
   326.00000000000000        31.073040892068509     
   327.00000000000000        31.256871246426300     
   328.00000000000000        31.457820324474444     
   329.00000000000000        31.654421998551072     
   330.00000000000000        31.833425763977512     
   331.00000000000000        32.013304238671800     
   332.00000000000000        32.196913624708245     
   333.00000000000000        32.387417636999778     
   334.00000000000000        32.578718332121042     
   335.00000000000000        32.769517702273710     
   336.00000000000000        32.961563265930870     
   337.00000000000000        33.155200928743213     
   338.00000000000000        33.340139645284360     
   339.00000000000000        33.530909928726643     
   340.00000000000000        33.721147207503797     
   341.00000000000000        33.905902945548625     
   342.00000000000000        34.093284737360300     
   343.00000000000000        34.272242850207753     
   344.00000000000000        34.438686900726637     
   345.00000000000000        34.595800815946440     
   346.00000000000000        34.772943193570910     
   347.00000000000000        34.961353085414146     
   348.00000000000000        35.147858710745908     
   349.00000000000000        35.326995736975427     
   350.00000000000000        35.518261181981551     
   351.00000000000000        35.716372430131841     
   352.00000000000000        35.918805035301972     
   353.00000000000000        36.119366282416195     
   354.00000000000000        36.319510211130208     
   355.00000000000000        36.496952674990510     
   356.00000000000000        36.660731470241139     
   357.00000000000000        36.822312579247352     
   358.00000000000000        36.986082414258867     
   359.00000000000000        37.155832278568035     
   360.00000000000000        37.332110507109810     
   361.00000000000000        37.498575327934887     
   362.00000000000000        37.664735546205478     
   363.00000000000000        37.816777671166406     
   364.00000000000000        37.970386181171989     
   365.00000000000000        38.144416450566325     
   366.00000000000000        38.335542684669683     
   367.00000000000000        38.530186147659265     
   368.00000000000000        38.712149602442572     
   369.00000000000000        38.898570259348134     
   370.00000000000000        39.084888853228101     
   371.00000000000000        39.276435598971908     
   372.00000000000000        39.479811899542312     
   373.00000000000000        39.676598934755589     
   374.00000000000000        39.871053110222071     
   375.00000000000000        40.067624051602991     
   376.00000000000000        40.273541775723210     
   377.00000000000000        40.485195006120001     
   378.00000000000000        40.703141382466825     
   379.00000000000000        40.920867916873931     
   380.00000000000000        41.131017750112683     
   381.00000000000000        41.345981440414270     
   382.00000000000000        41.580991310083817     
   383.00000000000000        41.820531655601044     
   384.00000000000000        42.048877052016913     
   385.00000000000000        42.278830065089018     
   386.00000000000000        42.502764439409759     
   387.00000000000000        42.735667164037935     
   388.00000000000000        42.967122668106732     
   389.00000000000000        43.202415193861775     
   390.00000000000000        43.452780198558258     
   391.00000000000000        43.706702565973075     
   392.00000000000000        43.949227367306996     
   393.00000000000000        44.197475735535320     
   394.00000000000000        44.425562098165607     
   395.00000000000000        44.645965674128924     
   396.00000000000000        44.874984659558571     
   397.00000000000000        45.107487497545890     
   398.00000000000000        45.340785162884046     
   399.00000000000000        45.568506447090911     
   400.00000000000000        45.808376867786961     
   401.00000000000000        46.054289381136797     
   402.00000000000000        46.301327523151848     
   403.00000000000000        46.542238891040036     
   404.00000000000000        46.784289907958659     
   405.00000000000000        47.022185771360327     
   406.00000000000000        47.252837183517208     
   407.00000000000000        47.492001095117523     
   408.00000000000000        47.733345634183763     
   409.00000000000000        47.972168354344852     
   410.00000000000000        48.209924562994857     
   411.00000000000000        48.436773711287543     
   412.00000000000000        48.652648454128105     
   413.00000000000000        48.900226625576977     
   414.00000000000000        49.164925743324581     
   415.00000000000000        49.425420829326264     
   416.00000000000000        49.697212481639568     
   417.00000000000000        49.946448388257345     
   418.00000000000000        50.196847062486626     
   419.00000000000000        50.450585335053063     
   420.00000000000000        50.713109695010807     
   421.00000000000000        50.992482194675070     
   422.00000000000000        51.270479594389172     
   423.00000000000000        51.552468844009724     
   424.00000000000000        51.830587789848266     
   425.00000000000000        52.129119163630463     
   426.00000000000000        52.443453719338613     
   427.00000000000000        52.758224802052418     
   428.00000000000000        53.065198847801980     
   429.00000000000000        53.357920361849800     
   430.00000000000000        53.637145272998303     
   431.00000000000000        53.922086406109045     
   432.00000000000000        54.219353109151257     
   433.00000000000000        54.502996735124761     
   434.00000000000000        54.786130456962987     
   435.00000000000000        55.059509982616710     
   436.00000000000000        55.323099634838833     
   437.00000000000000        55.556058635046313     
   438.00000000000000        55.788972048944615     
   439.00000000000000        56.036966490264618     
   440.00000000000000        56.259558868208693     
   441.00000000000000        56.483209599676641     
   442.00000000000000        56.712364733242190     
   443.00000000000000        56.943415497281002     
   444.00000000000000        57.203447518587510     
   445.00000000000000        57.450551227625304     
   446.00000000000000        57.681824883538965     
   447.00000000000000        57.923160224047571     
   448.00000000000000        58.177162760412102     
   449.00000000000000        58.435147795447875     
   450.00000000000000        58.707248355632011     
   451.00000000000000        58.982197173155804     
   452.00000000000000        59.274864583125435     
   453.00000000000000        59.565879393249638     
   454.00000000000000        59.871511987664377     
   455.00000000000000        60.190588754816851     
   456.00000000000000        60.493070610046956     
   457.00000000000000        60.774094428170763     
   458.00000000000000        61.076337914138911     
   459.00000000000000        61.382512889652716     
   460.00000000000000        61.690657112510408     
   461.00000000000000        61.997360451861965     
   462.00000000000000        62.305775611872782     
   463.00000000000000        62.627992290474666     
   464.00000000000000        62.953271538979884     
   465.00000000000000        63.293969387140280     
   466.00000000000000        63.634029042646972     
   467.00000000000000        63.974922993591363     
   468.00000000000000        64.304699979282375     
   469.00000000000000        64.646049920493496     
   470.00000000000000        64.983585145620111     
   471.00000000000000        65.328276738142492     
   472.00000000000000        65.672699927411884     
   473.00000000000000        65.991535754444769     
   474.00000000000000        66.296649181673345     
   475.00000000000000        66.596750695324886     
   476.00000000000000        66.904827524698177     
   477.00000000000000        67.225605987393024     
   478.00000000000000        67.565156642963757     
   479.00000000000000        67.897728378861302     
   480.00000000000000        68.223870834226034     
   481.00000000000000        68.547769172229181     
   482.00000000000000        68.852715026696899     
   483.00000000000000        69.182976155905322     
   484.00000000000000        69.496970925310563     
   485.00000000000000        69.778386120939814     
   486.00000000000000        70.058747254034813     
   487.00000000000000        70.335655860210039     
   488.00000000000000        70.589506225564094     
   489.00000000000000        70.833023832952890     
   490.00000000000000        71.065707821700499     
   491.00000000000000        71.274045985392348     
   492.00000000000000        71.478493591858907     
   493.00000000000000        71.685467536039866     
   494.00000000000000        71.883204459900398     
   495.00000000000000        72.073590220301284     
   496.00000000000000        72.280109191221044     
   497.00000000000000        72.504952350664198     
   498.00000000000000        72.718851455904343     
   499.00000000000000        72.929153088619998     
   500.00000000000000        73.136179863816423     
   501.00000000000000        73.333235745767922     
