   1.0000000000000000        3.3599288006470196E-004
   2.0000000000000000        1.2226992477359056E-003
   3.0000000000000000        2.6288252316196887E-003
   4.0000000000000000        4.5513472048440314E-003
   5.0000000000000000        7.0053196235364597E-003
   6.0000000000000000        9.9503942001435645E-003
   7.0000000000000000        1.3450688745634189E-002
   8.0000000000000000        1.7470289325937759E-002
   9.0000000000000000        2.2049091851176119E-002
   10.000000000000000        2.7146301294658594E-002
   11.000000000000000        3.2712063096733773E-002
   12.000000000000000        3.8965328160805904E-002
   13.000000000000000        4.5780341543934282E-002
   14.000000000000000        5.3080384715046038E-002
   15.000000000000000        6.0797515820282831E-002
   16.000000000000000        6.9240199863241869E-002
   17.000000000000000        7.8294809263127749E-002
   18.000000000000000        8.7960730297594936E-002
   19.000000000000000        9.8330308201586628E-002
   20.000000000000000       0.10939222891599056     
   21.000000000000000       0.12097758185839064     
   22.000000000000000       0.13318274396788327     
   23.000000000000000       0.14574653345545266     
   24.000000000000000       0.15887656831293717     
   25.000000000000000       0.17255561108415771     
   26.000000000000000       0.18726784441096744     
   27.000000000000000       0.20275716149595055     
   28.000000000000000       0.21870750718081261     
   29.000000000000000       0.23507933316055019     
   30.000000000000000       0.25169849506472097     
   31.000000000000000       0.26883715833683469     
   32.000000000000000       0.28603713204775794     
   33.000000000000000       0.30378953417328275     
   34.000000000000000       0.32281547753783302     
   35.000000000000000       0.34207861696324698     
   36.000000000000000       0.36183633679227289     
   37.000000000000000       0.38248379342788907     
   38.000000000000000       0.40379440509860715     
   39.000000000000000       0.42656919969495360     
   40.000000000000000       0.44929065824754516     
   41.000000000000000       0.47277583249263533     
   42.000000000000000       0.49693592125984665     
   43.000000000000000       0.52138937264734109     
   44.000000000000000       0.54670454564923032     
   45.000000000000000       0.57315779367863262     
   46.000000000000000       0.60115731400039951     
   47.000000000000000       0.62933908038106023     
   48.000000000000000       0.65684496865148612     
   49.000000000000000       0.68401090870022729     
   50.000000000000000       0.71208680206888664     
   51.000000000000000       0.74120748996319252     
   52.000000000000000       0.77155406527716608     
   53.000000000000000       0.80218080513312806     
   54.000000000000000       0.83332276869862787     
   55.000000000000000       0.86570672295253626     
   56.000000000000000       0.90045973700877502     
   57.000000000000000       0.93473616869542342     
   58.000000000000000       0.96865154758512018     
   59.000000000000000        1.0032106937159240     
   60.000000000000000        1.0391746880851056     
   61.000000000000000        1.0746895545612156     
   62.000000000000000        1.1110756707405267     
   63.000000000000000        1.1489555729232703     
   64.000000000000000        1.1886434880356931     
   65.000000000000000        1.2276170476374653     
   66.000000000000000        1.2647015976247358     
   67.000000000000000        1.3019227407814327     
   68.000000000000000        1.3386471169338028     
   69.000000000000000        1.3756938913139594     
   70.000000000000000        1.4151189731370917     
   71.000000000000000        1.4554293605635831     
   72.000000000000000        1.4972344755904148     
   73.000000000000000        1.5398997153852694     
   74.000000000000000        1.5830864389960746     
   75.000000000000000        1.6257677182909529     
   76.000000000000000        1.6685770476989317     
   77.000000000000000        1.7120844321531765     
   78.000000000000000        1.7567760072475789     
   79.000000000000000        1.8020356652302996     
   80.000000000000000        1.8490084492427903     
   81.000000000000000        1.8991330397459922     
   82.000000000000000        1.9519319906345778     
   83.000000000000000        2.0057868519868292     
   84.000000000000000        2.0583628008516301     
   85.000000000000000        2.1107688215077749     
   86.000000000000000        2.1653821678365395     
   87.000000000000000        2.2198239511097837     
   88.000000000000000        2.2689514051062454     
   89.000000000000000        2.3179405181836668     
   90.000000000000000        2.3692444844531089     
   91.000000000000000        2.4200682876475268     
   92.000000000000000        2.4738267865090933     
   93.000000000000000        2.5280181393192676     
   94.000000000000000        2.5809790387801268     
   95.000000000000000        2.6371903533084868     
   96.000000000000000        2.6937139097031593     
   97.000000000000000        2.7512759131023712     
   98.000000000000000        2.8112931283561426     
   99.000000000000000        2.8674079871155258     
   100.00000000000000        2.9218373132139748     
   101.00000000000000        2.9783466252173003     
   102.00000000000000        3.0380303685320702     
   103.00000000000000        3.0970977458471052     
   104.00000000000000        3.1528829694942573     
   105.00000000000000        3.2075057731560515     
   106.00000000000000        3.2684811120852899     
   107.00000000000000        3.3271040033864616     
   108.00000000000000        3.3888930488551257     
   109.00000000000000        3.4520075372002248     
   110.00000000000000        3.5177925050194601     
   111.00000000000000        3.5826900229779426     
   112.00000000000000        3.6453404604720285     
   113.00000000000000        3.7103430740438825     
   114.00000000000000        3.7739704888891015     
   115.00000000000000        3.8362538377167752     
   116.00000000000000        3.8984886282160653     
   117.00000000000000        3.9665769354650862     
   118.00000000000000        4.0304063670409525     
   119.00000000000000        4.0936625136330305     
   120.00000000000000        4.1598473041540229     
   121.00000000000000        4.2211363228609811     
   122.00000000000000        4.2810932615389561     
   123.00000000000000        4.3484284253699688     
   124.00000000000000        4.4169490576606449     
   125.00000000000000        4.4856558006838432     
   126.00000000000000        4.5570680954743610     
   127.00000000000000        4.6262201947345298     
   128.00000000000000        4.6939285105380097     
   129.00000000000000        4.7677640191479931     
   130.00000000000000        4.8459589661801994     
   131.00000000000000        4.9244732187293732     
   132.00000000000000        5.0021842962146978     
   133.00000000000000        5.0799319628971817     
   134.00000000000000        5.1588704668003853     
   135.00000000000000        5.2399350542655521     
   136.00000000000000        5.3212875614023574     
   137.00000000000000        5.3996343556803028     
   138.00000000000000        5.4870279469866770     
   139.00000000000000        5.5725557132223313     
   140.00000000000000        5.6548836889803313     
   141.00000000000000        5.7376580997925100     
   142.00000000000000        5.8234071785791324     
   143.00000000000000        5.9095230862087584     
   144.00000000000000        5.9945672857018248     
   145.00000000000000        6.0778706619870917     
   146.00000000000000        6.1638928399628448     
   147.00000000000000        6.2555035128335739     
   148.00000000000000        6.3417468908448065     
   149.00000000000000        6.4297098560998398     
   150.00000000000000        6.5206781155632711     
   151.00000000000000        6.6048416601466871     
   152.00000000000000        6.6816838118105588     
   153.00000000000000        6.7685793232707221     
   154.00000000000000        6.8558261382433141     
   155.00000000000000        6.9400441365323120     
   156.00000000000000        7.0248139034883739     
   157.00000000000000        7.1092316863329712     
   158.00000000000000        7.1984442829321527     
   159.00000000000000        7.2999075432898684     
   160.00000000000000        7.4021983713102744     
   161.00000000000000        7.5024257958320817     
   162.00000000000000        7.6015326142331956     
   163.00000000000000        7.7022736794825821     
   164.00000000000000        7.7998478461808514     
   165.00000000000000        7.8974331928005119     
   166.00000000000000        7.9947139817238986     
   167.00000000000000        8.0855444120126645     
   168.00000000000000        8.1785577045282736     
   169.00000000000000        8.2741967347344385     
   170.00000000000000        8.3792141589382236     
   171.00000000000000        8.4854967088171733     
   172.00000000000000        8.5922042085832810     
   173.00000000000000        8.6957282198496930     
   174.00000000000000        8.8001558095522725     
   175.00000000000000        8.9115924920070935     
   176.00000000000000        9.0264848128847568     
   177.00000000000000        9.1409953145217884     
   178.00000000000000        9.2528764148325777     
   179.00000000000000        9.3603891383319109     
   180.00000000000000        9.4702899095708162     
   181.00000000000000        9.5878726228241380     
   182.00000000000000        9.7039067794956519     
   183.00000000000000        9.8148241583700990     
   184.00000000000000        9.9242771002899026     
   185.00000000000000        10.033924931705810     
   186.00000000000000        10.146909697264601     
   187.00000000000000        10.256712402068114     
   188.00000000000000        10.358840136439676     
   189.00000000000000        10.461912379533461     
   190.00000000000000        10.570564738486059     
   191.00000000000000        10.677434776339076     
   192.00000000000000        10.778408119985773     
   193.00000000000000        10.892910177312258     
   194.00000000000000        11.012455611762135     
   195.00000000000000        11.125771577221412     
   196.00000000000000        11.237829326910147     
   197.00000000000000        11.346826108441137     
   198.00000000000000        11.457108439888920     
   199.00000000000000        11.562685339138273     
   200.00000000000000        11.683014595720298     
   201.00000000000000        11.810541089517679     
   202.00000000000000        11.941330899667877     
   203.00000000000000        12.069686686262948     
   204.00000000000000        12.196143399970230     
   205.00000000000000        12.314029318589212     
   206.00000000000000        12.443242241225889     
   207.00000000000000        12.572674122737128     
   208.00000000000000        12.705699940532057     
   209.00000000000000        12.839934246124509     
   210.00000000000000        12.973475136519330     
   211.00000000000000        13.103030352734116     
   212.00000000000000        13.232647709890697     
   213.00000000000000        13.368431168026515     
   214.00000000000000        13.518968529883841     
   215.00000000000000        13.658713971661358     
   216.00000000000000        13.786618136911748     
   217.00000000000000        13.934712365216878     
   218.00000000000000        14.080648638907476     
   219.00000000000000        14.228088095954069     
   220.00000000000000        14.370529224094186     
   221.00000000000000        14.505937491858035     
   222.00000000000000        14.637125220766487     
   223.00000000000000        14.758932003771996     
   224.00000000000000        14.883688345816870     
   225.00000000000000        15.003085666022589     
   226.00000000000000        15.130607435024109     
   227.00000000000000        15.259080576710810     
   228.00000000000000        15.382975045966189     
   229.00000000000000        15.510966675070431     
   230.00000000000000        15.660268777128382     
   231.00000000000000        15.809462245105882     
   232.00000000000000        15.945611237912876     
   233.00000000000000        16.080986304435349     
   234.00000000000000        16.220707914480005     
   235.00000000000000        16.364877330076752     
   236.00000000000000        16.511214444385967     
   237.00000000000000        16.669229615032918     
   238.00000000000000        16.823462280881881     
   239.00000000000000        16.951757557075805     
   240.00000000000000        17.089408830320068     
   241.00000000000000        17.234327329084476     
   242.00000000000000        17.367522206790401     
   243.00000000000000        17.510864962289233     
   244.00000000000000        17.659266216118080     
   245.00000000000000        17.813106811375416     
   246.00000000000000        17.949820491857608     
   247.00000000000000        18.081741424640086     
   248.00000000000000        18.239799453251646     
   249.00000000000000        18.397291214215254     
   250.00000000000000        18.548833227539443     
   251.00000000000000        18.697852229155490     
   252.00000000000000        18.845514020969102     
   253.00000000000000        19.002552726616713     
   254.00000000000000        19.162089338876982     
   255.00000000000000        19.315007464349485     
   256.00000000000000        19.452831620252894     
   257.00000000000000        19.599778067560155     
   258.00000000000000        19.746428746161104     
   259.00000000000000        19.893443488085584     
   260.00000000000000        20.048998165963333     
   261.00000000000000        20.211709197518381     
   262.00000000000000        20.358365753475969     
   263.00000000000000        20.503816283408160     
   264.00000000000000        20.657734572542704     
   265.00000000000000        20.793119852338542     
   266.00000000000000        20.939145570280857     
   267.00000000000000        21.069836593631834     
   268.00000000000000        21.214523497507859     
   269.00000000000000        21.373607367571935     
   270.00000000000000        21.518215970320210     
   271.00000000000000        21.652519650950612     
   272.00000000000000        21.819551370996223     
   273.00000000000000        21.983057125287608     
   274.00000000000000        22.143111947750509     
   275.00000000000000        22.309088480145832     
   276.00000000000000        22.472873616791912     
   277.00000000000000        22.643696451442825     
   278.00000000000000        22.805267216963323     
   279.00000000000000        22.957798000269651     
   280.00000000000000        23.117141134751236     
   281.00000000000000        23.292421635166743     
   282.00000000000000        23.473090041779315     
   283.00000000000000        23.624884053807225     
   284.00000000000000        23.790030676227367     
   285.00000000000000        23.958323299234497     
   286.00000000000000        24.120262726772019     
   287.00000000000000        24.280665344526483     
   288.00000000000000        24.442094389962289     
   289.00000000000000        24.602868287718319     
   290.00000000000000        24.762530604865695     
   291.00000000000000        24.924925840688701     
   292.00000000000000        25.078489760518174     
   293.00000000000000        25.236761172930766     
   294.00000000000000        25.389358842107633     
   295.00000000000000        25.523597966359493     
   296.00000000000000        25.680553804717942     
   297.00000000000000        25.845887040281127     
   298.00000000000000        26.008906123382729     
   299.00000000000000        26.164712130685011     
   300.00000000000000        26.327063166600098     
   301.00000000000000        26.499307244666063     
   302.00000000000000        26.671711776204162     
   303.00000000000000        26.828556574454272     
   304.00000000000000        27.008480944006223     
   305.00000000000000        27.187602550984508     
   306.00000000000000        27.339871061550941     
   307.00000000000000        27.487363527129403     
   308.00000000000000        27.663516259198385     
   309.00000000000000        27.856456949575524     
   310.00000000000000        28.036809949293286     
   311.00000000000000        28.202187924738656     
   312.00000000000000        28.373406072661101     
   313.00000000000000        28.549885801469038     
   314.00000000000000        28.739178149487010     
   315.00000000000000        28.924113182884273     
   316.00000000000000        29.109579662984583     
   317.00000000000000        29.294661390034822     
   318.00000000000000        29.473602661078804     
   319.00000000000000        29.653260797166713     
   320.00000000000000        29.832600985042657     
   321.00000000000000        29.992097901621573     
   322.00000000000000        30.160988206470847     
   323.00000000000000        30.349384038823224     
   324.00000000000000        30.543969837452877     
   325.00000000000000        30.744328109907222     
   326.00000000000000        30.951936380314006     
   327.00000000000000        31.139189070979633     
   328.00000000000000        31.309990564254321     
   329.00000000000000        31.490171758494579     
   330.00000000000000        31.676432083481426     
   331.00000000000000        31.847468335775641     
   332.00000000000000        32.045482309007291     
   333.00000000000000        32.238545993787625     
   334.00000000000000        32.427610650504676     
   335.00000000000000        32.617859065113009     
   336.00000000000000        32.819507238044217     
   337.00000000000000        33.034091236380583     
   338.00000000000000        33.247588637575475     
   339.00000000000000        33.440984910006215     
   340.00000000000000        33.611876893070267     
   341.00000000000000        33.788048454605516     
   342.00000000000000        33.966312040515866     
   343.00000000000000        34.157989572008773     
   344.00000000000000        34.346261786040849     
   345.00000000000000        34.524767655571679     
   346.00000000000000        34.725564376794892     
   347.00000000000000        34.934358951424606     
   348.00000000000000        35.118434183114061     
   349.00000000000000        35.315535442161611     
   350.00000000000000        35.510639807108241     
   351.00000000000000        35.715924839557744     
   352.00000000000000        35.920068198364234     
   353.00000000000000        36.110691318688112     
   354.00000000000000        36.297654314055841     
   355.00000000000000        36.487962763608941     
   356.00000000000000        36.666615141093494     
   357.00000000000000        36.822008593512535     
   358.00000000000000        36.961168015800709     
   359.00000000000000        37.117438911128666     
   360.00000000000000        37.293483845719642     
   361.00000000000000        37.465831179202709     
   362.00000000000000        37.620034042711808     
   363.00000000000000        37.793792789138237     
   364.00000000000000        37.965058362989822     
   365.00000000000000        38.131866828060247     
   366.00000000000000        38.329801235520449     
   367.00000000000000        38.538826009224010     
   368.00000000000000        38.719276182729693     
   369.00000000000000        38.885489966187031     
   370.00000000000000        39.081986649598356     
   371.00000000000000        39.266427358691075     
   372.00000000000000        39.443801724746450     
   373.00000000000000        39.635271842893644     
   374.00000000000000        39.831450757581905     
   375.00000000000000        40.017242321581008     
   376.00000000000000        40.193557132068420     
   377.00000000000000        40.393762416509290     
   378.00000000000000        40.618042048428833     
   379.00000000000000        40.812276317213524     
   380.00000000000000        41.011532166767374     
   381.00000000000000        41.266634519381277     
   382.00000000000000        41.525935223861559     
   383.00000000000000        41.781264871720602     
   384.00000000000000        42.040071781945400     
   385.00000000000000        42.263123054866817     
   386.00000000000000        42.471766595031234     
   387.00000000000000        42.685919269250782     
   388.00000000000000        42.893890874191634     
   389.00000000000000        43.128075597842951     
   390.00000000000000        43.385643921646171     
   391.00000000000000        43.643032175294977     
   392.00000000000000        43.904842868474290     
   393.00000000000000        44.177253750254742     
   394.00000000000000        44.434123438117716     
   395.00000000000000        44.706444961339166     
   396.00000000000000        44.960186821247198     
   397.00000000000000        45.212814983292439     
   398.00000000000000        45.437693160662022     
   399.00000000000000        45.658496771169020     
   400.00000000000000        45.878278798278359     
   401.00000000000000        46.103457040212668     
   402.00000000000000        46.331980592069222     
   403.00000000000000        46.574427151757980     
   404.00000000000000        46.810676601015295     
   405.00000000000000        47.041406368738741     
   406.00000000000000        47.253874204650785     
   407.00000000000000        47.482787429465453     
   408.00000000000000        47.692646631168579     
   409.00000000000000        47.934026794585442     
   410.00000000000000        48.164401602767335     
   411.00000000000000        48.388445493525452     
   412.00000000000000        48.634761136199650     
   413.00000000000000        48.888322226143650     
   414.00000000000000        49.147158117565361     
   415.00000000000000        49.394637971472221     
   416.00000000000000        49.672231214383551     
   417.00000000000000        49.971939989709917     
   418.00000000000000        50.243627447139644     
   419.00000000000000        50.512962643256252     
   420.00000000000000        50.764817461264670     
   421.00000000000000        51.057355667055596     
   422.00000000000000        51.336210600104735     
   423.00000000000000        51.616493331588288     
   424.00000000000000        51.892138012081837     
   425.00000000000000        52.180498402340127     
   426.00000000000000        52.495938412496862     
   427.00000000000000        52.782506836828929     
   428.00000000000000        53.086722321320089     
   429.00000000000000        53.392315368140032     
   430.00000000000000        53.655683433568278     
   431.00000000000000        53.910138114136096     
   432.00000000000000        54.206744983525645     
   433.00000000000000        54.500930774342415     
   434.00000000000000        54.765323594753553     
   435.00000000000000        55.033818804190389     
   436.00000000000000        55.300027406235586     
   437.00000000000000        55.537178580947966     
   438.00000000000000        55.751109388735877     
   439.00000000000000        55.981829415028095     
   440.00000000000000        56.231058578141571     
   441.00000000000000        56.450555937868124     
   442.00000000000000        56.689002146327198     
   443.00000000000000        56.962665951116925     
   444.00000000000000        57.222691945520765     
   445.00000000000000        57.479218019884826     
   446.00000000000000        57.751063581918352     
   447.00000000000000        57.976980749555928     
   448.00000000000000        58.225059203273460     
   449.00000000000000        58.507375937669742     
   450.00000000000000        58.759862255951738     
   451.00000000000000        59.001865657322725     
   452.00000000000000        59.254634768331691     
   453.00000000000000        59.534713227181818     
   454.00000000000000        59.812680053321856     
   455.00000000000000        60.111650239400916     
   456.00000000000000        60.425250465606304     
   457.00000000000000        60.721800377387687     
   458.00000000000000        60.999736983640226     
   459.00000000000000        61.309420136203876     
   460.00000000000000        61.638243631584807     
   461.00000000000000        61.972626138444554     
   462.00000000000000        62.286456069499927     
   463.00000000000000        62.606162612046454     
   464.00000000000000        62.904831697642173     
   465.00000000000000        63.208342161864095     
   466.00000000000000        63.497867861046821     
   467.00000000000000        63.816730905297874     
   468.00000000000000        64.179798939560342     
   469.00000000000000        64.491457674523517     
   470.00000000000000        64.820386688572441     
   471.00000000000000        65.166695623733091     
   472.00000000000000        65.473114314402139     
   473.00000000000000        65.782431778345583     
   474.00000000000000        66.077098541116413     
   475.00000000000000        66.431358780826613     
   476.00000000000000        66.742297817316839     
   477.00000000000000        67.024907065384014     
   478.00000000000000        67.340749270900659     
   479.00000000000000        67.623110961461776     
   480.00000000000000        67.893254649688544     
   481.00000000000000        68.189904050290309     
   482.00000000000000        68.467845471799905     
   483.00000000000000        68.777503386024264     
   484.00000000000000        69.109301368329284     
   485.00000000000000        69.396669854481928     
   486.00000000000000        69.643752593426470     
   487.00000000000000        69.936104393307943     
   488.00000000000000        70.229701351706709     
   489.00000000000000        70.485725720632303     
   490.00000000000000        70.729753695816200     
   491.00000000000000        70.936077440829564     
   492.00000000000000        71.110500816009235     
   493.00000000000000        71.298705173957302     
   494.00000000000000        71.558334941667411     
   495.00000000000000        71.742443823779510     
   496.00000000000000        71.898096416897843     
   497.00000000000000        72.073994999155587     
   498.00000000000000        72.247153131341378     
   499.00000000000000        72.422221079320877     
   500.00000000000000        72.587048308744627     
   501.00000000000000        72.806933282685563     
