   1.0000000000000000        3.3253753842174327E-004
   2.0000000000000000        1.2603818975792480E-003
   3.0000000000000000        2.7708527634062942E-003
   4.0000000000000000        4.8859037766963839E-003
   5.0000000000000000        7.6118518671831571E-003
   6.0000000000000000        1.0930725520978006E-002
   7.0000000000000000        1.4843461668660811E-002
   8.0000000000000000        1.9347081427753304E-002
   9.0000000000000000        2.4402923093240637E-002
   10.000000000000000        3.0099850546523640E-002
   11.000000000000000        3.6558171739511570E-002
   12.000000000000000        4.3608663592290681E-002
   13.000000000000000        5.1231458039077332E-002
   14.000000000000000        5.9683064582413070E-002
   15.000000000000000        6.8657455361341047E-002
   16.000000000000000        7.8091154440053906E-002
   17.000000000000000        8.8174354346149619E-002
   18.000000000000000        9.9057658058740963E-002
   19.000000000000000       0.11084798688880747     
   20.000000000000000       0.12364488920097873     
   21.000000000000000       0.13705476261647628     
   22.000000000000000       0.15097504462579181     
   23.000000000000000       0.16563379326185387     
   24.000000000000000       0.18061634299706775     
   25.000000000000000       0.19628200097930640     
   26.000000000000000       0.21270363323936292     
   27.000000000000000       0.22958242736020024     
   28.000000000000000       0.24675318021009243     
   29.000000000000000       0.26459759660858007     
   30.000000000000000       0.28325789367279508     
   31.000000000000000       0.30235124072973002     
   32.000000000000000       0.32124092636706525     
   33.000000000000000       0.33994976323338538     
   34.000000000000000       0.35943996540061457     
   35.000000000000000       0.38001271151023891     
   36.000000000000000       0.40230711579877171     
   37.000000000000000       0.42554809961864243     
   38.000000000000000       0.44930525144610733     
   39.000000000000000       0.47392383195656063     
   40.000000000000000       0.50051277241311520     
   41.000000000000000       0.52796986468762852     
   42.000000000000000       0.55572676858468184     
   43.000000000000000       0.58314894270024287     
   44.000000000000000       0.61121002376025579     
   45.000000000000000       0.64129919034463734     
   46.000000000000000       0.67306554295044341     
   47.000000000000000       0.70419576172475185     
   48.000000000000000       0.73600550079149718     
   49.000000000000000       0.76830998745421708     
   50.000000000000000       0.80155381684935734     
   51.000000000000000       0.83543814062499355     
   52.000000000000000       0.86975410994624303     
   53.000000000000000       0.90261351095323583     
   54.000000000000000       0.93611201373803610     
   55.000000000000000       0.97056297748403042     
   56.000000000000000        1.0069406259847109     
   57.000000000000000        1.0439704421589941     
   58.000000000000000        1.0833634861400814     
   59.000000000000000        1.1229284414926628     
   60.000000000000000        1.1620997115919562     
   61.000000000000000        1.2007950884680230     
   62.000000000000000        1.2390877691064319     
   63.000000000000000        1.2788301775850093     
   64.000000000000000        1.3209751268828278     
   65.000000000000000        1.3635899879280990     
   66.000000000000000        1.4055997540456875     
   67.000000000000000        1.4461704517659042     
   68.000000000000000        1.4903874980408149     
   69.000000000000000        1.5351875510911750     
   70.000000000000000        1.5771155499957550     
   71.000000000000000        1.6214551321078394     
   72.000000000000000        1.6673549337200546     
   73.000000000000000        1.7141679591625525     
   74.000000000000000        1.7608467377091384     
   75.000000000000000        1.8070550287005849     
   76.000000000000000        1.8534621539785023     
   77.000000000000000        1.9010957079379538     
   78.000000000000000        1.9518235228154093     
   79.000000000000000        2.0035361365390645     
   80.000000000000000        2.0580128160899442     
   81.000000000000000        2.1140742870695828     
   82.000000000000000        2.1697762473527540     
   83.000000000000000        2.2260359527726221     
   84.000000000000000        2.2871476369203836     
   85.000000000000000        2.3497069450000132     
   86.000000000000000        2.4125024841539391     
   87.000000000000000        2.4726108322869838     
   88.000000000000000        2.5323345352064939     
   89.000000000000000        2.5895043784101546     
   90.000000000000000        2.6436022440955180     
   91.000000000000000        2.6978560014564112     
   92.000000000000000        2.7565059073855367     
   93.000000000000000        2.8182765391095135     
   94.000000000000000        2.8805948410421904     
   95.000000000000000        2.9438456430122217     
   96.000000000000000        3.0075498262294191     
   97.000000000000000        3.0747064940505755     
   98.000000000000000        3.1449093806623543     
   99.000000000000000        3.2092272414338545     
   100.00000000000000        3.2717218833242021     
   101.00000000000000        3.3354435754164515     
   102.00000000000000        3.3961643859151835     
   103.00000000000000        3.4562334162365591     
   104.00000000000000        3.5225262228689065     
   105.00000000000000        3.5875148959496586     
   106.00000000000000        3.6495869041508313     
   107.00000000000000        3.7158986636939884     
   108.00000000000000        3.7834866806222629     
   109.00000000000000        3.8523874754145933     
   110.00000000000000        3.9255035120624324     
   111.00000000000000        4.0009741546551076     
   112.00000000000000        4.0735390902398070     
   113.00000000000000        4.1449591287584315     
   114.00000000000000        4.2128064665520615     
   115.00000000000000        4.2837827070810555     
   116.00000000000000        4.3532112959250044     
   117.00000000000000        4.4244592596870529     
   118.00000000000000        4.4984331983394625     
   119.00000000000000        4.5692355626929979     
   120.00000000000000        4.6425672957531052     
   121.00000000000000        4.7179958682565397     
   122.00000000000000        4.7923914427792740     
   123.00000000000000        4.8651987613092880     
   124.00000000000000        4.9369387921613237     
   125.00000000000000        5.0150052891636649     
   126.00000000000000        5.0936168231178431     
   127.00000000000000        5.1726141432451866     
   128.00000000000000        5.2508611197964887     
   129.00000000000000        5.3318850328552010     
   130.00000000000000        5.4145790334391179     
   131.00000000000000        5.4965897167991944     
   132.00000000000000        5.5787171236039130     
   133.00000000000000        5.6638467252982627     
   134.00000000000000        5.7512861006330960     
   135.00000000000000        5.8413073680331324     
   136.00000000000000        5.9288916457272824     
   137.00000000000000        6.0149447054474789     
   138.00000000000000        6.1042137637378140     
   139.00000000000000        6.1950520998369321     
   140.00000000000000        6.2874356174778443     
   141.00000000000000        6.3839082781359178     
   142.00000000000000        6.4780285246798668     
   143.00000000000000        6.5707139875286531     
   144.00000000000000        6.6673779930572339     
   145.00000000000000        6.7586635824952337     
   146.00000000000000        6.8557352603426951     
   147.00000000000000        6.9550238455159930     
   148.00000000000000        7.0545763758953974     
   149.00000000000000        7.1502384655379556     
   150.00000000000000        7.2459795015623349     
   151.00000000000000        7.3432119135837315     
   152.00000000000000        7.4378993108604856     
   153.00000000000000        7.5306731782079881     
   154.00000000000000        7.6202822070381053     
   155.00000000000000        7.7155324559410401     
   156.00000000000000        7.8238739621737210     
   157.00000000000000        7.9322872072353761     
   158.00000000000000        8.0364154787609987     
   159.00000000000000        8.1398896774001539     
   160.00000000000000        8.2395908152945534     
   161.00000000000000        8.3423529920673971     
   162.00000000000000        8.4426012451953518     
   163.00000000000000        8.5445438869600530     
   164.00000000000000        8.6468776317838145     
   165.00000000000000        8.7504079585740175     
   166.00000000000000        8.8509474247356312     
   167.00000000000000        8.9503019496365663     
   168.00000000000000        9.0612567542141900     
   169.00000000000000        9.1746223878110627     
   170.00000000000000        9.2867956537443028     
   171.00000000000000        9.4044369771423071     
   172.00000000000000        9.5327326533326175     
   173.00000000000000        9.6520966268019759     
   174.00000000000000        9.7695240829636134     
   175.00000000000000        9.8918962544323641     
   176.00000000000000        10.009810817324105     
   177.00000000000000        10.132757995509351     
   178.00000000000000        10.249958744570037     
   179.00000000000000        10.360169060731671     
   180.00000000000000        10.480651540971714     
   181.00000000000000        10.608157367789019     
   182.00000000000000        10.731697509477241     
   183.00000000000000        10.850347040208444     
   184.00000000000000        10.967619886747498     
   185.00000000000000        11.082999910801927     
   186.00000000000000        11.199176197501568     
   187.00000000000000        11.315698133857437     
   188.00000000000000        11.428516841605674     
   189.00000000000000        11.550414281288788     
   190.00000000000000        11.667913439033695     
   191.00000000000000        11.782755868841422     
   192.00000000000000        11.894747592511761     
   193.00000000000000        12.016844044389426     
   194.00000000000000        12.133939840482167     
   195.00000000000000        12.254155099325985     
   196.00000000000000        12.379128377517725     
   197.00000000000000        12.499103912046582     
   198.00000000000000        12.627520357855428     
   199.00000000000000        12.760404295625618     
   200.00000000000000        12.898526277499180     
   201.00000000000000        13.034540187227961     
   202.00000000000000        13.172538362621957     
   203.00000000000000        13.307205901961192     
   204.00000000000000        13.440940408233120     
   205.00000000000000        13.580026752113840     
   206.00000000000000        13.727944295102878     
   207.00000000000000        13.881279068707915     
   208.00000000000000        14.028102466800997     
   209.00000000000000        14.178096243732286     
   210.00000000000000        14.336715669705505     
   211.00000000000000        14.489486792488499     
   212.00000000000000        14.644438905760111     
   213.00000000000000        14.798105587291770     
   214.00000000000000        14.958407885335486     
   215.00000000000000        15.119278311945315     
   216.00000000000000        15.282405945111504     
   217.00000000000000        15.449719278086967     
   218.00000000000000        15.609117672284038     
   219.00000000000000        15.771547523982246     
   220.00000000000000        15.933721940008757     
   221.00000000000000        16.087701506412412     
   222.00000000000000        16.228953674641957     
   223.00000000000000        16.378252551175130     
   224.00000000000000        16.537245714451601     
   225.00000000000000        16.677329229640119     
   226.00000000000000        16.811069896789689     
   227.00000000000000        16.957483521875094     
   228.00000000000000        17.097304962113338     
   229.00000000000000        17.242530566548854     
   230.00000000000000        17.394597553737167     
   231.00000000000000        17.542759234003974     
   232.00000000000000        17.699427126622563     
   233.00000000000000        17.870530128915281     
   234.00000000000000        18.024831728557174     
   235.00000000000000        18.189679066022098     
   236.00000000000000        18.359990336209172     
   237.00000000000000        18.527779889319113     
   238.00000000000000        18.694799016933995     
   239.00000000000000        18.854648334405056     
   240.00000000000000        19.011532598989341     
   241.00000000000000        19.162616890073348     
   242.00000000000000        19.320099142816861     
   243.00000000000000        19.484440616772588     
   244.00000000000000        19.646367230718699     
   245.00000000000000        19.803239190250370     
   246.00000000000000        19.969852384765943     
   247.00000000000000        20.138932600523585     
   248.00000000000000        20.306582065021985     
   249.00000000000000        20.468402655966432     
   250.00000000000000        20.628810400968604     
   251.00000000000000        20.795651444033467     
   252.00000000000000        20.969461649644945     
   253.00000000000000        21.138437590483097     
   254.00000000000000        21.295971303411118     
   255.00000000000000        21.447325680799672     
   256.00000000000000        21.582605086983133     
   257.00000000000000        21.722925428531582     
   258.00000000000000        21.861921007890125     
   259.00000000000000        22.025569665713441     
   260.00000000000000        22.187644507737655     
   261.00000000000000        22.353188955996071     
   262.00000000000000        22.534085655232889     
   263.00000000000000        22.708774617813525     
   264.00000000000000        22.866124045061525     
   265.00000000000000        22.999609658629570     
   266.00000000000000        23.129987629732575     
   267.00000000000000        23.289527538325970     
   268.00000000000000        23.473446956233097     
   269.00000000000000        23.655253683553834     
   270.00000000000000        23.836739165167515     
   271.00000000000000        24.019455814174879     
   272.00000000000000        24.186257154033612     
   273.00000000000000        24.348885340175684     
   274.00000000000000        24.516767641664302     
   275.00000000000000        24.682504431704473     
   276.00000000000000        24.858220127748599     
   277.00000000000000        25.031391138516057     
   278.00000000000000        25.208507369792962     
   279.00000000000000        25.397422473983855     
   280.00000000000000        25.583077388065217     
   281.00000000000000        25.771408037757407     
   282.00000000000000        25.968302198592990     
   283.00000000000000        26.156829122959717     
   284.00000000000000        26.343432960269720     
   285.00000000000000        26.526973061486135     
   286.00000000000000        26.714032010350774     
   287.00000000000000        26.892768551656527     
   288.00000000000000        27.047830374371344     
   289.00000000000000        27.192540235488650     
   290.00000000000000        27.344306265339377     
   291.00000000000000        27.528023259064110     
   292.00000000000000        27.695509358813524     
   293.00000000000000        27.851199140093659     
   294.00000000000000        28.020365998673569     
   295.00000000000000        28.200907579063422     
   296.00000000000000        28.380385268746334     
   297.00000000000000        28.557266732167303     
   298.00000000000000        28.739527578041791     
   299.00000000000000        28.925227256626382     
   300.00000000000000        29.089437563600100     
   301.00000000000000        29.260139757785204     
   302.00000000000000        29.428289633186580     
   303.00000000000000        29.607534457321837     
   304.00000000000000        29.778426802767537     
   305.00000000000000        29.957530136845257     
   306.00000000000000        30.161909108684572     
   307.00000000000000        30.378557680261974     
   308.00000000000000        30.578212427080864     
   309.00000000000000        30.789984679325862     
   310.00000000000000        30.991465387750409     
   311.00000000000000        31.184104354386374     
   312.00000000000000        31.378296294077550     
   313.00000000000000        31.571407961235167     
   314.00000000000000        31.769701242066201     
   315.00000000000000        31.977643906231542     
   316.00000000000000        32.177300145975387     
   317.00000000000000        32.369865895152550     
   318.00000000000000        32.569117167648415     
   319.00000000000000        32.771609433910392     
   320.00000000000000        32.954987820796063     
   321.00000000000000        33.153662121062148     
   322.00000000000000        33.358764126900923     
   323.00000000000000        33.576841835623576     
   324.00000000000000        33.788886576513633     
   325.00000000000000        33.999027534429864     
   326.00000000000000        34.217797641943974     
   327.00000000000000        34.429157166137770     
   328.00000000000000        34.637712984526409     
   329.00000000000000        34.820525507298676     
   330.00000000000000        35.004374420161021     
   331.00000000000000        35.225480939509204     
   332.00000000000000        35.427738557852429     
   333.00000000000000        35.635502332211523     
   334.00000000000000        35.836769495569413     
   335.00000000000000        36.046808874684508     
   336.00000000000000        36.257843197028677     
   337.00000000000000        36.470511529935557     
   338.00000000000000        36.680211471911761     
   339.00000000000000        36.914654172250891     
   340.00000000000000        37.132605330584710     
   341.00000000000000        37.339550435379167     
   342.00000000000000        37.552639692102481     
   343.00000000000000        37.762290402293232     
   344.00000000000000        37.965781700886822     
   345.00000000000000        38.157380718520116     
   346.00000000000000        38.350196805962788     
   347.00000000000000        38.546713170524846     
   348.00000000000000        38.754436143568626     
   349.00000000000000        38.967458190935552     
   350.00000000000000        39.151178362102208     
   351.00000000000000        39.353254815034518     
   352.00000000000000        39.579993295678030     
   353.00000000000000        39.790084918061268     
   354.00000000000000        39.994014652559819     
   355.00000000000000        40.208962269608278     
   356.00000000000000        40.426590660142885     
   357.00000000000000        40.616241654985679     
   358.00000000000000        40.789483616253818     
   359.00000000000000        40.972078047498570     
   360.00000000000000        41.149222560302178     
   361.00000000000000        41.318536014060939     
   362.00000000000000        41.497003569688871     
   363.00000000000000        41.691231781772835     
   364.00000000000000        41.899217691008666     
   365.00000000000000        42.120137585980082     
   366.00000000000000        42.354054707792329     
   367.00000000000000        42.562444378114215     
   368.00000000000000        42.762532184066160     
   369.00000000000000        42.976652340164193     
   370.00000000000000        43.193426174668595     
   371.00000000000000        43.416634202952132     
   372.00000000000000        43.629892899074449     
   373.00000000000000        43.841854817427340     
   374.00000000000000        44.074447089886348     
   375.00000000000000        44.308407674057271     
   376.00000000000000        44.518756470300069     
   377.00000000000000        44.755470012028454     
   378.00000000000000        45.010988014100583     
   379.00000000000000        45.237218991682077     
   380.00000000000000        45.458502486522740     
   381.00000000000000        45.687043587026167     
   382.00000000000000        45.931171651204892     
   383.00000000000000        46.176811438747094     
   384.00000000000000        46.447284402995983     
   385.00000000000000        46.719578924849309     
   386.00000000000000        46.964051849069328     
   387.00000000000000        47.206492201422186     
   388.00000000000000        47.456975255488921     
   389.00000000000000        47.733406302319835     
   390.00000000000000        47.981979247575396     
   391.00000000000000        48.249128319524701     
   392.00000000000000        48.546493395176093     
   393.00000000000000        48.819822640131676     
   394.00000000000000        49.074052665241823     
   395.00000000000000        49.310102660030971     
   396.00000000000000        49.559230940187085     
   397.00000000000000        49.834859996208387     
   398.00000000000000        50.086754031745819     
   399.00000000000000        50.334410790322416     
   400.00000000000000        50.596255927135871     
   401.00000000000000        50.850401166259402     
   402.00000000000000        51.105725716911003     
   403.00000000000000        51.363148860115771     
   404.00000000000000        51.638741413491751     
   405.00000000000000        51.911783620342717     
   406.00000000000000        52.180952043941687     
   407.00000000000000        52.447955213967575     
   408.00000000000000        52.721124839267802     
   409.00000000000000        52.992944153998181     
   410.00000000000000        53.249052023919695     
   411.00000000000000        53.487890351310995     
   412.00000000000000        53.739250773584423     
   413.00000000000000        54.040315108277369     
   414.00000000000000        54.323887355554952     
   415.00000000000000        54.587235706809672     
   416.00000000000000        54.840410102226585     
   417.00000000000000        55.084777087688714     
   418.00000000000000        55.370687328290977     
   419.00000000000000        55.645540390086261     
   420.00000000000000        55.940488123774351     
   421.00000000000000        56.222504837289435     
   422.00000000000000        56.491043122344685     
   423.00000000000000        56.787559077799997     
   424.00000000000000        57.105900225738417     
   425.00000000000000        57.434352509797158     
   426.00000000000000        57.754153292295364     
   427.00000000000000        58.065278269551982     
   428.00000000000000        58.374396161598341     
   429.00000000000000        58.691684125373371     
   430.00000000000000        59.010810165289442     
   431.00000000000000        59.321763987611909     
   432.00000000000000        59.644289144227841     
   433.00000000000000        59.982213108297039     
   434.00000000000000        60.278089335721802     
   435.00000000000000        60.535901839887622     
   436.00000000000000        60.815850310871760     
   437.00000000000000        61.076588139513781     
   438.00000000000000        61.358539662086947     
   439.00000000000000        61.626293404551703     
   440.00000000000000        61.863488396716633     
   441.00000000000000        62.108026793646914     
   442.00000000000000        62.369537536727492     
   443.00000000000000        62.623058311882190     
   444.00000000000000        62.879268552340960     
   445.00000000000000        63.139290842940675     
   446.00000000000000        63.398962000051746     
   447.00000000000000        63.661595304217627     
   448.00000000000000        63.907246063303319     
   449.00000000000000        64.206594401653106     
   450.00000000000000        64.499464267071261     
   451.00000000000000        64.812260179049687     
   452.00000000000000        65.116226125193862     
   453.00000000000000        65.421557770812129     
   454.00000000000000        65.756569744909839     
   455.00000000000000        66.100258629153217     
   456.00000000000000        66.416657573727221     
   457.00000000000000        66.689777916803251     
   458.00000000000000        66.970378548935471     
   459.00000000000000        67.244305399600904     
   460.00000000000000        67.535494542630488     
   461.00000000000000        67.848860066913943     
   462.00000000000000        68.155206617402797     
   463.00000000000000        68.474178503031482     
   464.00000000000000        68.846391124313172     
   465.00000000000000        69.183262799135548     
   466.00000000000000        69.535390513465131     
   467.00000000000000        69.853443484049137     
   468.00000000000000        70.181258485185083     
   469.00000000000000        70.546815773747497     
   470.00000000000000        70.932206471411348     
   471.00000000000000        71.298339067803866     
   472.00000000000000        71.662236307200303     
   473.00000000000000        72.026644525445761     
   474.00000000000000        72.431255752314556     
   475.00000000000000        72.784142314156966     
   476.00000000000000        73.075533513987111     
   477.00000000000000        73.404684641317814     
   478.00000000000000        73.744519937727148     
   479.00000000000000        74.060152769309070     
   480.00000000000000        74.342043349241607     
   481.00000000000000        74.598679117659032     
   482.00000000000000        74.919854631854136     
   483.00000000000000        75.261049417670549     
   484.00000000000000        75.563800724476067     
   485.00000000000000        75.846912495735339     
   486.00000000000000        76.147945604572328     
   487.00000000000000        76.435917639807343     
   488.00000000000000        76.733411634952503     
   489.00000000000000        77.040584949882941     
   490.00000000000000        77.323338280970233     
   491.00000000000000        77.566426431752333     
   492.00000000000000        77.770697124692589     
   493.00000000000000        77.995472725121800     
   494.00000000000000        78.183440818107186     
   495.00000000000000        78.376024544564061     
   496.00000000000000        78.591475024084318     
   497.00000000000000        78.803835567270596     
   498.00000000000000        79.070314074354584     
   499.00000000000000        79.332233117344529     
   500.00000000000000        79.539720457741211     
   501.00000000000000        79.729908910255674     
