   1.0000000000000000        3.5519136902156795E-004
   2.0000000000000000        1.3086527384899163E-003
   3.0000000000000000        2.8296507077254520E-003
   4.0000000000000000        4.9265434993924018E-003
   5.0000000000000000        7.6146815774836398E-003
   6.0000000000000000        1.0849764560397416E-002
   7.0000000000000000        1.4669728363400004E-002
   8.0000000000000000        1.9079666125012135E-002
   9.0000000000000000        2.4067861679963304E-002
   10.000000000000000        2.9665643690336103E-002
   11.000000000000000        3.5896240253135231E-002
   12.000000000000000        4.2701898225679456E-002
   13.000000000000000        5.0109874721199453E-002
   14.000000000000000        5.8162923085523621E-002
   15.000000000000000        6.6777287813104103E-002
   16.000000000000000        7.6028394488930701E-002
   17.000000000000000        8.5902608622319285E-002
   18.000000000000000        9.6378152381941848E-002
   19.000000000000000       0.10769096131817485     
   20.000000000000000       0.11989845316820325     
   21.000000000000000       0.13263602792702409     
   22.000000000000000       0.14599067745907937     
   23.000000000000000       0.16001484949239106     
   24.000000000000000       0.17466572263692384     
   25.000000000000000       0.18982807332477636     
   26.000000000000000       0.20567365076955035     
   27.000000000000000       0.22210979175709383     
   28.000000000000000       0.23924302833082456     
   29.000000000000000       0.25665514659785316     
   30.000000000000000       0.27461921553476237     
   31.000000000000000       0.29297758582685551     
   32.000000000000000       0.31135563104159825     
   33.000000000000000       0.33017186381349511     
   34.000000000000000       0.34984964397735935     
   35.000000000000000       0.37042203017695219     
   36.000000000000000       0.39185543953144064     
   37.000000000000000       0.41404830658826891     
   38.000000000000000       0.43688402853194686     
   39.000000000000000       0.46129441085581341     
   40.000000000000000       0.48682981723717733     
   41.000000000000000       0.51291985923937156     
   42.000000000000000       0.53918795748758286     
   43.000000000000000       0.56589590955488434     
   44.000000000000000       0.59306751315183726     
   45.000000000000000       0.62137707885184068     
   46.000000000000000       0.65055429467747328     
   47.000000000000000       0.68073485899376907     
   48.000000000000000       0.71086116034973212     
   49.000000000000000       0.74113515380533479     
   50.000000000000000       0.77251190522675095     
   51.000000000000000       0.80462565988464718     
   52.000000000000000       0.83783374962869406     
   53.000000000000000       0.87112474300389697     
   54.000000000000000       0.90432673426612165     
   55.000000000000000       0.93839352470146431     
   56.000000000000000       0.97390347185231330     
   57.000000000000000        1.0101971981812459     
   58.000000000000000        1.0475472439313642     
   59.000000000000000        1.0851970254679080     
   60.000000000000000        1.1238077662011794     
   61.000000000000000        1.1622824426182032     
   62.000000000000000        1.2015456751480709     
   63.000000000000000        1.2412154791042458     
   64.000000000000000        1.2823452886067277     
   65.000000000000000        1.3249268136537662     
   66.000000000000000        1.3665681524012590     
   67.000000000000000        1.4071276904491461     
   68.000000000000000        1.4488256583773769     
   69.000000000000000        1.4916997583769085     
   70.000000000000000        1.5344713327989385     
   71.000000000000000        1.5772842407892949     
   72.000000000000000        1.6220467220692225     
   73.000000000000000        1.6682562036489459     
   74.000000000000000        1.7144682784498846     
   75.000000000000000        1.7603809930020353     
   76.000000000000000        1.8063111513673800     
   77.000000000000000        1.8533946659666938     
   78.000000000000000        1.9028514825450944     
   79.000000000000000        1.9540515636408400     
   80.000000000000000        2.0074316826673488     
   81.000000000000000        2.0616846662921011     
   82.000000000000000        2.1175272330718360     
   83.000000000000000        2.1730121841031820     
   84.000000000000000        2.2309085765704344     
   85.000000000000000        2.2903559381617256     
   86.000000000000000        2.3485254987050981     
   87.000000000000000        2.4048874909558426     
   88.000000000000000        2.4605331941579527     
   89.000000000000000        2.5143873238370009     
   90.000000000000000        2.5684064050576989     
   91.000000000000000        2.6240747661972459     
   92.000000000000000        2.6807871799156553     
   93.000000000000000        2.7381233229995936     
   94.000000000000000        2.7965976910614163     
   95.000000000000000        2.8575619702080401     
   96.000000000000000        2.9200446548422203     
   97.000000000000000        2.9841398426478150     
   98.000000000000000        3.0495577987499538     
   99.000000000000000        3.1130640193022963     
   100.00000000000000        3.1756236284689816     
   101.00000000000000        3.2385627642643664     
   102.00000000000000        3.3001258859723555     
   103.00000000000000        3.3630664729168060     
   104.00000000000000        3.4291484219195860     
   105.00000000000000        3.4922682428465683     
   106.00000000000000        3.5547656297449213     
   107.00000000000000        3.6201426082098496     
   108.00000000000000        3.6853621643867358     
   109.00000000000000        3.7522991233260461     
   110.00000000000000        3.8208533627191268     
   111.00000000000000        3.8902943403006796     
   112.00000000000000        3.9567708943078062     
   113.00000000000000        4.0252115728277129     
   114.00000000000000        4.0951021418787992     
   115.00000000000000        4.1647177407231135     
   116.00000000000000        4.2339315587726363     
   117.00000000000000        4.3043615282729943     
   118.00000000000000        4.3747282635030480     
   119.00000000000000        4.4437093662085774     
   120.00000000000000        4.5139296874682646     
   121.00000000000000        4.5838191020288024     
   122.00000000000000        4.6523632448341923     
   123.00000000000000        4.7232493345255211     
   124.00000000000000        4.7956920521686968     
   125.00000000000000        4.8700920599048247     
   126.00000000000000        4.9439732562442886     
   127.00000000000000        5.0177112511341502     
   128.00000000000000        5.0931617603341168     
   129.00000000000000        5.1724109174122361     
   130.00000000000000        5.2534734018081934     
   131.00000000000000        5.3363259658197899     
   132.00000000000000        5.4190544698683514     
   133.00000000000000        5.5043046920254888     
   134.00000000000000        5.5909200153872378     
   135.00000000000000        5.6754937611066385     
   136.00000000000000        5.7602638426808195     
   137.00000000000000        5.8450651670043703     
   138.00000000000000        5.9324986206415904     
   139.00000000000000        6.0220416082537884     
   140.00000000000000        6.1109838247534469     
   141.00000000000000        6.2007659660284427     
   142.00000000000000        6.2912792525617407     
   143.00000000000000        6.3823650903373101     
   144.00000000000000        6.4741600515579449     
   145.00000000000000        6.5663781306179070     
   146.00000000000000        6.6603244857427271     
   147.00000000000000        6.7536899094323370     
   148.00000000000000        6.8488716166901336     
   149.00000000000000        6.9426568822477197     
   150.00000000000000        7.0358524106573803     
   151.00000000000000        7.1306360444974972     
   152.00000000000000        7.2217811930149081     
   153.00000000000000        7.3134490861910786     
   154.00000000000000        7.4059383937036767     
   155.00000000000000        7.5009339670570130     
   156.00000000000000        7.6002311743237918     
   157.00000000000000        7.7000449398968298     
   158.00000000000000        7.7970939972399567     
   159.00000000000000        7.8998194922718339     
   160.00000000000000        8.0031621651642801     
   161.00000000000000        8.1045947620559158     
   162.00000000000000        8.2064788235376316     
   163.00000000000000        8.3104605972888717     
   164.00000000000000        8.4130155996539173     
   165.00000000000000        8.5151775827703808     
   166.00000000000000        8.6184382891921754     
   167.00000000000000        8.7194853228864062     
   168.00000000000000        8.8245042388723274     
   169.00000000000000        8.9331370242516854     
   170.00000000000000        9.0450748297745776     
   171.00000000000000        9.1571921628415076     
   172.00000000000000        9.2730340550002062     
   173.00000000000000        9.3845535663344410     
   174.00000000000000        9.4977596155769497     
   175.00000000000000        9.6150263468172366     
   176.00000000000000        9.7322977324789104     
   177.00000000000000        9.8492927366850367     
   178.00000000000000        9.9668803660769321     
   179.00000000000000        10.080631715775041     
   180.00000000000000        10.200998227071247     
   181.00000000000000        10.326977931512653     
   182.00000000000000        10.451607765547678     
   183.00000000000000        10.569103533402117     
   184.00000000000000        10.685835076211365     
   185.00000000000000        10.798025707912108     
   186.00000000000000        10.911468905794495     
   187.00000000000000        11.024638193987473     
   188.00000000000000        11.134412353864231     
   189.00000000000000        11.247985856052598     
   190.00000000000000        11.362538107853132     
   191.00000000000000        11.479618433088575     
   192.00000000000000        11.596035934680939     
   193.00000000000000        11.720379954605672     
   194.00000000000000        11.847049581265237     
   195.00000000000000        11.968063486701444     
   196.00000000000000        12.089759765976490     
   197.00000000000000        12.209592444715968     
   198.00000000000000        12.327975472051635     
   199.00000000000000        12.452718918566790     
   200.00000000000000        12.581957364375286     
   201.00000000000000        12.714676280180871     
   202.00000000000000        12.850727101157140     
   203.00000000000000        12.989991373055265     
   204.00000000000000        13.129206014243046     
   205.00000000000000        13.263245031141684     
   206.00000000000000        13.401476162107501     
   207.00000000000000        13.542611001994109     
   208.00000000000000        13.687399816180967     
   209.00000000000000        13.835390548543467     
   210.00000000000000        13.982882030336837     
   211.00000000000000        14.127358571976885     
   212.00000000000000        14.275676444244702     
   213.00000000000000        14.424031745914283     
   214.00000000000000        14.576346186251333     
   215.00000000000000        14.729413554084230     
   216.00000000000000        14.883686535466250     
   217.00000000000000        15.039169023787881     
   218.00000000000000        15.190969289518360     
   219.00000000000000        15.341647232638470     
   220.00000000000000        15.488851530176007     
   221.00000000000000        15.633581184631963     
   222.00000000000000        15.770492353895991     
   223.00000000000000        15.914391083418607     
   224.00000000000000        16.059685918014420     
   225.00000000000000        16.197190775196511     
   226.00000000000000        16.335111211902984     
   227.00000000000000        16.471430635145673     
   228.00000000000000        16.606739052734078     
   229.00000000000000        16.748831610321108     
   230.00000000000000        16.898904054600195     
   231.00000000000000        17.049871824220286     
   232.00000000000000        17.198473301623356     
   233.00000000000000        17.353224044984291     
   234.00000000000000        17.504156261731836     
   235.00000000000000        17.660333421734464     
   236.00000000000000        17.821682122376938     
   237.00000000000000        17.980717756821765     
   238.00000000000000        18.135604304797699     
   239.00000000000000        18.292325891899953     
   240.00000000000000        18.441579265709333     
   241.00000000000000        18.594575034676424     
   242.00000000000000        18.748865867936097     
   243.00000000000000        18.908928257363506     
   244.00000000000000        19.067622732127280     
   245.00000000000000        19.223536066947016     
   246.00000000000000        19.374667020347673     
   247.00000000000000        19.530597037470422     
   248.00000000000000        19.698348972224363     
   249.00000000000000        19.863767581156964     
   250.00000000000000        20.028210992117582     
   251.00000000000000        20.192713230484944     
   252.00000000000000        20.357332622294877     
   253.00000000000000        20.521859325470331     
   254.00000000000000        20.681138985246861     
   255.00000000000000        20.836278820674281     
   256.00000000000000        20.984589363298820     
   257.00000000000000        21.133321032172340     
   258.00000000000000        21.286964973328747     
   259.00000000000000        21.439034971278112     
   260.00000000000000        21.596590679573630     
   261.00000000000000        21.757499521563677     
   262.00000000000000        21.924396484711291     
   263.00000000000000        22.090014935197086     
   264.00000000000000        22.254478615746841     
   265.00000000000000        22.408829896487255     
   266.00000000000000        22.554346066207110     
   267.00000000000000        22.707353658171812     
   268.00000000000000        22.867434146170933     
   269.00000000000000        23.035958304119028     
   270.00000000000000        23.206920647939960     
   271.00000000000000        23.377450614217590     
   272.00000000000000        23.550050426982775     
   273.00000000000000        23.719977135961773     
   274.00000000000000        23.889017916211742     
   275.00000000000000        24.068507925863422     
   276.00000000000000        24.240781199799013     
   277.00000000000000        24.415817214596569     
   278.00000000000000        24.598533721992819     
   279.00000000000000        24.777361025700838     
   280.00000000000000        24.954295472646109     
   281.00000000000000        25.131964891430435     
   282.00000000000000        25.318193653334450     
   283.00000000000000        25.497949761997631     
   284.00000000000000        25.681200792415819     
   285.00000000000000        25.862715399825870     
   286.00000000000000        26.041043589851643     
   287.00000000000000        26.212069641598944     
   288.00000000000000        26.371616743630980     
   289.00000000000000        26.526821115887348     
   290.00000000000000        26.682693103720009     
   291.00000000000000        26.846762104343899     
   292.00000000000000        27.003607855603271     
   293.00000000000000        27.167872169803008     
   294.00000000000000        27.334849915714869     
   295.00000000000000        27.500369198993685     
   296.00000000000000        27.679320837683289     
   297.00000000000000        27.859696135634206     
   298.00000000000000        28.036993493213402     
   299.00000000000000        28.210649766862318     
   300.00000000000000        28.378022658896423     
   301.00000000000000        28.545472143144320     
   302.00000000000000        28.717436077335208     
   303.00000000000000        28.897230492838318     
   304.00000000000000        29.078220046312655     
   305.00000000000000        29.263163950723946     
   306.00000000000000        29.453768531111660     
   307.00000000000000        29.643289133773017     
   308.00000000000000        29.832775059254338     
   309.00000000000000        30.035455168130547     
   310.00000000000000        30.226978787392145     
   311.00000000000000        30.406413127969135     
   312.00000000000000        30.592752629485695     
   313.00000000000000        30.790557965804386     
   314.00000000000000        30.998049130705212     
   315.00000000000000        31.197666423013409     
   316.00000000000000        31.395896351165149     
   317.00000000000000        31.593983726670135     
   318.00000000000000        31.787448628691273     
   319.00000000000000        31.979546334624239     
   320.00000000000000        32.164514379409532     
   321.00000000000000        32.344094093164436     
   322.00000000000000        32.530082748885015     
   323.00000000000000        32.728477248684932     
   324.00000000000000        32.924785628743088     
   325.00000000000000        33.129486841531175     
   326.00000000000000        33.331755636154668     
   327.00000000000000        33.537671972297950     
   328.00000000000000        33.740958805466171     
   329.00000000000000        33.929073952635505     
   330.00000000000000        34.113249294442916     
   331.00000000000000        34.306565904497553     
   332.00000000000000        34.505785571191637     
   333.00000000000000        34.716251843975641     
   334.00000000000000        34.925430795108660     
   335.00000000000000        35.131584832697456     
   336.00000000000000        35.341351235748391     
   337.00000000000000        35.555938167568321     
   338.00000000000000        35.767949458275439     
   339.00000000000000        35.986972982837841     
   340.00000000000000        36.190315007949359     
   341.00000000000000        36.385834726168859     
   342.00000000000000        36.592962976048724     
   343.00000000000000        36.796243194326870     
   344.00000000000000        36.995992585762210     
   345.00000000000000        37.178165273890272     
   346.00000000000000        37.374917086016559     
   347.00000000000000        37.574501820023720     
   348.00000000000000        37.779504728517573     
   349.00000000000000        37.989195474458064     
   350.00000000000000        38.186955590406811     
   351.00000000000000        38.398957307836838     
   352.00000000000000        38.616043495217340     
   353.00000000000000        38.826269502107635     
   354.00000000000000        39.033588168581218     
   355.00000000000000        39.239907963548752     
   356.00000000000000        39.420866848105433     
   357.00000000000000        39.586992862635974     
   358.00000000000000        39.758478312555972     
   359.00000000000000        39.941745650670583     
   360.00000000000000        40.129429198328786     
   361.00000000000000        40.310943627202867     
   362.00000000000000        40.493082833697322     
   363.00000000000000        40.677284857087891     
   364.00000000000000        40.860335537852329     
   365.00000000000000        41.060254855625836     
   366.00000000000000        41.275703150286908     
   367.00000000000000        41.496246531362452     
   368.00000000000000        41.698390493026793     
   369.00000000000000        41.891647032279792     
   370.00000000000000        42.096071985454252     
   371.00000000000000        42.298312807637011     
   372.00000000000000        42.496417279529354     
   373.00000000000000        42.703428420818334     
   374.00000000000000        42.924038342296313     
   375.00000000000000        43.140057262900918     
   376.00000000000000        43.347173011587309     
   377.00000000000000        43.569935150398486     
   378.00000000000000        43.802474375886604     
   379.00000000000000        44.024159637531355     
   380.00000000000000        44.249646367329007     
   381.00000000000000        44.488772220484762     
   382.00000000000000        44.738078101203122     
   383.00000000000000        44.993993314844019     
   384.00000000000000        45.248457192732332     
   385.00000000000000        45.497220318112028     
   386.00000000000000        45.741647817431165     
   387.00000000000000        45.986056288958139     
   388.00000000000000        46.220483032312451     
   389.00000000000000        46.471939671672459     
   390.00000000000000        46.723440343792269     
   391.00000000000000        46.987654378854373     
   392.00000000000000        47.252856040621502     
   393.00000000000000        47.530872822134633     
   394.00000000000000        47.799363380923019     
   395.00000000000000        48.057178335399477     
   396.00000000000000        48.316815660920163     
   397.00000000000000        48.578571293439879     
   398.00000000000000        48.823811849514279     
   399.00000000000000        49.074272372490611     
   400.00000000000000        49.327797344649667     
   401.00000000000000        49.583142601732611     
   402.00000000000000        49.836667493022340     
   403.00000000000000        50.099256943378116     
   404.00000000000000        50.360300589717866     
   405.00000000000000        50.619382755883457     
   406.00000000000000        50.867782097592190     
   407.00000000000000        51.120953581082034     
   408.00000000000000        51.377902267230297     
   409.00000000000000        51.644546811567672     
   410.00000000000000        51.900717740106593     
   411.00000000000000        52.137658837027338     
   412.00000000000000        52.387906954654596     
   413.00000000000000        52.659519960161020     
   414.00000000000000        52.934473099779296     
   415.00000000000000        53.206429320306412     
   416.00000000000000        53.483519673001609     
   417.00000000000000        53.765406793169895     
   418.00000000000000        54.050175166800436     
   419.00000000000000        54.317211650042061     
   420.00000000000000        54.604692723605929     
   421.00000000000000        54.898214032775442     
   422.00000000000000        55.186406376831982     
   423.00000000000000        55.486407359997116     
   424.00000000000000        55.790305743697530     
   425.00000000000000        56.111419659422118     
   426.00000000000000        56.444087014980944     
   427.00000000000000        56.773440279147820     
   428.00000000000000        57.111903997600251     
   429.00000000000000        57.433012522149703     
   430.00000000000000        57.729387550220814     
   431.00000000000000        58.026958201501465     
   432.00000000000000        58.333051308710402     
   433.00000000000000        58.635917626338781     
   434.00000000000000        58.930954813973941     
   435.00000000000000        59.207766490505179     
   436.00000000000000        59.490403157321047     
   437.00000000000000        59.744458206775455     
   438.00000000000000        59.998917545665137     
   439.00000000000000        60.260626029047863     
   440.00000000000000        60.506553022967623     
   441.00000000000000        60.754662810690810     
   442.00000000000000        61.008560649150439     
   443.00000000000000        61.275198184515716     
   444.00000000000000        61.544732457344018     
   445.00000000000000        61.809795910427766     
   446.00000000000000        62.080528405647733     
   447.00000000000000        62.338532521035845     
   448.00000000000000        62.607251643175672     
   449.00000000000000        62.883122739302159     
   450.00000000000000        63.152834951984843     
   451.00000000000000        63.447011271391013     
   452.00000000000000        63.756961088035403     
   453.00000000000000        64.068511661972437     
   454.00000000000000        64.382397962569726     
   455.00000000000000        64.702839700660277     
   456.00000000000000        65.017069427481957     
   457.00000000000000        65.324003405222726     
   458.00000000000000        65.636788805592033     
   459.00000000000000        65.945661414640085     
   460.00000000000000        66.253668739861070     
   461.00000000000000        66.579466014406108     
   462.00000000000000        66.905168600005581     
   463.00000000000000        67.215644373080494     
   464.00000000000000        67.556562184690975     
   465.00000000000000        67.897242502479969     
   466.00000000000000        68.235266110147577     
   467.00000000000000        68.574107977397588     
   468.00000000000000        68.930265422880197     
   469.00000000000000        69.283758396830663     
   470.00000000000000        69.654479938564293     
   471.00000000000000        70.028608108422588     
   472.00000000000000        70.387345860657433     
   473.00000000000000        70.739294280350919     
   474.00000000000000        71.088192343010576     
   475.00000000000000        71.417604775302536     
   476.00000000000000        71.745508504303103     
   477.00000000000000        72.078583582304901     
   478.00000000000000        72.404354384845988     
   479.00000000000000        72.710282670421492     
   480.00000000000000        73.021468160978529     
   481.00000000000000        73.322714660333958     
   482.00000000000000        73.623567143746570     
   483.00000000000000        73.959756370439749     
   484.00000000000000        74.296461570783578     
   485.00000000000000        74.599148649847038     
   486.00000000000000        74.887304167230809     
   487.00000000000000        75.197105074944417     
   488.00000000000000        75.499140187456277     
   489.00000000000000        75.776960399690353     
   490.00000000000000        76.043630143988651     
   491.00000000000000        76.276732905354734     
   492.00000000000000        76.482975128295067     
   493.00000000000000        76.689383570720040     
   494.00000000000000        76.895997380490627     
   495.00000000000000        77.095721653731061     
   496.00000000000000        77.306776137646395     
   497.00000000000000        77.513730489663118     
   498.00000000000000        77.751107468806254     
   499.00000000000000        77.983475645623912     
   500.00000000000000        78.202595247089633     
   501.00000000000000        78.419243334587591     
