   1.0000000000000000        3.0099673338145505E-004
   2.0000000000000000        1.1351370473678334E-003
   3.0000000000000000        2.4681498123814084E-003
   4.0000000000000000        4.2643944938130316E-003
   5.0000000000000000        6.4958506058615476E-003
   6.0000000000000000        9.2204830641327909E-003
   7.0000000000000000        1.2460229741245216E-002
   8.0000000000000000        1.6188810359362222E-002
   9.0000000000000000        2.0364489826492253E-002
   10.000000000000000        2.4963800385522348E-002
   11.000000000000000        3.0085907788883908E-002
   12.000000000000000        3.5765479203725928E-002
   13.000000000000000        4.1846381692092635E-002
   14.000000000000000        4.8292179173652652E-002
   15.000000000000000        5.5206253451036393E-002
   16.000000000000000        6.2717195379055804E-002
   17.000000000000000        7.0541265489893049E-002
   18.000000000000000        7.9044954950386048E-002
   19.000000000000000        8.8143606809320887E-002
   20.000000000000000        9.7971168932997788E-002
   21.000000000000000       0.10805255323250040     
   22.000000000000000       0.11856626321345430     
   23.000000000000000       0.12946893714189217     
   24.000000000000000       0.14087419356436898     
   25.000000000000000       0.15254412315302088     
   26.000000000000000       0.16490713676983990     
   27.000000000000000       0.17798274947488235     
   28.000000000000000       0.19118210491558510     
   29.000000000000000       0.20465344142825698     
   30.000000000000000       0.21864648013156268     
   31.000000000000000       0.23349789862247827     
   32.000000000000000       0.24877695230871899     
   33.000000000000000       0.26480495297108048     
   34.000000000000000       0.28138080289880435     
   35.000000000000000       0.29819870341984817     
   36.000000000000000       0.31520136273322930     
   37.000000000000000       0.33354756249398571     
   38.000000000000000       0.35181697812543478     
   39.000000000000000       0.37034486028428382     
   40.000000000000000       0.38934754680749079     
   41.000000000000000       0.40958620047599359     
   42.000000000000000       0.42975672658003938     
   43.000000000000000       0.45003655632617684     
   44.000000000000000       0.47088872626413442     
   45.000000000000000       0.49256572329423437     
   46.000000000000000       0.51510091244085787     
   47.000000000000000       0.53774500653205892     
   48.000000000000000       0.56029304944545766     
   49.000000000000000       0.58393416419202515     
   50.000000000000000       0.60754439059526988     
   51.000000000000000       0.63064295472650556     
   52.000000000000000       0.65386389392926325     
   53.000000000000000       0.67754548619289245     
   54.000000000000000       0.70254047155116506     
   55.000000000000000       0.72889019397572763     
   56.000000000000000       0.75574126397114594     
   57.000000000000000       0.78226964324067871     
   58.000000000000000       0.80960991845587704     
   59.000000000000000       0.83890250912645703     
   60.000000000000000       0.86837270718576676     
   61.000000000000000       0.89818997698535097     
   62.000000000000000       0.92843481496608249     
   63.000000000000000       0.95855823170289800     
   64.000000000000000       0.98833513209366552     
   65.000000000000000        1.0196328686051930     
   66.000000000000000        1.0519222409926534     
   67.000000000000000        1.0837461098486736     
   68.000000000000000        1.1181285001323353     
   69.000000000000000        1.1544951337926557     
   70.000000000000000        1.1891417438272978     
   71.000000000000000        1.2212929394920762     
   72.000000000000000        1.2532007662860452     
   73.000000000000000        1.2879980619817117     
   74.000000000000000        1.3244271979451587     
   75.000000000000000        1.3598730825379730     
   76.000000000000000        1.3962433702342696     
   77.000000000000000        1.4327987895926977     
   78.000000000000000        1.4697346040176806     
   79.000000000000000        1.5079733811317391     
   80.000000000000000        1.5457835242475075     
   81.000000000000000        1.5854554514161527     
   82.000000000000000        1.6262799559168111     
   83.000000000000000        1.6649708051198344     
   84.000000000000000        1.7025722079140064     
   85.000000000000000        1.7421244399927154     
   86.000000000000000        1.7846627905663390     
   87.000000000000000        1.8267666699608656     
   88.000000000000000        1.8685661939291975     
   89.000000000000000        1.9109250391726382     
   90.000000000000000        1.9552392850890701     
   91.000000000000000        2.0007077591875495     
   92.000000000000000        2.0467776026221123     
   93.000000000000000        2.0932477541387953     
   94.000000000000000        2.1406854611965795     
   95.000000000000000        2.1893409660138290     
   96.000000000000000        2.2344153224727075     
   97.000000000000000        2.2789441339984511     
   98.000000000000000        2.3238191210292052     
   99.000000000000000        2.3720680381863821     
   100.00000000000000        2.4194436516643458     
   101.00000000000000        2.4662149088582277     
   102.00000000000000        2.5148931392135982     
   103.00000000000000        2.5674128365293463     
   104.00000000000000        2.6229577882883759     
   105.00000000000000        2.6767641593892422     
   106.00000000000000        2.7320259115579466     
   107.00000000000000        2.7859764869446124     
   108.00000000000000        2.8391148011008647     
   109.00000000000000        2.8932484168307528     
   110.00000000000000        2.9481909539329760     
   111.00000000000000        3.0049534643807969     
   112.00000000000000        3.0591707710585490     
   113.00000000000000        3.1138498671521635     
   114.00000000000000        3.1692540864565486     
   115.00000000000000        3.2254037152889117     
   116.00000000000000        3.2835050284936962     
   117.00000000000000        3.3389729082344934     
   118.00000000000000        3.3923138891175513     
   119.00000000000000        3.4500053790739855     
   120.00000000000000        3.5105485270595982     
   121.00000000000000        3.5691755119971194     
   122.00000000000000        3.6299795993234953     
   123.00000000000000        3.6933746388154400     
   124.00000000000000        3.7587951774501267     
   125.00000000000000        3.8241465965114800     
   126.00000000000000        3.8845542865341471     
   127.00000000000000        3.9457852765073289     
   128.00000000000000        4.0091289184684316     
   129.00000000000000        4.0747652825725780     
   130.00000000000000        4.1354567143617906     
   131.00000000000000        4.1976170512588160     
   132.00000000000000        4.2629693479474833     
   133.00000000000000        4.3273009340902293     
   134.00000000000000        4.3901986253854783     
   135.00000000000000        4.4571447769252490     
   136.00000000000000        4.5291922606925139     
   137.00000000000000        4.6063726873235336     
   138.00000000000000        4.6774406718149306     
   139.00000000000000        4.7532799144825741     
   140.00000000000000        4.8312861099288904     
   141.00000000000000        4.9115055227528011     
   142.00000000000000        4.9907924128401193     
   143.00000000000000        5.0772528333118379     
   144.00000000000000        5.1630949443622960     
   145.00000000000000        5.2399607827739212     
   146.00000000000000        5.3209836518270341     
   147.00000000000000        5.4016983487194095     
   148.00000000000000        5.4827099270672024     
   149.00000000000000        5.5630239416263549     
   150.00000000000000        5.6394927422298524     
   151.00000000000000        5.7162364868349034     
   152.00000000000000        5.8009305764677537     
   153.00000000000000        5.8831852837609349     
   154.00000000000000        5.9594757524604507     
   155.00000000000000        6.0401516765199412     
   156.00000000000000        6.1211483207370483     
   157.00000000000000        6.2061078246399015     
   158.00000000000000        6.2890509912277919     
   159.00000000000000        6.3659389140158771     
   160.00000000000000        6.4425093859805003     
   161.00000000000000        6.5159803980253033     
   162.00000000000000        6.5905973898703962     
   163.00000000000000        6.6613376643132609     
   164.00000000000000        6.7424708475931840     
   165.00000000000000        6.8263408591186234     
   166.00000000000000        6.9070233458875094     
   167.00000000000000        6.9811537533069217     
   168.00000000000000        7.0561501438662351     
   169.00000000000000        7.1318022155709242     
   170.00000000000000        7.2061592192537081     
   171.00000000000000        7.2830837098449139     
   172.00000000000000        7.3582949274058711     
   173.00000000000000        7.4364228794453204     
   174.00000000000000        7.5112547570891222     
   175.00000000000000        7.5856842484356051     
   176.00000000000000        7.6681852559400872     
   177.00000000000000        7.7556992769034370     
   178.00000000000000        7.8428302230228297     
   179.00000000000000        7.9273407483539557     
   180.00000000000000        8.0117058101106320     
   181.00000000000000        8.0971260783585777     
   182.00000000000000        8.1863543748069798     
   183.00000000000000        8.2731322832074969     
   184.00000000000000        8.3553257910120404     
   185.00000000000000        8.4420304911553785     
   186.00000000000000        8.5315331155325822     
   187.00000000000000        8.6182219629307859     
   188.00000000000000        8.7134028816560090     
   189.00000000000000        8.8161878740111206     
   190.00000000000000        8.9237480325007379     
   191.00000000000000        9.0352574703949546     
   192.00000000000000        9.1404267594798672     
   193.00000000000000        9.2296742973425889     
   194.00000000000000        9.3170518482758915     
   195.00000000000000        9.4013514733834000     
   196.00000000000000        9.4786863783185957     
   197.00000000000000        9.5634586740236625     
   198.00000000000000        9.6607952288320877     
   199.00000000000000        9.7667298992776335     
   200.00000000000000        9.8653458244207624     
   201.00000000000000        9.9564546499357736     
   202.00000000000000        10.043319248994896     
   203.00000000000000        10.137181567920562     
   204.00000000000000        10.227944918711191     
   205.00000000000000        10.332687128665722     
   206.00000000000000        10.451257454517641     
   207.00000000000000        10.562102324627944     
   208.00000000000000        10.670577122401923     
   209.00000000000000        10.780458671113333     
   210.00000000000000        10.882469322240235     
   211.00000000000000        10.993904916457993     
   212.00000000000000        11.107804214059891     
   213.00000000000000        11.222306277683593     
   214.00000000000000        11.331126958068849     
   215.00000000000000        11.430054564353121     
   216.00000000000000        11.530184107124180     
   217.00000000000000        11.632162042283214     
   218.00000000000000        11.734604625408002     
   219.00000000000000        11.844048175542582     
   220.00000000000000        11.959455853225041     
   221.00000000000000        12.073443478005908     
   222.00000000000000        12.191097335442892     
   223.00000000000000        12.294689856998305     
   224.00000000000000        12.399700183703924     
   225.00000000000000        12.513706032618471     
   226.00000000000000        12.621288137134776     
   227.00000000000000        12.733963823462402     
   228.00000000000000        12.846388784797558     
   229.00000000000000        12.952213454723280     
   230.00000000000000        13.065076637356375     
   231.00000000000000        13.187659916171155     
   232.00000000000000        13.312349819212717     
   233.00000000000000        13.442294410591883     
   234.00000000000000        13.577469038906974     
   235.00000000000000        13.717451007559168     
   236.00000000000000        13.853078777542356     
   237.00000000000000        13.998557636347080     
   238.00000000000000        14.134865111972500     
   239.00000000000000        14.259740530605900     
   240.00000000000000        14.390529241603341     
   241.00000000000000        14.524351972786461     
   242.00000000000000        14.664584943675520     
   243.00000000000000        14.809345803305433     
   244.00000000000000        14.956205396158277     
   245.00000000000000        15.098647840110949     
   246.00000000000000        15.251026686895532     
   247.00000000000000        15.396918551587255     
   248.00000000000000        15.522930906369208     
   249.00000000000000        15.652854627052809     
   250.00000000000000        15.792166123918513     
   251.00000000000000        15.929070504421706     
   252.00000000000000        16.064981848570373     
   253.00000000000000        16.213562659950785     
   254.00000000000000        16.358995982823242     
   255.00000000000000        16.509085785231001     
   256.00000000000000        16.657845518161992     
   257.00000000000000        16.803328807100964     
   258.00000000000000        16.936290515664545     
   259.00000000000000        17.078806872470391     
   260.00000000000000        17.225644516560308     
   261.00000000000000        17.375976804103203     
   262.00000000000000        17.517982805229387     
   263.00000000000000        17.650044303770635     
   264.00000000000000        17.775844247288266     
   265.00000000000000        17.884467224196214     
   266.00000000000000        17.999139018458568     
   267.00000000000000        18.114214676979731     
   268.00000000000000        18.246542559653534     
   269.00000000000000        18.376924378933598     
   270.00000000000000        18.503913184111564     
   271.00000000000000        18.639081229069227     
   272.00000000000000        18.777689886367448     
   273.00000000000000        18.916352014700006     
   274.00000000000000        19.053544330180902     
   275.00000000000000        19.206745497144858     
   276.00000000000000        19.364961708592169     
   277.00000000000000        19.537055867397797     
   278.00000000000000        19.718142784754892     
   279.00000000000000        19.905450868697940     
   280.00000000000000        20.094802328853923     
   281.00000000000000        20.296418646024314     
   282.00000000000000        20.487774695892369     
   283.00000000000000        20.676578289595575     
   284.00000000000000        20.862184249146090     
   285.00000000000000        21.044173731888904     
   286.00000000000000        21.215969451397726     
   287.00000000000000        21.379073365108940     
   288.00000000000000        21.541902214394884     
   289.00000000000000        21.709363668168251     
   290.00000000000000        21.852867851349462     
   291.00000000000000        22.002425335601526     
   292.00000000000000        22.161973450493790     
   293.00000000000000        22.319032485586590     
   294.00000000000000        22.478856267668402     
   295.00000000000000        22.646583704533057     
   296.00000000000000        22.816787514228412     
   297.00000000000000        22.991338010054019     
   298.00000000000000        23.142658709680365     
   299.00000000000000        23.280551734027298     
   300.00000000000000        23.441800697369263     
   301.00000000000000        23.594065829611953     
   302.00000000000000        23.749926301205409     
   303.00000000000000        23.922519399317768     
   304.00000000000000        24.092272569287402     
   305.00000000000000        24.250376601544641     
   306.00000000000000        24.414261996578997     
   307.00000000000000        24.595666335754526     
   308.00000000000000        24.775312380909334     
   309.00000000000000        24.945090307551151     
   310.00000000000000        25.113233907157742     
   311.00000000000000        25.301866515096744     
   312.00000000000000        25.491949804552007     
   313.00000000000000        25.669587181598690     
   314.00000000000000        25.821719329988198     
   315.00000000000000        25.962961079000763     
   316.00000000000000        26.111806989037127     
   317.00000000000000        26.269999315636280     
   318.00000000000000        26.421814262503570     
   319.00000000000000        26.572867381315060     
   320.00000000000000        26.707418704135108     
   321.00000000000000        26.846442862348017     
   322.00000000000000        26.982212243146485     
   323.00000000000000        27.129127229114822     
   324.00000000000000        27.281400672934037     
   325.00000000000000        27.415007691346879     
   326.00000000000000        27.541995725079058     
   327.00000000000000        27.655663055837646     
   328.00000000000000        27.775603599446377     
   329.00000000000000        27.904954927006585     
   330.00000000000000        28.041475508896276     
   331.00000000000000        28.180511771253208     
   332.00000000000000        28.315032075655271     
   333.00000000000000        28.461899433751579     
   334.00000000000000        28.604365089962997     
   335.00000000000000        28.764174227115237     
   336.00000000000000        28.918105399359341     
   337.00000000000000        29.055162271457171     
   338.00000000000000        29.236376024505361     
   339.00000000000000        29.430880466573598     
   340.00000000000000        29.615399598191036     
   341.00000000000000        29.809212865544058     
   342.00000000000000        30.008840449278473     
   343.00000000000000        30.207025300206482     
   344.00000000000000        30.403234232363346     
   345.00000000000000        30.596383844696796     
   346.00000000000000        30.807849816843124     
   347.00000000000000        31.009295275317363     
   348.00000000000000        31.210286171339007     
   349.00000000000000        31.420004309464986     
   350.00000000000000        31.643224400900596     
   351.00000000000000        31.872196032233308     
   352.00000000000000        32.092534088162580     
   353.00000000000000        32.313321457826277     
   354.00000000000000        32.535603423129480     
   355.00000000000000        32.753051119332646     
   356.00000000000000        32.975510678061731     
   357.00000000000000        33.198379253000688     
   358.00000000000000        33.439161759654361     
   359.00000000000000        33.691776550906141     
   360.00000000000000        33.913408188357828     
   361.00000000000000        34.137670682679286     
   362.00000000000000        34.340357292504223     
   363.00000000000000        34.539226969347951     
   364.00000000000000        34.748345626751089     
   365.00000000000000        34.943435723113510     
   366.00000000000000        35.120820981634289     
   367.00000000000000        35.296208702721103     
   368.00000000000000        35.475040697462624     
   369.00000000000000        35.637251602349593     
   370.00000000000000        35.776038378783269     
   371.00000000000000        35.901372953478869     
   372.00000000000000        36.052998141096708     
   373.00000000000000        36.247870164843505     
   374.00000000000000        36.470655802882050     
   375.00000000000000        36.672157813887026     
   376.00000000000000        36.851218620371021     
   377.00000000000000        37.034063221280284     
   378.00000000000000        37.228316674173755     
   379.00000000000000        37.423591020350578     
   380.00000000000000        37.613809570436693     
   381.00000000000000        37.802550347784297     
   382.00000000000000        38.009833451629724     
   383.00000000000000        38.225045658329037     
   384.00000000000000        38.448581746750513     
   385.00000000000000        38.684043603531229     
   386.00000000000000        38.938899081016181     
   387.00000000000000        39.150597606297360     
   388.00000000000000        39.355716036199965     
   389.00000000000000        39.559291323695895     
   390.00000000000000        39.749736468924588     
   391.00000000000000        39.936332812934296     
   392.00000000000000        40.128995539064761     
   393.00000000000000        40.317477227726343     
   394.00000000000000        40.528248486425099     
   395.00000000000000        40.731293013623308     
   396.00000000000000        40.927226176735573     
   397.00000000000000        41.131192477873093     
   398.00000000000000        41.346691469623778     
   399.00000000000000        41.574795768981225     
   400.00000000000000        41.789337850564422     
   401.00000000000000        41.999229750471528     
   402.00000000000000        42.226192958811119     
   403.00000000000000        42.448917218396964     
   404.00000000000000        42.643586287219698     
   405.00000000000000        42.838397263428298     
   406.00000000000000        43.078401784597496     
   407.00000000000000        43.311876007970746     
   408.00000000000000        43.538655511456987     
   409.00000000000000        43.769383800199364     
   410.00000000000000        43.996814576535307     
   411.00000000000000        44.217847235457967     
   412.00000000000000        44.460374933784102     
   413.00000000000000        44.711067794184444     
   414.00000000000000        44.942631002796340     
   415.00000000000000        45.166473384276955     
   416.00000000000000        45.371951596975201     
   417.00000000000000        45.563596138668565     
   418.00000000000000        45.730977063679497     
   419.00000000000000        45.873215245209906     
   420.00000000000000        46.038691639403716     
   421.00000000000000        46.206765032867239     
   422.00000000000000        46.392389536836681     
   423.00000000000000        46.604700407726718     
   424.00000000000000        46.843074192070659     
   425.00000000000000        47.070596542283020     
   426.00000000000000        47.297942690005328     
   427.00000000000000        47.538598940266525     
   428.00000000000000        47.760445463640373     
   429.00000000000000        47.971234820655297     
   430.00000000000000        48.213707238054212     
   431.00000000000000        48.467559859348619     
   432.00000000000000        48.717483172240925     
   433.00000000000000        48.950775866843145     
   434.00000000000000        49.177745836267455     
   435.00000000000000        49.429092212443869     
   436.00000000000000        49.655375457758105     
   437.00000000000000        49.875582219807377     
   438.00000000000000        50.104528169194857     
   439.00000000000000        50.330828618272051     
   440.00000000000000        50.567074729019033     
   441.00000000000000        50.810410791182974     
   442.00000000000000        51.054699528234202     
   443.00000000000000        51.265980647072446     
   444.00000000000000        51.470073690380673     
   445.00000000000000        51.661474769859375     
   446.00000000000000        51.853905862961675     
   447.00000000000000        52.039817884374727     
   448.00000000000000        52.199991328524554     
   449.00000000000000        52.404464610044478     
   450.00000000000000        52.666404169915381     
   451.00000000000000        52.935086303841160     
   452.00000000000000        53.204313644511522     
   453.00000000000000        53.419699043642112     
   454.00000000000000        53.617418447449282     
   455.00000000000000        53.802102435123167     
   456.00000000000000        53.998128895733771     
   457.00000000000000        54.216426871508389     
   458.00000000000000        54.437872786935571     
   459.00000000000000        54.700285873809868     
   460.00000000000000        54.939963621266209     
   461.00000000000000        55.208477056084462     
   462.00000000000000        55.498663157410199     
   463.00000000000000        55.779970791538652     
   464.00000000000000        56.081555994243288     
   465.00000000000000        56.358635344540993     
   466.00000000000000        56.621266220500885     
   467.00000000000000        56.823121450015194     
   468.00000000000000        56.985822311885308     
   469.00000000000000        57.185408049019301     
   470.00000000000000        57.420012510313072     
   471.00000000000000        57.641738605841780     
   472.00000000000000        57.858888826474683     
   473.00000000000000        58.088052748208874     
   474.00000000000000        58.337562867849151     
   475.00000000000000        58.588624074120780     
   476.00000000000000        58.788201844134086     
   477.00000000000000        58.975017018565460     
   478.00000000000000        59.191640494827716     
   479.00000000000000        59.416458657019227     
   480.00000000000000        59.630227726641458     
   481.00000000000000        59.839587046383151     
   482.00000000000000        60.042750022262958     
   483.00000000000000        60.240396032216722     
   484.00000000000000        60.362696032937315     
   485.00000000000000        60.494337335557802     
   486.00000000000000        60.662661076231068     
   487.00000000000000        60.844878707401911     
   488.00000000000000        61.015122768555955     
   489.00000000000000        61.180961527286058     
   490.00000000000000        61.371338119059970     
   491.00000000000000        61.568515940202879     
   492.00000000000000        61.776980976336681     
   493.00000000000000        62.003035867449377     
   494.00000000000000        62.227845396569087     
   495.00000000000000        62.452682152734525     
   496.00000000000000        62.691447581200059     
   497.00000000000000        62.960446581253521     
   498.00000000000000        63.223677866473565     
   499.00000000000000        63.502205780369835     
   500.00000000000000        63.766885491985960     
   501.00000000000000        64.016267420081235     
