   1.0000000000000000        3.0303136816968635E-004
   2.0000000000000000        1.0712433747612695E-003
   3.0000000000000000        2.2451902222501798E-003
   4.0000000000000000        3.8396010930823758E-003
   5.0000000000000000        5.8422939427093820E-003
   6.0000000000000000        8.2389227790211159E-003
   7.0000000000000000        1.1067053432858095E-002
   8.0000000000000000        1.4260645688600833E-002
   9.0000000000000000        1.7872904638409622E-002
   10.000000000000000        2.1840149320165401E-002
   11.000000000000000        2.6222551687278058E-002
   12.000000000000000        3.1048158470745480E-002
   13.000000000000000        3.6305241353404516E-002
   14.000000000000000        4.2097528230247955E-002
   15.000000000000000        4.8331307421928225E-002
   16.000000000000000        5.4804735122936606E-002
   17.000000000000000        6.1822137185924407E-002
   18.000000000000000        6.9218454331644697E-002
   19.000000000000000        7.7173871143746395E-002
   20.000000000000000        8.5710727884787036E-002
   21.000000000000000        9.4483154409270353E-002
   22.000000000000000       0.10360312744306580     
   23.000000000000000       0.11312419064196114     
   24.000000000000000       0.12271523727167541     
   25.000000000000000       0.13302545080082376     
   26.000000000000000       0.14364825593729030     
   27.000000000000000       0.15457468707591299     
   28.000000000000000       0.16614062463825244     
   29.000000000000000       0.17816542558677673     
   30.000000000000000       0.19085594058521904     
   31.000000000000000       0.20356827697982205     
   32.000000000000000       0.21668031106631938     
   33.000000000000000       0.23014519420308197     
   34.000000000000000       0.24430308638118758     
   35.000000000000000       0.25865890027031341     
   36.000000000000000       0.27410481232063227     
   37.000000000000000       0.28971127238030886     
   38.000000000000000       0.30473433344615231     
   39.000000000000000       0.32015540435405709     
   40.000000000000000       0.33709739707717551     
   41.000000000000000       0.35433214690118681     
   42.000000000000000       0.37211972473075550     
   43.000000000000000       0.38962325063650366     
   44.000000000000000       0.40658198297578818     
   45.000000000000000       0.42453325417894583     
   46.000000000000000       0.44236195199397582     
   47.000000000000000       0.46078529418883379     
   48.000000000000000       0.48000423653094665     
   49.000000000000000       0.49862953986523062     
   50.000000000000000       0.51856935434741191     
   51.000000000000000       0.53930178273048024     
   52.000000000000000       0.56045717245181159     
   53.000000000000000       0.58225124867287414     
   54.000000000000000       0.60371286791224821     
   55.000000000000000       0.62475725581346320     
   56.000000000000000       0.64596442916698560     
   57.000000000000000       0.66842145245893991     
   58.000000000000000       0.69148158049373176     
   59.000000000000000       0.71493753341230826     
   60.000000000000000       0.74061593909717471     
   61.000000000000000       0.76905872060935454     
   62.000000000000000       0.79645558654380577     
   63.000000000000000       0.82404195486926501     
   64.000000000000000       0.85110291617608014     
   65.000000000000000       0.87916391520599435     
   66.000000000000000       0.90894814024249293     
   67.000000000000000       0.93873421222193443     
   68.000000000000000       0.96641592537063969     
   69.000000000000000       0.99522981883253492     
   70.000000000000000        1.0247557652917467     
   71.000000000000000        1.0536347611329444     
   72.000000000000000        1.0840373592663228     
   73.000000000000000        1.1141285647638928     
   74.000000000000000        1.1439032165333745     
   75.000000000000000        1.1748102911110947     
   76.000000000000000        1.2074417577114580     
   77.000000000000000        1.2400524281732197     
   78.000000000000000        1.2732035269731430     
   79.000000000000000        1.3075035452528752     
   80.000000000000000        1.3446384612259448     
   81.000000000000000        1.3818854286085918     
   82.000000000000000        1.4187309907704846     
   83.000000000000000        1.4547912445412980     
   84.000000000000000        1.4881225798885878     
   85.000000000000000        1.5231518369977584     
   86.000000000000000        1.5610648574369497     
   87.000000000000000        1.5964963651165427     
   88.000000000000000        1.6326514068073259     
   89.000000000000000        1.6694460728260689     
   90.000000000000000        1.7058032927407569     
   91.000000000000000        1.7445354093955729     
   92.000000000000000        1.7844162260118419     
   93.000000000000000        1.8233983906885434     
   94.000000000000000        1.8638177058731573     
   95.000000000000000        1.9068271776153680     
   96.000000000000000        1.9486724092143910     
   97.000000000000000        1.9881558523239109     
   98.000000000000000        2.0298056922982162     
   99.000000000000000        2.0723164750214140     
   100.00000000000000        2.1186144036635937     
   101.00000000000000        2.1630341865476499     
   102.00000000000000        2.2077122861913083     
   103.00000000000000        2.2526414343993468     
   104.00000000000000        2.2976145435515840     
   105.00000000000000        2.3426241802888166     
   106.00000000000000        2.3893144788603147     
   107.00000000000000        2.4355184158486205     
   108.00000000000000        2.4825107477621677     
   109.00000000000000        2.5352237309281236     
   110.00000000000000        2.5851453527001231     
   111.00000000000000        2.6303597858946812     
   112.00000000000000        2.6780461907552020     
   113.00000000000000        2.7279669538937119     
   114.00000000000000        2.7801762106540209     
   115.00000000000000        2.8343071604844092     
   116.00000000000000        2.8835433482910653     
   117.00000000000000        2.9342246604655480     
   118.00000000000000        2.9895207591757886     
   119.00000000000000        3.0419511711035834     
   120.00000000000000        3.0980175529019953     
   121.00000000000000        3.1537544431863767     
   122.00000000000000        3.2066804858225328     
   123.00000000000000        3.2617702877851520     
   124.00000000000000        3.3223038217212122     
   125.00000000000000        3.3832517811488678     
   126.00000000000000        3.4381715263241439     
   127.00000000000000        3.4931804615843784     
   128.00000000000000        3.5519588066897572     
   129.00000000000000        3.6118484596666778     
   130.00000000000000        3.6684404936945847     
   131.00000000000000        3.7258532595140652     
   132.00000000000000        3.7860877138838309     
   133.00000000000000        3.8408377274913739     
   134.00000000000000        3.8977914959599884     
   135.00000000000000        3.9554073964529608     
   136.00000000000000        4.0106175322750452     
   137.00000000000000        4.0763133863284668     
   138.00000000000000        4.1430049566990830     
   139.00000000000000        4.2099189512100379     
   140.00000000000000        4.2797109426345781     
   141.00000000000000        4.3480618465323566     
   142.00000000000000        4.4185460853879563     
   143.00000000000000        4.4875364027560716     
   144.00000000000000        4.5553177484970462     
   145.00000000000000        4.6239840245332680     
   146.00000000000000        4.6946546716033115     
   147.00000000000000        4.7710525023037764     
   148.00000000000000        4.8414130173076444     
   149.00000000000000        4.9120950628860287     
   150.00000000000000        4.9849727552838754     
   151.00000000000000        5.0550709694830349     
   152.00000000000000        5.1293235854388364     
   153.00000000000000        5.1986701800091932     
   154.00000000000000        5.2665519622840646     
   155.00000000000000        5.3331865195082182     
   156.00000000000000        5.3995577132376216     
   157.00000000000000        5.4710950612571345     
   158.00000000000000        5.5456135156383244     
   159.00000000000000        5.6119459228004116     
   160.00000000000000        5.6808148882874114     
   161.00000000000000        5.7532036458772806     
   162.00000000000000        5.8221169184818873     
   163.00000000000000        5.8884649771608215     
   164.00000000000000        5.9578594771181415     
   165.00000000000000        6.0292507497318288     
   166.00000000000000        6.0972935493543696     
   167.00000000000000        6.1636226402130427     
   168.00000000000000        6.2296550047508363     
   169.00000000000000        6.3025072133611193     
   170.00000000000000        6.3729784429525651     
   171.00000000000000        6.4339051581372457     
   172.00000000000000        6.4978874725582818     
   173.00000000000000        6.5662751782100433     
   174.00000000000000        6.6365561199003293     
   175.00000000000000        6.7058018437034024     
   176.00000000000000        6.7850246055872638     
   177.00000000000000        6.8554713224520034     
   178.00000000000000        6.9211947616011376     
   179.00000000000000        6.9913698499742125     
   180.00000000000000        7.0669599308888031     
   181.00000000000000        7.1408272014692811     
   182.00000000000000        7.2166262084936630     
   183.00000000000000        7.3002167599060339     
   184.00000000000000        7.3827924550269604     
   185.00000000000000        7.4552954152567761     
   186.00000000000000        7.5281550395895565     
   187.00000000000000        7.6137609210716315     
   188.00000000000000        7.7106041196009771     
   189.00000000000000        7.8061392154602540     
   190.00000000000000        7.8996770763556023     
   191.00000000000000        7.9909799142975810     
   192.00000000000000        8.0801984964180686     
   193.00000000000000        8.1705064229201998     
   194.00000000000000        8.2510625511019953     
   195.00000000000000        8.3345090955247372     
   196.00000000000000        8.4174729897584335     
   197.00000000000000        8.4920423953350319     
   198.00000000000000        8.5728422786933542     
   199.00000000000000        8.6626708079197279     
   200.00000000000000        8.7407563292093560     
   201.00000000000000        8.8225701864529995     
   202.00000000000000        8.9024603908441033     
   203.00000000000000        8.9897286164740482     
   204.00000000000000        9.0805815740181490     
   205.00000000000000        9.1744471297583345     
   206.00000000000000        9.2720981620633189     
   207.00000000000000        9.3742398266369111     
   208.00000000000000        9.4729965730920593     
   209.00000000000000        9.5757931074294955     
   210.00000000000000        9.6755864520506396     
   211.00000000000000        9.7725458897737330     
   212.00000000000000        9.8744082454212343     
   213.00000000000000        9.9687609341117120     
   214.00000000000000        10.061420889177052     
   215.00000000000000        10.154602171322662     
   216.00000000000000        10.253920045121490     
   217.00000000000000        10.341322879365423     
   218.00000000000000        10.430292556708304     
   219.00000000000000        10.530075563789703     
   220.00000000000000        10.632090180042960     
   221.00000000000000        10.744501123647824     
   222.00000000000000        10.848155220910957     
   223.00000000000000        10.940059334106182     
   224.00000000000000        11.042961317536237     
   225.00000000000000        11.135500031819705     
   226.00000000000000        11.225357744317922     
   227.00000000000000        11.321727256981429     
   228.00000000000000        11.411848813944665     
   229.00000000000000        11.499990153619729     
   230.00000000000000        11.607981269904135     
   231.00000000000000        11.724053968450136     
   232.00000000000000        11.829475388357666     
   233.00000000000000        11.934758123440151     
   234.00000000000000        12.051986477344530     
   235.00000000000000        12.176366713899331     
   236.00000000000000        12.308932386483420     
   237.00000000000000        12.429583294261205     
   238.00000000000000        12.557863319677621     
   239.00000000000000        12.694907391851430     
   240.00000000000000        12.809331221816597     
   241.00000000000000        12.918069270591918     
   242.00000000000000        13.034503663498173     
   243.00000000000000        13.162324675795023     
   244.00000000000000        13.292579975760937     
   245.00000000000000        13.436347241538400     
   246.00000000000000        13.575204724946087     
   247.00000000000000        13.705561488483539     
   248.00000000000000        13.819363771436777     
   249.00000000000000        13.936234062395965     
   250.00000000000000        14.067363176081921     
   251.00000000000000        14.191149241198724     
   252.00000000000000        14.317285852990929     
   253.00000000000000        14.442976393759876     
   254.00000000000000        14.562544004307494     
   255.00000000000000        14.695900821856952     
   256.00000000000000        14.827320519965976     
   257.00000000000000        14.964816719554880     
   258.00000000000000        15.094893676037055     
   259.00000000000000        15.222003016070005     
   260.00000000000000        15.361347313379833     
   261.00000000000000        15.496951788098619     
   262.00000000000000        15.613970694657501     
   263.00000000000000        15.720843901912270     
   264.00000000000000        15.825412492754426     
   265.00000000000000        15.933106997553502     
   266.00000000000000        16.047592853095011     
   267.00000000000000        16.166872434210539     
   268.00000000000000        16.271841985828093     
   269.00000000000000        16.380689435281607     
   270.00000000000000        16.494609194958372     
   271.00000000000000        16.615711684989513     
   272.00000000000000        16.736313143966971     
   273.00000000000000        16.854761061822785     
   274.00000000000000        16.983306685242816     
   275.00000000000000        17.126199039459237     
   276.00000000000000        17.264072389396659     
   277.00000000000000        17.415362157452069     
   278.00000000000000        17.580632764278374     
   279.00000000000000        17.748507913157287     
   280.00000000000000        17.938870280566686     
   281.00000000000000        18.133645973016268     
   282.00000000000000        18.315616681014689     
   283.00000000000000        18.482594709693579     
   284.00000000000000        18.658814166346275     
   285.00000000000000        18.843947166239307     
   286.00000000000000        19.015631849374660     
   287.00000000000000        19.167912017766636     
   288.00000000000000        19.296556339916126     
   289.00000000000000        19.422629076385167     
   290.00000000000000        19.565857264741474     
   291.00000000000000        19.703067680655682     
   292.00000000000000        19.842660212477295     
   293.00000000000000        19.998160019453962     
   294.00000000000000        20.118631347805998     
   295.00000000000000        20.252116999934881     
   296.00000000000000        20.386455388204471     
   297.00000000000000        20.522198072899211     
   298.00000000000000        20.661558979780963     
   299.00000000000000        20.791446937388329     
   300.00000000000000        20.930745976410190     
   301.00000000000000        21.071412058191875     
   302.00000000000000        21.206168768623428     
   303.00000000000000        21.346308215206157     
   304.00000000000000        21.503895010021143     
   305.00000000000000        21.654812844728102     
   306.00000000000000        21.802120268991768     
   307.00000000000000        21.961820357511002     
   308.00000000000000        22.133330911040062     
   309.00000000000000        22.309862072784959     
   310.00000000000000        22.467702468398684     
   311.00000000000000        22.608660214350380     
   312.00000000000000        22.750437658804334     
   313.00000000000000        22.901133473567885     
   314.00000000000000        23.052597272886160     
   315.00000000000000        23.195515132041162     
   316.00000000000000        23.339924552068837     
   317.00000000000000        23.483283171536904     
   318.00000000000000        23.620696430892778     
   319.00000000000000        23.756147215667937     
   320.00000000000000        23.900163840267322     
   321.00000000000000        24.002775387971528     
   322.00000000000000        24.105406144712440     
   323.00000000000000        24.224216353672176     
   324.00000000000000        24.337214128616086     
   325.00000000000000        24.438134036832484     
   326.00000000000000        24.552159479153037     
   327.00000000000000        24.656464218032575     
   328.00000000000000        24.755095565816816     
   329.00000000000000        24.869507352054072     
   330.00000000000000        24.977246278700711     
   331.00000000000000        25.099096988509302     
   332.00000000000000        25.215527737804102     
   333.00000000000000        25.327779625860902     
   334.00000000000000        25.454223876382301     
   335.00000000000000        25.583719367090382     
   336.00000000000000        25.741474801380985     
   337.00000000000000        25.882917731172189     
   338.00000000000000        26.044711312408406     
   339.00000000000000        26.224084061697909     
   340.00000000000000        26.391290493338914     
   341.00000000000000        26.552600551569405     
   342.00000000000000        26.717241804144884     
   343.00000000000000        26.904275318151488     
   344.00000000000000        27.083664155787208     
   345.00000000000000        27.241929818387284     
   346.00000000000000        27.396081525492203     
   347.00000000000000        27.569218620927568     
   348.00000000000000        27.756899826562204     
   349.00000000000000        27.926828018278485     
   350.00000000000000        28.111744530717210     
   351.00000000000000        28.293913114043473     
   352.00000000000000        28.489564379633578     
   353.00000000000000        28.699009407147962     
   354.00000000000000        28.901176465918333     
   355.00000000000000        29.092029399843792     
   356.00000000000000        29.278005466135049     
   357.00000000000000        29.489806849976123     
   358.00000000000000        29.708900611457988     
   359.00000000000000        29.897656605904778     
   360.00000000000000        30.109890796478702     
   361.00000000000000        30.333874236608182     
   362.00000000000000        30.541941816098628     
   363.00000000000000        30.711773483217943     
   364.00000000000000        30.891830356325439     
   365.00000000000000        31.082906138621016     
   366.00000000000000        31.223260720754720     
   367.00000000000000        31.343576358652218     
   368.00000000000000        31.497151883421651     
   369.00000000000000        31.640670017571519     
   370.00000000000000        31.737188589276997     
   371.00000000000000        31.845283887677677     
   372.00000000000000        31.999955149117600     
   373.00000000000000        32.153376982413121     
   374.00000000000000        32.301958183509562     
   375.00000000000000        32.476138696664059     
   376.00000000000000        32.662481660859619     
   377.00000000000000        32.827019107666047     
   378.00000000000000        32.978926276180680     
   379.00000000000000        33.120190826406692     
   380.00000000000000        33.275652632237886     
   381.00000000000000        33.428837239078923     
   382.00000000000000        33.589698604463884     
   383.00000000000000        33.756740110207197     
   384.00000000000000        33.929664299314069     
   385.00000000000000        34.117609867758105     
   386.00000000000000        34.318207566815765     
   387.00000000000000        34.508352545048723     
   388.00000000000000        34.697237520189162     
   389.00000000000000        34.895549180174527     
   390.00000000000000        35.086947892329967     
   391.00000000000000        35.268545158273106     
   392.00000000000000        35.462837767035580     
   393.00000000000000        35.639677340387209     
   394.00000000000000        35.834664363440858     
   395.00000000000000        36.035496805092578     
   396.00000000000000        36.243090879027555     
   397.00000000000000        36.413276739668071     
   398.00000000000000        36.590413141295521     
   399.00000000000000        36.787937731051294     
   400.00000000000000        36.975992201295028     
   401.00000000000000        37.158872043324742     
   402.00000000000000        37.337273105708498     
   403.00000000000000        37.519722644497236     
   404.00000000000000        37.693158539353000     
   405.00000000000000        37.873885820506160     
   406.00000000000000        38.124641480391020     
   407.00000000000000        38.378118564673059     
   408.00000000000000        38.569543761445516     
   409.00000000000000        38.748367995988616     
   410.00000000000000        38.928331665475753     
   411.00000000000000        39.128047800707094     
   412.00000000000000        39.335729372418761     
   413.00000000000000        39.548756054026455     
   414.00000000000000        39.715640447299272     
   415.00000000000000        39.888139688574135     
   416.00000000000000        40.092718398317203     
   417.00000000000000        40.262518079832290     
   418.00000000000000        40.411862193564602     
   419.00000000000000        40.562776583921959     
   420.00000000000000        40.714309083277449     
   421.00000000000000        40.854690875060747     
   422.00000000000000        41.045466776464117     
   423.00000000000000        41.246478418746626     
   424.00000000000000        41.454554219853378     
   425.00000000000000        41.698620527801516     
   426.00000000000000        41.946607165280945     
   427.00000000000000        42.148833213641254     
   428.00000000000000        42.357824731857306     
   429.00000000000000        42.586317726978649     
   430.00000000000000        42.815416105667062     
   431.00000000000000        43.039542288456275     
   432.00000000000000        43.261525703784038     
   433.00000000000000        43.516436316379689     
   434.00000000000000        43.723796960353489     
   435.00000000000000        43.918004489806357     
   436.00000000000000        44.120569402062223     
   437.00000000000000        44.307752179818102     
   438.00000000000000        44.515469494919110     
   439.00000000000000        44.717207352172395     
   440.00000000000000        44.936897228377802     
   441.00000000000000        45.144964481133179     
   442.00000000000000        45.345355717870703     
   443.00000000000000        45.534918001523131     
   444.00000000000000        45.691156316171302     
   445.00000000000000        45.849333036979296     
   446.00000000000000        45.981653458175956     
   447.00000000000000        46.128977527021874     
   448.00000000000000        46.331663097354514     
   449.00000000000000        46.513787159391519     
   450.00000000000000        46.683011433704309     
   451.00000000000000        46.874904900905676     
   452.00000000000000        47.073067894022394     
   453.00000000000000        47.306866273808232     
   454.00000000000000        47.502029738793055     
   455.00000000000000        47.681700138921876     
   456.00000000000000        47.831422964410471     
   457.00000000000000        48.020291755500288     
   458.00000000000000        48.243878700042274     
   459.00000000000000        48.448992721430479     
   460.00000000000000        48.681432091472288     
   461.00000000000000        48.950876504678746     
   462.00000000000000        49.206489491012405     
   463.00000000000000        49.472845898621429     
   464.00000000000000        49.743181739455999     
   465.00000000000000        50.000990344812919     
   466.00000000000000        50.203262359809678     
   467.00000000000000        50.390785588315637     
   468.00000000000000        50.586447665601170     
   469.00000000000000        50.787294612539412     
   470.00000000000000        50.975369878830179     
   471.00000000000000        51.168203405200124     
   472.00000000000000        51.360608992316443     
   473.00000000000000        51.538716688495086     
   474.00000000000000        51.719217843346030     
   475.00000000000000        51.923047844625714     
   476.00000000000000        52.156928369815624     
   477.00000000000000        52.369856183921549     
   478.00000000000000        52.558125067763392     
   479.00000000000000        52.738916396035883     
   480.00000000000000        52.896804976366631     
   481.00000000000000        53.084216210618187     
   482.00000000000000        53.248118751196188     
   483.00000000000000        53.369937488071010     
   484.00000000000000        53.519139789486808     
   485.00000000000000        53.652654620446846     
   486.00000000000000        53.820592727508505     
   487.00000000000000        54.002145018105267     
   488.00000000000000        54.169731828103167     
   489.00000000000000        54.340655657908563     
   490.00000000000000        54.542045948995039     
   491.00000000000000        54.724226803707666     
   492.00000000000000        54.890444110782376     
   493.00000000000000        55.066576577708545     
   494.00000000000000        55.276382664912184     
   495.00000000000000        55.494437556035386     
   496.00000000000000        55.717302150389692     
   497.00000000000000        55.947612849541756     
   498.00000000000000        56.178991349677631     
   499.00000000000000        56.412418984344690     
   500.00000000000000        56.683479649256860     
   501.00000000000000        56.915402515805340     
