   1.0000000000000000        1.7777749189680384E-004
   2.0000000000000000        7.3435993057246259E-004
   3.0000000000000000        1.7124579110621432E-003
   4.0000000000000000        3.1032500538760006E-003
   5.0000000000000000        4.9114161531950990E-003
   6.0000000000000000        7.1285912075382913E-003
   7.0000000000000000        9.7441573143853960E-003
   8.0000000000000000        1.2771677104019845E-002
   9.0000000000000000        1.6209975657729234E-002
   10.000000000000000        2.0014000885055679E-002
   11.000000000000000        2.4261176778533060E-002
   12.000000000000000        2.8968480550703425E-002
   13.000000000000000        3.4074102257654740E-002
   14.000000000000000        3.9645417949481884E-002
   15.000000000000000        4.5752784249446316E-002
   16.000000000000000        5.2212510070848497E-002
   17.000000000000000        5.8963805885435767E-002
   18.000000000000000        6.6194633310742601E-002
   19.000000000000000        7.3887569405452741E-002
   20.000000000000000        8.2037867431648231E-002
   21.000000000000000        9.0821509741772583E-002
   22.000000000000000       0.10000070818265110     
   23.000000000000000       0.10953175692439218     
   24.000000000000000       0.11960463668819686     
   25.000000000000000       0.13002012605611679     
   26.000000000000000       0.14051000782238915     
   27.000000000000000       0.15151177415658570     
   28.000000000000000       0.16311801176737253     
   29.000000000000000       0.17504245913672800     
   30.000000000000000       0.18735952081730972     
   31.000000000000000       0.20015200348069029     
   32.000000000000000       0.21357938323128139     
   33.000000000000000       0.22739471319503607     
   34.000000000000000       0.24145535430585094     
   35.000000000000000       0.25619254859505031     
   36.000000000000000       0.27141006650987820     
   37.000000000000000       0.28682273439901473     
   38.000000000000000       0.30264679306332054     
   39.000000000000000       0.31862976144262101     
   40.000000000000000       0.33484062048143920     
   41.000000000000000       0.35187514723388075     
   42.000000000000000       0.36941086167858905     
   43.000000000000000       0.38739009218267195     
   44.000000000000000       0.40593591578214733     
   45.000000000000000       0.42473007636364740     
   46.000000000000000       0.44345370602575351     
   47.000000000000000       0.46264992968459834     
   48.000000000000000       0.48240311024342614     
   49.000000000000000       0.50224018996747266     
   50.000000000000000       0.52241952759735777     
   51.000000000000000       0.54329379110497011     
   52.000000000000000       0.56436601572103784     
   53.000000000000000       0.58570865143974538     
   54.000000000000000       0.60728321682460640     
   55.000000000000000       0.62952850586780351     
   56.000000000000000       0.65240143289074282     
   57.000000000000000       0.67621671956751561     
   58.000000000000000       0.70088200057797156     
   59.000000000000000       0.72660263560550498     
   60.000000000000000       0.75237090328664924     
   61.000000000000000       0.77896279868888185     
   62.000000000000000       0.80586824550816039     
   63.000000000000000       0.83312418246623399     
   64.000000000000000       0.86144382744581904     
   65.000000000000000       0.89025398598302685     
   66.000000000000000       0.91932129501404491     
   67.000000000000000       0.94886248042225141     
   68.000000000000000       0.97838061807753385     
   69.000000000000000        1.0069501821226592     
   70.000000000000000        1.0356386546715315     
   71.000000000000000        1.0651556344324422     
   72.000000000000000        1.0948929178641311     
   73.000000000000000        1.1252756808805715     
   74.000000000000000        1.1559270534437545     
   75.000000000000000        1.1862636857423257     
   76.000000000000000        1.2178421324940674     
   77.000000000000000        1.2513649699111620     
   78.000000000000000        1.2860034874265074     
   79.000000000000000        1.3211064340200633     
   80.000000000000000        1.3562595952655478     
   81.000000000000000        1.3916284333647591     
   82.000000000000000        1.4262696856881016     
   83.000000000000000        1.4601938664332372     
   84.000000000000000        1.4950145713766305     
   85.000000000000000        1.5308724807900180     
   86.000000000000000        1.5677305163712467     
   87.000000000000000        1.6067158626891422     
   88.000000000000000        1.6460789180078790     
   89.000000000000000        1.6845691906115723     
   90.000000000000000        1.7230072623882837     
   91.000000000000000        1.7608576750099449     
   92.000000000000000        1.7997372770256170     
   93.000000000000000        1.8392913857678033     
   94.000000000000000        1.8798464089537474     
   95.000000000000000        1.9213365614675102     
   96.000000000000000        1.9650438451264725     
   97.000000000000000        2.0096533252756390     
   98.000000000000000        2.0538462443103285     
   99.000000000000000        2.0978119256194381     
   100.00000000000000        2.1432317331988147     
   101.00000000000000        2.1895504054747024     
   102.00000000000000        2.2361370211241751     
   103.00000000000000        2.2829902726664124     
   104.00000000000000        2.3289611043647658     
   105.00000000000000        2.3753081447828870     
   106.00000000000000        2.4235984356637665     
   107.00000000000000        2.4724264271621328     
   108.00000000000000        2.5198094426511157     
   109.00000000000000        2.5671598377071758     
   110.00000000000000        2.6157814190988899     
   111.00000000000000        2.6644122344535908     
   112.00000000000000        2.7136736369054986     
   113.00000000000000        2.7640964808092203     
   114.00000000000000        2.8153174619480321     
   115.00000000000000        2.8655929640528592     
   116.00000000000000        2.9167656558722426     
   117.00000000000000        2.9708771607874129     
   118.00000000000000        3.0246997017242387     
   119.00000000000000        3.0779017843008605     
   120.00000000000000        3.1319501350170840     
   121.00000000000000        3.1863901175510776     
   122.00000000000000        3.2416322457756963     
   123.00000000000000        3.2967157944430623     
   124.00000000000000        3.3522772314360614     
   125.00000000000000        3.4068413098801211     
   126.00000000000000        3.4627471552684583     
   127.00000000000000        3.5190263152580643     
   128.00000000000000        3.5765897987207831     
   129.00000000000000        3.6340961775768328     
   130.00000000000000        3.6903939889829882     
   131.00000000000000        3.7479551590801901     
   132.00000000000000        3.8050516141752571     
   133.00000000000000        3.8618892900155428     
   134.00000000000000        3.9201078551272048     
   135.00000000000000        3.9789493577217261     
   136.00000000000000        4.0381907996027309     
   137.00000000000000        4.1029012723751812     
   138.00000000000000        4.1690622854535153     
   139.00000000000000        4.2335067366346593     
   140.00000000000000        4.3000783363427031     
   141.00000000000000        4.3714585475972827     
   142.00000000000000        4.4404774506057718     
   143.00000000000000        4.5081595414844404     
   144.00000000000000        4.5784181474085583     
   145.00000000000000        4.6497503429762759     
   146.00000000000000        4.7258411046533952     
   147.00000000000000        4.8001357131781059     
   148.00000000000000        4.8714072486088167     
   149.00000000000000        4.9412628280383766     
   150.00000000000000        5.0126897763220395     
   151.00000000000000        5.0872849784076868     
   152.00000000000000        5.1582952383273266     
   153.00000000000000        5.2245602248615377     
   154.00000000000000        5.2931029948697663     
   155.00000000000000        5.3611322958960450     
   156.00000000000000        5.4299680251850635     
   157.00000000000000        5.4993326515499641     
   158.00000000000000        5.5673884311048765     
   159.00000000000000        5.6325178288048461     
   160.00000000000000        5.6998781964322260     
   161.00000000000000        5.7713450238905386     
   162.00000000000000        5.8403547849937132     
   163.00000000000000        5.9053934402939747     
   164.00000000000000        5.9707831533654954     
   165.00000000000000        6.0390526685984121     
   166.00000000000000        6.1062820736756249     
   167.00000000000000        6.1755966665032975     
   168.00000000000000        6.2444190266975079     
   169.00000000000000        6.3157723761521991     
   170.00000000000000        6.3842214603107283     
   171.00000000000000        6.4497931216511963     
   172.00000000000000        6.5181551652791692     
   173.00000000000000        6.5837143038043697     
   174.00000000000000        6.6496242070576326     
   175.00000000000000        6.7177106232608219     
   176.00000000000000        6.7861539690672359     
   177.00000000000000        6.8572765492675263     
   178.00000000000000        6.9348870415102644     
   179.00000000000000        7.0144705424796987     
   180.00000000000000        7.0922472915685217     
   181.00000000000000        7.1708428459290339     
   182.00000000000000        7.2480843332743445     
   183.00000000000000        7.3245812401768173     
   184.00000000000000        7.4000074253750334     
   185.00000000000000        7.4800053115602649     
   186.00000000000000        7.5631308494692000     
   187.00000000000000        7.6466145151939999     
   188.00000000000000        7.7317735930229903     
   189.00000000000000        7.8178880727777669     
   190.00000000000000        7.9069094344841675     
   191.00000000000000        7.9941610194961061     
   192.00000000000000        8.0800202777591803     
   193.00000000000000        8.1656629255863162     
   194.00000000000000        8.2532033469027439     
   195.00000000000000        8.3371717443432658     
   196.00000000000000        8.4187634332079408     
   197.00000000000000        8.5041558313835584     
   198.00000000000000        8.5927101345640207     
   199.00000000000000        8.6882814901517165     
   200.00000000000000        8.7802047847934031     
   201.00000000000000        8.8639187443006193     
   202.00000000000000        8.9482780845092460     
   203.00000000000000        9.0350261012089259     
   204.00000000000000        9.1235781325226704     
   205.00000000000000        9.2190917085109714     
   206.00000000000000        9.3202513224314902     
   207.00000000000000        9.4203131622403600     
   208.00000000000000        9.5185851532668568     
   209.00000000000000        9.6135617717687118     
   210.00000000000000        9.7094055564487665     
   211.00000000000000        9.8098591761693701     
   212.00000000000000        9.9168124747065836     
   213.00000000000000        10.012961367539100     
   214.00000000000000        10.107949668081826     
   215.00000000000000        10.203716886043090     
   216.00000000000000        10.293582468281352     
   217.00000000000000        10.389517365760154     
   218.00000000000000        10.491876415615760     
   219.00000000000000        10.595061846278783     
   220.00000000000000        10.697650286258174     
   221.00000000000000        10.795159506604072     
   222.00000000000000        10.884562006938047     
   223.00000000000000        10.975338197871888     
   224.00000000000000        11.065461665480987     
   225.00000000000000        11.156564638120070     
   226.00000000000000        11.251776914382551     
   227.00000000000000        11.349446590845931     
   228.00000000000000        11.443477273452014     
   229.00000000000000        11.537245491561325     
   230.00000000000000        11.635366140183965     
   231.00000000000000        11.740537361004229     
   232.00000000000000        11.855826270235788     
   233.00000000000000        11.976521018948178     
   234.00000000000000        12.099694551499301     
   235.00000000000000        12.222471876869264     
   236.00000000000000        12.350009222735792     
   237.00000000000000        12.478138405741985     
   238.00000000000000        12.591508272401622     
   239.00000000000000        12.699954563043818     
   240.00000000000000        12.818139090713149     
   241.00000000000000        12.933994517196631     
   242.00000000000000        13.052871452011736     
   243.00000000000000        13.180689816459246     
   244.00000000000000        13.320338547719826     
   245.00000000000000        13.461291381717116     
   246.00000000000000        13.603485669022565     
   247.00000000000000        13.731377711832319     
   248.00000000000000        13.851761537625906     
   249.00000000000000        13.969528697618209     
   250.00000000000000        14.094146021498606     
   251.00000000000000        14.222445662620638     
   252.00000000000000        14.349683215698766     
   253.00000000000000        14.472575282121870     
   254.00000000000000        14.604235846705382     
   255.00000000000000        14.739189859583160     
   256.00000000000000        14.871805677840868     
   257.00000000000000        15.000217058538535     
   258.00000000000000        15.127908297214464     
   259.00000000000000        15.255384156396815     
   260.00000000000000        15.382058647351366     
   261.00000000000000        15.506025205036346     
   262.00000000000000        15.623557317744446     
   263.00000000000000        15.737016167802658     
   264.00000000000000        15.845256215735411     
   265.00000000000000        15.956313771922940     
   266.00000000000000        16.073508353548664     
   267.00000000000000        16.192465084929452     
   268.00000000000000        16.305889635638600     
   269.00000000000000        16.418758706357572     
   270.00000000000000        16.532272788341711     
   271.00000000000000        16.649411031246661     
   272.00000000000000        16.771563517705399     
   273.00000000000000        16.895058901996304     
   274.00000000000000        17.024895383122136     
   275.00000000000000        17.156112685487905     
   276.00000000000000        17.294010011296933     
   277.00000000000000        17.449913060943874     
   278.00000000000000        17.622337282735824     
   279.00000000000000        17.795256821691236     
   280.00000000000000        17.972025053172395     
   281.00000000000000        18.154519058713653     
   282.00000000000000        18.338518555381061     
   283.00000000000000        18.521303617804151     
   284.00000000000000        18.696361283546491     
   285.00000000000000        18.867918481258759     
   286.00000000000000        19.030089233360908     
   287.00000000000000        19.179373314988474     
   288.00000000000000        19.317856594139997     
   289.00000000000000        19.458385564266560     
   290.00000000000000        19.598869872999842     
   291.00000000000000        19.746272899211725     
   292.00000000000000        19.898220870108194     
   293.00000000000000        20.039994927624662     
   294.00000000000000        20.179456349600766     
   295.00000000000000        20.321694980948482     
   296.00000000000000        20.468198610951930     
   297.00000000000000        20.618122259727230     
   298.00000000000000        20.765117415585252     
   299.00000000000000        20.902078955817181     
   300.00000000000000        21.042256177123818     
   301.00000000000000        21.175921390497727     
   302.00000000000000        21.311159328712062     
   303.00000000000000        21.451260900758218     
   304.00000000000000        21.591685867610561     
   305.00000000000000        21.749058110184539     
   306.00000000000000        21.914460755278146     
   307.00000000000000        22.073850702564478     
   308.00000000000000        22.219412623500677     
   309.00000000000000        22.388051384597293     
   310.00000000000000        22.562956888355249     
   311.00000000000000        22.733521648039620     
   312.00000000000000        22.908170487053059     
   313.00000000000000        23.065879469335215     
   314.00000000000000        23.199172774347272     
   315.00000000000000        23.337536723903611     
   316.00000000000000        23.481841754184401     
   317.00000000000000        23.620199964192938     
   318.00000000000000        23.757381905000926     
   319.00000000000000        23.897503819978688     
   320.00000000000000        24.030533524520422     
   321.00000000000000        24.159139833481053     
   322.00000000000000        24.279903624493869     
   323.00000000000000        24.392721493672479     
   324.00000000000000        24.503180339320053     
   325.00000000000000        24.609102520079521     
   326.00000000000000        24.714174573383879     
   327.00000000000000        24.823007997682804     
   328.00000000000000        24.925370046815971     
   329.00000000000000        25.030040914401276     
   330.00000000000000        25.138689340139461     
   331.00000000000000        25.246649296567266     
   332.00000000000000        25.366975505416764     
   333.00000000000000        25.488980025869182     
   334.00000000000000        25.607481582647594     
   335.00000000000000        25.734890933255663     
   336.00000000000000        25.878285538008615     
   337.00000000000000        26.023178351794218     
   338.00000000000000        26.169309802841447     
   339.00000000000000        26.331119018844912     
   340.00000000000000        26.495791163749381     
   341.00000000000000        26.665495818248800     
   342.00000000000000        26.840884343733741     
   343.00000000000000        27.018373944525752     
   344.00000000000000        27.203062014752515     
   345.00000000000000        27.387452075882148     
   346.00000000000000        27.560698064568790     
   347.00000000000000        27.735969840831764     
   348.00000000000000        27.917194843945271     
   349.00000000000000        28.110753631185702     
   350.00000000000000        28.312612334735093     
   351.00000000000000        28.507065900587495     
   352.00000000000000        28.703897135387898     
   353.00000000000000        28.902729528579329     
   354.00000000000000        29.105541466399135     
   355.00000000000000        29.313241867701930     
   356.00000000000000        29.533478503246318     
   357.00000000000000        29.753572341788306     
   358.00000000000000        29.958212938132800     
   359.00000000000000        30.171680486803030     
   360.00000000000000        30.392302466655259     
   361.00000000000000        30.600505636021136     
   362.00000000000000        30.785662746753282     
   363.00000000000000        30.962247074899750     
   364.00000000000000        31.139023246475034     
   365.00000000000000        31.311351941321572     
   366.00000000000000        31.478248438020483     
   367.00000000000000        31.642836668378678     
   368.00000000000000        31.799022740955664     
   369.00000000000000        31.935336100539022     
   370.00000000000000        32.065940382920367     
   371.00000000000000        32.180950610809596     
   372.00000000000000        32.305509672320817     
   373.00000000000000        32.473127914292419     
   374.00000000000000        32.650774483764714     
   375.00000000000000        32.831076055557567     
   376.00000000000000        33.013760987834146     
   377.00000000000000        33.178413915475183     
   378.00000000000000        33.342510403375172     
   379.00000000000000        33.489851481427564     
   380.00000000000000        33.630148344587411     
   381.00000000000000        33.798475389829910     
   382.00000000000000        33.980555302330359     
   383.00000000000000        34.171068010254395     
   384.00000000000000        34.370369515556668     
   385.00000000000000        34.566438078102713     
   386.00000000000000        34.755694369673918     
   387.00000000000000        34.959970834946731     
   388.00000000000000        35.157008387825620     
   389.00000000000000        35.339697959383322     
   390.00000000000000        35.521519615771979     
   391.00000000000000        35.703521456268312     
   392.00000000000000        35.900336801828225     
   393.00000000000000        36.096556812650498     
   394.00000000000000        36.289685771550694     
   395.00000000000000        36.492501059935954     
   396.00000000000000        36.702992569369968     
   397.00000000000000        36.899704714023926     
   398.00000000000000        37.102872588072508     
   399.00000000000000        37.321141650318978     
   400.00000000000000        37.525574375309382     
   401.00000000000000        37.723557141030440     
   402.00000000000000        37.915799320651011     
   403.00000000000000        38.109368349371685     
   404.00000000000000        38.306082974757317     
   405.00000000000000        38.522972106478797     
   406.00000000000000        38.748196743666483     
   407.00000000000000        38.962466614173820     
   408.00000000000000        39.180531170888244     
   409.00000000000000        39.393398447717544     
   410.00000000000000        39.624538944760289     
   411.00000000000000        39.871547611348454     
   412.00000000000000        40.099014656998335     
   413.00000000000000        40.305057046142565     
   414.00000000000000        40.499988848253679     
   415.00000000000000        40.690609164685306     
   416.00000000000000        40.873744064720590     
   417.00000000000000        41.046328789889394     
   418.00000000000000        41.202176932345466     
   419.00000000000000        41.363344947934948     
   420.00000000000000        41.519164498301485     
   421.00000000000000        41.667239172092977     
   422.00000000000000        41.833516583602240     
   423.00000000000000        42.036723660854747     
   424.00000000000000        42.251815666436947     
   425.00000000000000        42.474740426970378     
   426.00000000000000        42.702828250468528     
   427.00000000000000        42.930633687965503     
   428.00000000000000        43.147570085733250     
   429.00000000000000        43.373667093661709     
   430.00000000000000        43.623245389175878     
   431.00000000000000        43.864965869589696     
   432.00000000000000        44.088806199368904     
   433.00000000000000        44.305914356654775     
   434.00000000000000        44.517484798362865     
   435.00000000000000        44.732968161609051     
   436.00000000000000        44.950364117551082     
   437.00000000000000        45.163038458277903     
   438.00000000000000        45.378971663847892     
   439.00000000000000        45.605566615222536     
   440.00000000000000        45.831407165960925     
   441.00000000000000        46.071269724631883     
   442.00000000000000        46.302894055701330     
   443.00000000000000        46.522889183604214     
   444.00000000000000        46.718174785859283     
   445.00000000000000        46.890107414377262     
   446.00000000000000        47.063374091732364     
   447.00000000000000        47.249571581054461     
   448.00000000000000        47.430622034174739     
   449.00000000000000        47.616033033112579     
   450.00000000000000        47.809480914879352     
   451.00000000000000        48.039148883490590     
   452.00000000000000        48.279192389251072     
   453.00000000000000        48.511355275624894     
   454.00000000000000        48.716640072767198     
   455.00000000000000        48.897995981428828     
   456.00000000000000        49.066206560895260     
   457.00000000000000        49.248063381470793     
   458.00000000000000        49.462502003547890     
   459.00000000000000        49.703016129322329     
   460.00000000000000        49.958517165129209     
   461.00000000000000        50.217563173927495     
   462.00000000000000        50.479314851086599     
   463.00000000000000        50.745147397260482     
   464.00000000000000        51.016372508167194     
   465.00000000000000        51.272217863142586     
   466.00000000000000        51.488344783457812     
   467.00000000000000        51.680692226914630     
   468.00000000000000        51.880640839063723     
   469.00000000000000        52.074539343927555     
   470.00000000000000        52.258892127074425     
   471.00000000000000        52.438877350796048     
   472.00000000000000        52.615435966495575     
   473.00000000000000        52.818528488925978     
   474.00000000000000        53.016775477250476     
   475.00000000000000        53.239597303243059     
   476.00000000000000        53.493450459875618     
   477.00000000000000        53.735529621687384     
   478.00000000000000        53.969246529994209     
   479.00000000000000        54.187894679671849     
   480.00000000000000        54.401249647888939     
   481.00000000000000        54.594708565292613     
   482.00000000000000        54.781591966423278     
   483.00000000000000        54.942626900720811     
   484.00000000000000        55.093251614377706     
   485.00000000000000        55.235559637840979     
   486.00000000000000        55.397571671553820     
   487.00000000000000        55.569242361445909     
   488.00000000000000        55.733020767258225     
   489.00000000000000        55.895902812771823     
   490.00000000000000        56.059580887667565     
   491.00000000000000        56.239901842784676     
   492.00000000000000        56.432822842646601     
   493.00000000000000        56.625671517703417     
   494.00000000000000        56.826107013907105     
   495.00000000000000        57.030018025934567     
   496.00000000000000        57.261757047459668     
   497.00000000000000        57.513704938480508     
   498.00000000000000        57.770536263291667     
   499.00000000000000        58.015935524461064     
   500.00000000000000        58.256606845430184     
   501.00000000000000        58.486163775992118     
