   1.0000000000000000        5.0048098570213795E-004
   2.0000000000000000        1.6848835915777697E-003
   3.0000000000000000        3.4165064101225255E-003
   4.0000000000000000        5.6551920444974377E-003
   5.0000000000000000        8.4476669105499301E-003
   6.0000000000000000        1.1766303890369870E-002
   7.0000000000000000        1.5572420447633878E-002
   8.0000000000000000        1.9977605315699996E-002
   9.0000000000000000        2.4882358014153647E-002
   10.000000000000000        3.0414192434186419E-002
   11.000000000000000        3.6375039966706067E-002
   12.000000000000000        4.2889744164117054E-002
   13.000000000000000        4.9863197048716855E-002
   14.000000000000000        5.7407098793201224E-002
   15.000000000000000        6.5506725321757775E-002
   16.000000000000000        7.4114410643676756E-002
   17.000000000000000        8.3481777140084396E-002
   18.000000000000000        9.3592190100541969E-002
   19.000000000000000       0.10398820274679295     
   20.000000000000000       0.11486618695251911     
   21.000000000000000       0.12601188935856777     
   22.000000000000000       0.13750121093603104     
   23.000000000000000       0.14960263777393989     
   24.000000000000000       0.16245385085372968     
   25.000000000000000       0.17564969528468244     
   26.000000000000000       0.18900580236239242     
   27.000000000000000       0.20326945079302122     
   28.000000000000000       0.21820557469404286     
   29.000000000000000       0.23374145197828156     
   30.000000000000000       0.25003361677484282     
   31.000000000000000       0.26596733498270608     
   32.000000000000000       0.28199926004338260     
   33.000000000000000       0.29845665619847961     
   34.000000000000000       0.31664963033340876     
   35.000000000000000       0.33615961958141588     
   36.000000000000000       0.35572305327788079     
   37.000000000000000       0.37515155462312300     
   38.000000000000000       0.39533026949898453     
   39.000000000000000       0.41575887596357597     
   40.000000000000000       0.43682650988246774     
   41.000000000000000       0.45751748732950864     
   42.000000000000000       0.47954011352694764     
   43.000000000000000       0.50024550893852859     
   44.000000000000000       0.52208372175656659     
   45.000000000000000       0.54607968174850385     
   46.000000000000000       0.56989195063722597     
   47.000000000000000       0.59366063832491101     
   48.000000000000000       0.61829964879490718     
   49.000000000000000       0.64481092351465286     
   50.000000000000000       0.67128045399720060     
   51.000000000000000       0.69701875173921723     
   52.000000000000000       0.72494938005986387     
   53.000000000000000       0.75182937604900379     
   54.000000000000000       0.77879647658260198     
   55.000000000000000       0.80740138757013591     
   56.000000000000000       0.83542956466787088     
   57.000000000000000       0.86418787644172057     
   58.000000000000000       0.89435328344073362     
   59.000000000000000       0.92411913628870557     
   60.000000000000000       0.95647401959473621     
   61.000000000000000       0.98766958335569111     
   62.000000000000000        1.0205878399367629     
   63.000000000000000        1.0536531169930199     
   64.000000000000000        1.0878811111086402     
   65.000000000000000        1.1244094181350754     
   66.000000000000000        1.1611647276357968     
   67.000000000000000        1.1985989048080719     
   68.000000000000000        1.2354826981699012     
   69.000000000000000        1.2670729604222835     
   70.000000000000000        1.3012547225929403     
   71.000000000000000        1.3375948829786570     
   72.000000000000000        1.3754685080759710     
   73.000000000000000        1.4128228688830302     
   74.000000000000000        1.4520085790689254     
   75.000000000000000        1.4925644620540475     
   76.000000000000000        1.5305831387654134     
   77.000000000000000        1.5724270489981957     
   78.000000000000000        1.6156661194081199     
   79.000000000000000        1.6569452384439149     
   80.000000000000000        1.6985409039096202     
   81.000000000000000        1.7417229923804323     
   82.000000000000000        1.7831764346910028     
   83.000000000000000        1.8245925056755223     
   84.000000000000000        1.8672680645509581     
   85.000000000000000        1.9103854181889453     
   86.000000000000000        1.9548726650598405     
   87.000000000000000        2.0006634599974014     
   88.000000000000000        2.0465791939744933     
   89.000000000000000        2.0948047090980397     
   90.000000000000000        2.1389845830452470     
   91.000000000000000        2.1885387310026712     
   92.000000000000000        2.2371441001254602     
   93.000000000000000        2.2890099289189045     
   94.000000000000000        2.3407486924901191     
   95.000000000000000        2.3872523532197576     
   96.000000000000000        2.4404681197723694     
   97.000000000000000        2.4909858071928812     
   98.000000000000000        2.5448546685998439     
   99.000000000000000        2.5958112332982815     
   100.00000000000000        2.6456524820165215     
   101.00000000000000        2.6987986771783605     
   102.00000000000000        2.7496259379958281     
   103.00000000000000        2.8038183044638298     
   104.00000000000000        2.8614937997301730     
   105.00000000000000        2.9244941590321964     
   106.00000000000000        2.9827326857952912     
   107.00000000000000        3.0367063512029411     
   108.00000000000000        3.0961799060743771     
   109.00000000000000        3.1544016194833349     
   110.00000000000000        3.2134927438221674     
   111.00000000000000        3.2757293285714910     
   112.00000000000000        3.3357871903577432     
   113.00000000000000        3.3967650932767119     
   114.00000000000000        3.4542360368432083     
   115.00000000000000        3.5137360954867392     
   116.00000000000000        3.5784879526327606     
   117.00000000000000        3.6424611965783229     
   118.00000000000000        3.7017662250098851     
   119.00000000000000        3.7630236430015520     
   120.00000000000000        3.8282528905053419     
   121.00000000000000        3.8959092400030531     
   122.00000000000000        3.9648567626655660     
   123.00000000000000        4.0367346698680082     
   124.00000000000000        4.1035931580427460     
   125.00000000000000        4.1697389284025199     
   126.00000000000000        4.2366655285007475     
   127.00000000000000        4.3027765820686765     
   128.00000000000000        4.3701934363044712     
   129.00000000000000        4.4379119976201284     
   130.00000000000000        4.5088719384836979     
   131.00000000000000        4.5758261836609391     
   132.00000000000000        4.6507874409830574     
   133.00000000000000        4.7238165713523079     
   134.00000000000000        4.7955901825645073     
   135.00000000000000        4.8632535937334742     
   136.00000000000000        4.9430719346650323     
   137.00000000000000        5.0186864969262084     
   138.00000000000000        5.0952036036684838     
   139.00000000000000        5.1687422893583568     
   140.00000000000000        5.2483874423773900     
   141.00000000000000        5.3338673123224432     
   142.00000000000000        5.4190945687752601     
   143.00000000000000        5.5076892122268122     
   144.00000000000000        5.5920353576911728     
   145.00000000000000        5.6766778773559814     
   146.00000000000000        5.7645177359312694     
   147.00000000000000        5.8464132031763700     
   148.00000000000000        5.9246018165700001     
   149.00000000000000        6.0048596321265117     
   150.00000000000000        6.0807092781199588     
   151.00000000000000        6.1631351982412603     
   152.00000000000000        6.2502970072432795     
   153.00000000000000        6.3289357715694194     
   154.00000000000000        6.4149474980944614     
   155.00000000000000        6.5012771264006712     
   156.00000000000000        6.5794432092895292     
   157.00000000000000        6.6617529024247979     
   158.00000000000000        6.7448296279648554     
   159.00000000000000        6.8303767706011627     
   160.00000000000000        6.9205950872360447     
   161.00000000000000        6.9993457255004046     
   162.00000000000000        7.0674150269173532     
   163.00000000000000        7.1543826264726622     
   164.00000000000000        7.2457576164358413     
   165.00000000000000        7.3323884229819409     
   166.00000000000000        7.4141874959533753     
   167.00000000000000        7.4928148710157165     
   168.00000000000000        7.5718085195228246     
   169.00000000000000        7.6472154817431930     
   170.00000000000000        7.7265688070302634     
   171.00000000000000        7.8084467150054682     
   172.00000000000000        7.8780997916945736     
   173.00000000000000        7.9550775750094909     
   174.00000000000000        8.0361117991030788     
   175.00000000000000        8.1151225631717931     
   176.00000000000000        8.1984269362156965     
   177.00000000000000        8.2857385914567541     
   178.00000000000000        8.3711435266610135     
   179.00000000000000        8.4662763748320664     
   180.00000000000000        8.5560677424314768     
   181.00000000000000        8.6432124823115704     
   182.00000000000000        8.7411068194241270     
   183.00000000000000        8.8453330683079621     
   184.00000000000000        8.9388673443749909     
   185.00000000000000        9.0357935926866624     
   186.00000000000000        9.1261193979278747     
   187.00000000000000        9.2167525069644860     
   188.00000000000000        9.3134136511434900     
   189.00000000000000        9.4321294432958958     
   190.00000000000000        9.5503172836844286     
   191.00000000000000        9.6680006640309077     
   192.00000000000000        9.7715000411596531     
   193.00000000000000        9.8817654242900570     
   194.00000000000000        9.9883873338017732     
   195.00000000000000        10.089414462360379     
   196.00000000000000        10.192559027545585     
   197.00000000000000        10.294068379810723     
   198.00000000000000        10.392340134963533     
   199.00000000000000        10.497878809456060     
   200.00000000000000        10.608751759064070     
   201.00000000000000        10.706265306890105     
   202.00000000000000        10.809966427525017     
   203.00000000000000        10.914601430416162     
   204.00000000000000        11.038836732369289     
   205.00000000000000        11.159464537140375     
   206.00000000000000        11.260213074337203     
   207.00000000000000        11.369224736017397     
   208.00000000000000        11.487370424834822     
   209.00000000000000        11.613932050972432     
   210.00000000000000        11.725190053312216     
   211.00000000000000        11.848659216817682     
   212.00000000000000        11.969379970116250     
   213.00000000000000        12.089187027762048     
   214.00000000000000        12.207225765012625     
   215.00000000000000        12.307619382653261     
   216.00000000000000        12.428293751847002     
   217.00000000000000        12.563972112239522     
   218.00000000000000        12.680942976140461     
   219.00000000000000        12.798948460278726     
   220.00000000000000        12.935265030704624     
   221.00000000000000        13.048549396624484     
   222.00000000000000        13.161172472072440     
   223.00000000000000        13.279194707474289     
   224.00000000000000        13.393529009558049     
   225.00000000000000        13.512187022486572     
   226.00000000000000        13.620739469227168     
   227.00000000000000        13.733294636736819     
   228.00000000000000        13.855595195838282     
   229.00000000000000        13.975556044178152     
   230.00000000000000        14.112769863393222     
   231.00000000000000        14.250843870984848     
   232.00000000000000        14.384672422757038     
   233.00000000000000        14.507816132426148     
   234.00000000000000        14.649246702758738     
   235.00000000000000        14.812499618815488     
   236.00000000000000        14.985698575146399     
   237.00000000000000        15.152558767346747     
   238.00000000000000        15.314153742233813     
   239.00000000000000        15.449842357872621     
   240.00000000000000        15.574123111939359     
   241.00000000000000        15.715251975232729     
   242.00000000000000        15.862600986579363     
   243.00000000000000        16.016368953257459     
   244.00000000000000        16.173177414235806     
   245.00000000000000        16.336250379172863     
   246.00000000000000        16.502054261775502     
   247.00000000000000        16.666704136244480     
   248.00000000000000        16.830973544200219     
   249.00000000000000        16.980736593630013     
   250.00000000000000        17.136521041541648     
   251.00000000000000        17.290832624429633     
   252.00000000000000        17.449256553948889     
   253.00000000000000        17.596580524106411     
   254.00000000000000        17.738491143710121     
   255.00000000000000        17.888935893361900     
   256.00000000000000        18.058990998848767     
   257.00000000000000        18.226107668641639     
   258.00000000000000        18.376092915731515     
   259.00000000000000        18.520406571392286     
   260.00000000000000        18.671328863465035     
   261.00000000000000        18.822395666721302     
   262.00000000000000        18.965457612160641     
   263.00000000000000        19.087387554156077     
   264.00000000000000        19.231366448757782     
   265.00000000000000        19.361546534172604     
   266.00000000000000        19.498827626065875     
   267.00000000000000        19.632629121117251     
   268.00000000000000        19.779645402524274     
   269.00000000000000        19.918500881027121     
   270.00000000000000        20.048760378120633     
   271.00000000000000        20.175165736880135     
   272.00000000000000        20.322568902540031     
   273.00000000000000        20.480007908279070     
   274.00000000000000        20.644043060622050     
   275.00000000000000        20.801486052586128     
   276.00000000000000        20.975276037939903     
   277.00000000000000        21.152073750863710     
   278.00000000000000        21.337324572507328     
   279.00000000000000        21.541937956145699     
   280.00000000000000        21.746344622965054     
   281.00000000000000        21.935255937659345     
   282.00000000000000        22.144378445497875     
   283.00000000000000        22.364261451270725     
   284.00000000000000        22.574918874281678     
   285.00000000000000        22.785677350815515     
   286.00000000000000        22.981297413641926     
   287.00000000000000        23.173229877314228     
   288.00000000000000        23.357018794298533     
   289.00000000000000        23.496426106021140     
   290.00000000000000        23.638953564272366     
   291.00000000000000        23.820583853662281     
   292.00000000000000        24.003589802325781     
   293.00000000000000        24.166919465178211     
   294.00000000000000        24.320906017086994     
   295.00000000000000        24.492137862362000     
   296.00000000000000        24.643458637577702     
   297.00000000000000        24.796466385262359     
   298.00000000000000        24.962332348675961     
   299.00000000000000        25.119527813240598     
   300.00000000000000        25.286009465784510     
   301.00000000000000        25.436138605929369     
   302.00000000000000        25.578185312118322     
   303.00000000000000        25.734838828648019     
   304.00000000000000        25.913619587964256     
   305.00000000000000        26.100154264094083     
   306.00000000000000        26.256250537419593     
   307.00000000000000        26.443173627723841     
   308.00000000000000        26.639080216278725     
   309.00000000000000        26.844108392250998     
   310.00000000000000        27.042377388442670     
   311.00000000000000        27.216161965057875     
   312.00000000000000        27.370818164012530     
   313.00000000000000        27.535706287806441     
   314.00000000000000        27.721527860666324     
   315.00000000000000        27.873089923964315     
   316.00000000000000        28.022609958427825     
   317.00000000000000        28.221662777268524     
   318.00000000000000        28.371926756705474     
   319.00000000000000        28.524634376648866     
   320.00000000000000        28.686777558702431     
   321.00000000000000        28.849591390104031     
   322.00000000000000        29.001955077618625     
   323.00000000000000        29.120211324998170     
   324.00000000000000        29.248638540235614     
   325.00000000000000        29.373796414120932     
   326.00000000000000        29.519682518521396     
   327.00000000000000        29.656387074425620     
   328.00000000000000        29.774157900292522     
   329.00000000000000        29.913729727099454     
   330.00000000000000        30.057755832483778     
   331.00000000000000        30.197532940071621     
   332.00000000000000        30.335538926155273     
   333.00000000000000        30.490451682346073     
   334.00000000000000        30.650963746277814     
   335.00000000000000        30.800142814020543     
   336.00000000000000        30.931308095094611     
   337.00000000000000        31.108305764542827     
   338.00000000000000        31.292580374217316     
   339.00000000000000        31.480742529225669     
   340.00000000000000        31.672814325960939     
   341.00000000000000        31.875305861439688     
   342.00000000000000        32.046460172532406     
   343.00000000000000        32.232052351738851     
   344.00000000000000        32.437245012061112     
   345.00000000000000        32.658821693116359     
   346.00000000000000        32.902127711716396     
   347.00000000000000        33.105584454722816     
   348.00000000000000        33.305345324022326     
   349.00000000000000        33.523280576731096     
   350.00000000000000        33.757184626916583     
   351.00000000000000        33.973052869733046     
   352.00000000000000        34.189847746671219     
   353.00000000000000        34.405389527617317     
   354.00000000000000        34.606768468926482     
   355.00000000000000        34.840515275188757     
   356.00000000000000        35.104143658277891     
   357.00000000000000        35.354097224944006     
   358.00000000000000        35.575467730316930     
   359.00000000000000        35.780069130427975     
   360.00000000000000        36.039496520480292     
   361.00000000000000        36.288246195404945     
   362.00000000000000        36.494941298845077     
   363.00000000000000        36.696051213152387     
   364.00000000000000        36.860274444843547     
   365.00000000000000        37.044144946728295     
   366.00000000000000        37.247489897071546     
   367.00000000000000        37.438209485694117     
   368.00000000000000        37.598625789578982     
   369.00000000000000        37.785593958386052     
   370.00000000000000        37.953118925938831     
   371.00000000000000        38.121068383618130     
   372.00000000000000        38.247502820360722     
   373.00000000000000        38.413885623087495     
   374.00000000000000        38.661620683385806     
   375.00000000000000        38.894139597415617     
   376.00000000000000        39.103133391633769     
   377.00000000000000        39.320327435116333     
   378.00000000000000        39.529670485641937     
   379.00000000000000        39.733949541756331     
   380.00000000000000        39.931136910619621     
   381.00000000000000        40.119884976381705     
   382.00000000000000        40.342652824259723     
   383.00000000000000        40.576457437532149     
   384.00000000000000        40.809851187702726     
   385.00000000000000        40.981993626638946     
   386.00000000000000        41.188859761798938     
   387.00000000000000        41.415272047179442     
   388.00000000000000        41.633501607768558     
   389.00000000000000        41.864560772618674     
   390.00000000000000        42.069885216461635     
   391.00000000000000        42.255623703478065     
   392.00000000000000        42.446740867396834     
   393.00000000000000        42.680977520059805     
   394.00000000000000        42.898109867823010     
   395.00000000000000        43.112325882549413     
   396.00000000000000        43.338894246033291     
   397.00000000000000        43.575986451842994     
   398.00000000000000        43.799261904757444     
   399.00000000000000        44.009180523492546     
   400.00000000000000        44.245826006563057     
   401.00000000000000        44.455350983502171     
   402.00000000000000        44.658341541603626     
   403.00000000000000        44.841980446301172     
   404.00000000000000        45.051372348240513     
   405.00000000000000        45.309600141673720     
   406.00000000000000        45.530138658890060     
   407.00000000000000        45.805194346152568     
   408.00000000000000        46.086706458637735     
   409.00000000000000        46.374840525975010     
   410.00000000000000        46.624155174808998     
   411.00000000000000        46.849790713598310     
   412.00000000000000        47.107264176003660     
   413.00000000000000        47.332041347937810     
   414.00000000000000        47.542892920789050     
   415.00000000000000        47.756282971929153     
   416.00000000000000        47.999281871092506     
   417.00000000000000        48.229454716074372     
   418.00000000000000        48.471202392758300     
   419.00000000000000        48.677289840911435     
   420.00000000000000        48.851603187352971     
   421.00000000000000        49.074097905698117     
   422.00000000000000        49.266509669553074     
   423.00000000000000        49.493319669370074     
   424.00000000000000        49.764288408538135     
   425.00000000000000        50.017017034570628     
   426.00000000000000        50.277381404157246     
   427.00000000000000        50.564541326369017     
   428.00000000000000        50.825995328374219     
   429.00000000000000        51.070207849455407     
   430.00000000000000        51.309794687103562     
   431.00000000000000        51.545826255167981     
   432.00000000000000        51.824714564177611     
   433.00000000000000        52.065736180062885     
   434.00000000000000        52.268680495372287     
   435.00000000000000        52.480201531557874     
   436.00000000000000        52.747769675574034     
   437.00000000000000        52.967414493749928     
   438.00000000000000        53.188912480000305     
   439.00000000000000        53.439909399705172     
   440.00000000000000        53.697366090620534     
   441.00000000000000        53.953109895636679     
   442.00000000000000        54.186552412505151     
   443.00000000000000        54.401561165257164     
   444.00000000000000        54.629060226185580     
   445.00000000000000        54.835994578516917     
   446.00000000000000        55.084606736401106     
   447.00000000000000        55.286678237001929     
   448.00000000000000        55.474806954138636     
   449.00000000000000        55.707342972125510     
   450.00000000000000        55.990565933020925     
   451.00000000000000        56.249997018037604     
   452.00000000000000        56.518386353127482     
   453.00000000000000        56.763466681554206     
   454.00000000000000        57.027942014988710     
   455.00000000000000        57.264670362089312     
   456.00000000000000        57.456565821393589     
   457.00000000000000        57.682565176188220     
   458.00000000000000        57.877512224801649     
   459.00000000000000        58.144475868634572     
   460.00000000000000        58.437325261197216     
   461.00000000000000        58.747828307058178     
   462.00000000000000        59.098793884075938     
   463.00000000000000        59.421332548018384     
   464.00000000000000        59.709324745200810     
   465.00000000000000        59.990021197678352     
   466.00000000000000        60.196917806982995     
   467.00000000000000        60.446298852751006     
   468.00000000000000        60.673980951823047     
   469.00000000000000        60.891519947063671     
   470.00000000000000        61.124484149193812     
   471.00000000000000        61.313031012692768     
   472.00000000000000        61.549910037560586     
   473.00000000000000        61.797358324672764     
   474.00000000000000        62.035065195058436     
   475.00000000000000        62.323750992023626     
   476.00000000000000        62.572473620703846     
   477.00000000000000        62.828360127380193     
   478.00000000000000        63.073485824910350     
   479.00000000000000        63.349894739851656     
   480.00000000000000        63.606561636991074     
   481.00000000000000        63.809899901811164     
   482.00000000000000        64.017751839510879     
   483.00000000000000        64.207194583975806     
   484.00000000000000        64.373333275842185     
   485.00000000000000        64.530646141991525     
   486.00000000000000        64.729690226383539     
   487.00000000000000        64.935176604197068     
   488.00000000000000        65.153089866401501     
   489.00000000000000        65.408884455778050     
   490.00000000000000        65.616069397752582     
   491.00000000000000        65.822869435411363     
   492.00000000000000        66.079249947386089     
   493.00000000000000        66.353175401249160     
   494.00000000000000        66.597329193305441     
   495.00000000000000        66.871886167273203     
   496.00000000000000        67.139932424704725     
   497.00000000000000        67.387342427053611     
   498.00000000000000        67.623504435695310     
   499.00000000000000        67.880763662759975     
   500.00000000000000        68.162299933546336     
   501.00000000000000        68.471927564476090     
