refdata bulk 208.7483333 0.001
refdata pxx 1 1e-09
NbMo-10 -10 -5.93686360561368 0.000907998595249697
NbMo-9 -9 -6.21229122085892 0.00246819608173359
NbMo-8 -8 -6.46624249762353 0.00670925255805024
NbMo-7 -7 -6.68029823842529 0.0182376393110903
NbMo-6 -6 -6.85486161376379 0.0495750435333272
NbMo-5 -5 -6.99614948713305 0.134758939981709
NbMo-4 -4 -7.10753649252969 0.366312777774684
NbMo-3 -3 -7.19051844695277 0.995741367357279
NbMo-2 -2 -7.24635085040144 2.70670566473225
NbMo-1 -1 -7.27791166787178 7.35758882342885
NbMo0 0 -7.28650743886409 20
NbMo1 1 -7.27552133837425 7.35758882342885
NbMo2 2 -7.24599257540162 2.70670566473225
NbMo3 3 -7.19876311644511 0.995741367357279
NbMo4 4 -7.13906813000052 0.366312777774684
NbMo5 5 -7.06642151706787 0.134758939981709
NbMo6 6 -6.98199080864596 0.0495750435333272
NbMo7 7 -6.8865701857343 0.0182376393110903
NbMo8 8 -6.78156175383164 0.00670925255805024
NbMo9 9 -6.66790614693663 0.00246819608173359
NbMo10 10 -6.54639379354934 0.000907998595249697
refdata bulk 220.7733333 0.001
refdata pxx 1 1e-09
NbW-10 -10 -6.64842373681239 0.000907998595249697
NbW-9 -9 -6.96759388751679 0.00246819608173359
NbW-8 -8 -7.24404712026075 0.00670925255805024
NbW-7 -7 -7.47563006404624 0.0182376393110903
NbW-6 -6 -7.66566661387032 0.0495750435333272
NbW-5 -5 -7.81750955022966 0.134758939981709
NbW-4 -4 -7.93432218962147 0.366312777774684
NbW-3 -3 -8.01922906054318 0.995741367357279
NbW-2 -2 -8.07674016998971 2.70670566473225
NbW-1 -1 -8.10933155095967 7.35758882342885
NbW0 0 -8.11955666395005 20
NbW1 1 -8.10847494196031 7.35758882342885
NbW2 2 -8.07752239548899 2.70670566473225
NbW3 3 -8.03367368402968 0.995741367357279
NbW4 4 -7.96723456909121 0.366312777774684
NbW5 5 -7.88566424066693 0.134758939981709
NbW6 6 -7.7908246272545 0.0495750435333272
NbW7 7 -7.68389856585367 0.0182376393110903
NbW8 8 -7.56620756696242 0.00670925255805024
NbW9 9 -7.43922913158002 0.00246819608173359
NbW10 10 -7.30382233120548 0.000907998595249697
refdata bulk 182.2374667 0.001
refdata pxx 1 1e-09
NbTa-10 -10 -6.43036120635204 0.000907998595249697
NbTa-9 -9 -6.70181548360054 0.00246819608173359
NbTa-8 -8 -6.93522352588459 0.00670925255805024
NbTa-7 -7 -7.13220100970218 0.0182376393110903
NbTa-6 -6 -7.2967239840498 0.0495750435333272
NbTa-5 -5 -7.43413325042255 0.134758939981709
NbTa-4 -4 -7.53955077182505 0.366312777774684
NbTa-3 -3 -7.62095149024961 0.995741367357279
NbTa-2 -2 -7.67708504369764 2.70670566473225
NbTa-1 -1 -7.70932984916763 7.35758882342885
NbTa0 0 -7.71873207915908 20
NbTa1 1 -7.7113422516658 7.35758882342885
NbTa2 2 -7.68604120168928 2.70670566473225
NbTa3 3 -7.64381013122843 0.995741367357279
NbTa4 4 -7.58670319528133 0.366312777774684
NbTa5 5 -7.51605466084666 0.134758939981709
NbTa6 6 -7.43304612642353 0.0495750435333272
NbTa7 7 -7.33920417651043 0.0182376393110903
NbTa8 8 -7.23571504210636 0.00670925255805024
NbTa9 9 -7.12339826471034 0.00246819608173359
NbTa10 10 -7.00183973432288 0.000907998595249697
refdata bulk 158.9124 0.001
refdata pxx 1 1e-09
NbV-10 -10 -5.37645744193743 0.000907998595249697
NbV-9 -9 -5.58369763174552 0.00246819608173359
NbV-8 -8 -5.76065013958169 0.00670925255805024
NbV-7 -7 -5.89889765745353 0.0182376393110903
NbV-6 -6 -6.01970280934189 0.0495750435333272
NbV-5 -5 -6.12381127924551 0.134758939981709
NbV-4 -4 -6.20557106266984 0.366312777774684
NbV-3 -3 -6.26577791411411 0.995741367357279
NbV-2 -2 -6.30630503557632 2.70670566473225
NbV-1 -1 -6.32846595305592 7.35758882342885
NbV0 0 -6.33413248805051 20
NbV1 1 -6.32678764705748 7.35758882342885
NbV2 2 -6.30702729457585 2.70670566473225
NbV3 3 -6.2673259971125 0.995741367357279
NbV4 4 -6.22451458665206 0.366312777774684
NbV5 5 -6.17936293419394 0.134758939981709
NbV6 6 -6.11830340025041 0.0495750435333272
NbV7 7 -6.05106893331277 0.0182376393110903
NbV8 8 -5.97712587038087 0.00670925255805024
NbV9 9 -5.89876921395376 0.00246819608173359
NbV10 10 -5.81701415352951 0.000907998595249697
refdata bulk 265.4797333 0.001
refdata pxx 1 1e-09
MoW-10 -10 -6.06350552704417 0.000907998595249697
MoW-9 -9 -6.43802512319722 0.00246819608173359
MoW-8 -8 -6.75619743590242 0.00670925255805024
MoW-7 -7 -7.02409020615447 0.0182376393110903
MoW-6 -6 -7.24309492595181 0.0495750435333272
MoW-5 -5 -7.41847979528926 0.134758939981709
MoW-4 -4 -7.5538724846641 0.366312777774684
MoW-3 -3 -7.65312643307208 0.995741367357279
MoW-2 -2 -7.71904526601098 2.70670566473225
MoW-1 -1 -7.75477501397801 7.35758882342885
MoW0 0 -7.76364527896986 20
MoW1 1 -7.74852869948369 7.35758882342885
MoW2 2 -7.7119357690177 2.70670566473225
MoW3 3 -7.65605293156942 0.995741367357279
MoW4 4 -7.58231708613754 0.366312777774684
MoW5 5 -7.48326712472941 0.134758939981709
MoW6 6 -7.37940315432557 0.0495750435333272
MoW7 7 -7.26276788793358 0.0182376393110903
MoW8 8 -7.1347963100519 0.00670925255805024
MoW9 9 -6.99655366067997 0.00246819608173359
MoW10 10 -6.84940623131625 0.000907998595249697
refdata bulk 233.23555 0.001
refdata pxx 1 1e-09
MoTa-10 -10 -5.93184001150366 0.000907998595249697
MoTa-9 -9 -6.27764802718316 0.00246819608173359
MoTa-8 -8 -6.57178218741087 0.00670925255805024
MoTa-7 -7 -6.81692526718389 0.0182376393110903
MoTa-6 -6 -7.01799943649776 0.0495750435333272
MoTa-5 -5 -7.1787179538489 0.134758939981709
MoTa-4 -4 -7.30313419873387 0.366312777774684
MoTa-3 -3 -7.39373208464981 0.995741367357279
MoTa-2 -2 -7.45521914459296 2.70670566473225
MoTa-1 -1 -7.49004470006066 7.35758882342885
MoTa0 0 -7.50219095454959 20
MoTa1 1 -7.49279579005811 7.35758882342885
MoTa2 2 -7.46743333158151 2.70670566473225
MoTa3 3 -7.41918603712629 0.995741367357279
MoTa4 4 -7.35457919368623 0.366312777774684
MoTa5 5 -7.27493293425978 0.134758939981709
MoTa6 6 -7.18207996484575 0.0495750435333272
MoTa7 7 -7.07729207994289 0.0182376393110903
MoTa8 8 -6.96225843054954 0.00670925255805024
MoTa9 9 -6.83804486216441 0.00246819608173359
MoTa10 10 -6.70675186378612 0.000907998595249697
refdata bulk 211.9743333 0.001
refdata pxx 1 1e-09
MoV-10 -10 -4.97503300649935 0.000907998595249697
MoV-9 -9 -5.2348308777586 0.00246819608173359
MoV-8 -8 -5.45742580355243 0.00670925255805024
MoV-7 -7 -5.64502449587865 0.0182376393110903
MoV-6 -6 -5.80013377073504 0.0495750435333272
MoV-5 -5 -5.92481449211953 0.134758939981709
MoV-4 -4 -6.02811026802436 0.366312777774684
MoV-3 -3 -6.09873472845896 0.995741367357279
MoV-2 -2 -6.14574999091513 2.70670566473225
MoV-1 -1 -6.17197913539092 7.35758882342885
MoV0 0 -6.17902984988421 20
MoV1 1 -6.1692641178933 7.35758882342885
MoV2 2 -6.14398038891675 2.70670566473225
MoV3 3 -6.10459344595318 0.995741367357279
MoV4 4 -6.05199532200179 0.366312777774684
MoV5 5 -5.98719294506207 0.134758939981709
MoV6 6 -5.91215115363155 0.0495750435333272
MoV7 7 -5.82715541121018 0.0182376393110903
MoV8 8 -5.73361991779682 0.00670925255805024
MoV9 9 -5.63218851489062 0.00246819608173359
MoV10 10 -5.52399015999088 0.000907998595249697
refdata bulk 237.9415667 0.001
refdata pxx 1 1e-09
WTa-10 -10 -6.64953429519642 0.000907998595249697
WTa-9 -9 -7.01959508785376 0.00246819608173359
WTa-8 -8 -7.33180568456464 0.00670925255805024
WTa-7 -7 -7.59187871882386 0.0182376393110903
WTa-6 -6 -7.80745581312431 0.0495750435333272
WTa-5 -5 -7.98286176396164 0.134758939981709
WTa-4 -4 -8.12012537833471 0.366312777774684
WTa-3 -3 -8.22186994774052 0.995741367357279
WTa-2 -2 -8.29106737517645 2.70670566473225
WTa-1 -1 -8.32891669164133 7.35758882342885
WTa0 0 -8.34070434713067 20
WTa1 1 -8.32865175864185 7.35758882342885
WTa2 2 -8.2967189836711 2.70670566473225
WTa3 3 -8.24125493372253 0.995741367357279
WTa4 4 -8.16826168928992 0.366312777774684
WTa5 5 -8.07979177837205 0.134758939981709
WTa6 6 -7.97739135396682 0.0495750435333272
WTa7 7 -7.86276268807296 0.0182376393110903
WTa8 8 -7.73727188418934 0.00670925255805024
WTa9 9 -7.60208900631437 0.00246819608173359
WTa10 10 -7.45809864094781 0.000907998595249697
refdata bulk 230.8184167 0.001
refdata pxx 1 1e-09
WV-10 -10 -5.72620113466108 0.000907998595249697
WV-9 -9 -6.01414336489436 0.00246819608173359
WV-8 -8 -6.2602939976666 0.00670925255805024
WV-7 -7 -6.46691802297526 0.0182376393110903
WV-6 -6 -6.63592638431872 0.0495750435333272
WV-5 -5 -6.77632033018856 0.134758939981709
WV-4 -4 -6.88372144458934 0.366312777774684
WV-3 -3 -6.96310084951595 0.995741367357279
WV-2 -2 -7.0162277674667 2.70670566473225
WV-1 -1 -7.04534907143964 7.35758882342885
WV0 0 -7.05265397843275 20
WV1 1 -7.04073712644411 7.35758882342885
WV2 2 -7.01115349447126 2.70670566473225
WV3 3 -6.96616649601308 0.995741367357279
WV4 4 -6.9067122115682 0.366312777774684
WV5 5 -6.83440128813502 0.134758939981709
WV6 6 -6.7500929852133 0.0495750435333272
WV7 7 -6.65530673330066 0.0182376393110903
WV8 8 -6.53997487740751 0.00670925255805024
WV9 9 -6.42704879701203 0.00246819608173359
WV10 10 -6.30700493862308 0.000907998595249697
refdata bulk 187.2563167 0.001
refdata pxx 1 1e-09
TaV-10 -10 -5.40994901229153 0.000907998595249697
TaV-9 -9 -5.66624905755413 0.00246819608173359
TaV-8 -8 -5.86567113286953 0.00670925255805024
TaV-7 -7 -6.05255135419663 0.0182376393110903
TaV-6 -6 -6.20569818855467 0.0495750435333272
TaV-5 -5 -6.32923859194018 0.134758939981709
TaV-4 -4 -6.43035793034671 0.366312777774684
TaV-3 -3 -6.50597802527688 0.995741367357279
TaV-2 -2 -6.55821945322834 2.70670566473225
TaV-1 -1 -6.58868578070025 7.35758882342885
TaV0 0 -6.59909430819045 20
TaV1 1 -6.59050403219846 7.35758882342885
TaV2 2 -6.55523763773119 2.70670566473225
TaV3 3 -6.52384273126024 0.995741367357279
TaV4 4 -6.47361118130659 0.366312777774684
TaV5 5 -6.42202760785433 0.134758939981709
TaV6 6 -6.36034154141164 0.0495750435333272
TaV7 7 -6.28974931147679 0.0182376393110903
TaV8 8 -6.22202006803975 0.00670925255805024
TaV9 9 -6.1322448426227 0.00246819608173359
TaV10 10 -6.06197033118776 0.000907998595249697
