7.21307324020589
2.77805819323082
4.97057668710074
8.03458921414427
2.78762255821001
4.86839555319397
7.64900070724567
2.87559509941311
4.74953966924519
6.27752569756403
2.73383864655957
4.53823932224807
7.69285287684869
2.72582468457528
5.27548370647003
7.43470307963715
2.80312646241068
5.2453325682589
6.11421076221836
2.64623719218858
5.05775773481137
8.26061959218618
2.81040404855772
5.0457464507077
6.97729816172812
2.65630874932685
4.96881525693887
6.53342377514329
2.75382138031722
4.88196777074631
