   1.0000000000000000        2.1697280320183212E-004
   2.0000000000000000        5.5918597777595072E-004
   3.0000000000000000        8.8998232213489514E-004
   4.0000000000000000        1.2281852477796988E-003
   5.0000000000000000        1.5893073392152942E-003
   6.0000000000000000        1.9608030081424157E-003
   7.0000000000000000        2.3008946795907885E-003
   8.0000000000000000        2.6485953928968896E-003
   9.0000000000000000        2.9788862568389490E-003
   10.000000000000000        3.3101836827927503E-003
   11.000000000000000        3.6054162064577920E-003
   12.000000000000000        3.9292263508492117E-003
   13.000000000000000        4.2796958271339898E-003
   14.000000000000000        4.6451372950463985E-003
   15.000000000000000        5.0181984919057624E-003
   16.000000000000000        5.3896474533933108E-003
   17.000000000000000        5.7322639811030925E-003
   18.000000000000000        6.0316623095872301E-003
   19.000000000000000        6.3718074207132153E-003
   20.000000000000000        6.7043184034948121E-003
   21.000000000000000        7.0980933861397024E-003
   22.000000000000000        7.4928250924880769E-003
   23.000000000000000        7.8110700410151069E-003
   24.000000000000000        8.1823185856022933E-003
   25.000000000000000        8.4745814909328136E-003
   26.000000000000000        8.8553504583643323E-003
   27.000000000000000        9.1004167677941339E-003
   28.000000000000000        9.3847992255124586E-003
   29.000000000000000        9.7024587408375551E-003
   30.000000000000000        1.0048890771132543E-002
   31.000000000000000        1.0314368939336823E-002
   32.000000000000000        1.0634475913467157E-002
   33.000000000000000        1.0984340431636304E-002
   34.000000000000000        1.1354899472212455E-002
   35.000000000000000        1.1609614933720017E-002
   36.000000000000000        1.2042762998391250E-002
   37.000000000000000        1.2450756831298719E-002
   38.000000000000000        1.2802314702485140E-002
   39.000000000000000        1.3149336148058580E-002
   40.000000000000000        1.3527077662495163E-002
   41.000000000000000        1.3944798282152737E-002
   42.000000000000000        1.4421333433369338E-002
   43.000000000000000        1.4805848607837178E-002
   44.000000000000000        1.5205598776239169E-002
   45.000000000000000        1.5489207989782497E-002
   46.000000000000000        1.5853493148063870E-002
   47.000000000000000        1.6209216580341239E-002
   48.000000000000000        1.6683389476409939E-002
   49.000000000000000        1.7028407076978530E-002
   50.000000000000000        1.7338447050958442E-002
   51.000000000000000        1.7460388360428153E-002
   52.000000000000000        1.7659099548314877E-002
   53.000000000000000        1.7822233274086937E-002
   54.000000000000000        1.8147384916491014E-002
   55.000000000000000        1.8616352433852956E-002
   56.000000000000000        1.9065055461677062E-002
   57.000000000000000        1.9468216469142405E-002
   58.000000000000000        1.9768767677341349E-002
   59.000000000000000        2.0171976279698963E-002
   60.000000000000000        2.0371167255467195E-002
   61.000000000000000        2.0646507787683014E-002
   62.000000000000000        2.0801127653403115E-002
   63.000000000000000        2.1056373562496497E-002
   64.000000000000000        2.1528631744158387E-002
   65.000000000000000        2.1883116104233807E-002
   66.000000000000000        2.2342766673325604E-002
   67.000000000000000        2.2671108775496628E-002
   68.000000000000000        2.2771195024995798E-002
   69.000000000000000        2.3144988628692020E-002
   70.000000000000000        2.3427307042597521E-002
   71.000000000000000        2.3930404490981733E-002
   72.000000000000000        2.4268352136217773E-002
   73.000000000000000        2.4751875618283143E-002
   74.000000000000000        2.5224344719467457E-002
   75.000000000000000        2.5549637516665176E-002
   76.000000000000000        2.5780396933028173E-002
   77.000000000000000        2.6134540193048901E-002
   78.000000000000000        2.6417762144650535E-002
   79.000000000000000        2.6784455344941647E-002
   80.000000000000000        2.7098356894385049E-002
   81.000000000000000        2.7750856020516891E-002
   82.000000000000000        2.7995002576016167E-002
   83.000000000000000        2.7951167805869086E-002
   84.000000000000000        2.8291447972115608E-002
   85.000000000000000        2.8701878123866240E-002
   86.000000000000000        2.9131748043884902E-002
   87.000000000000000        2.9385456996061123E-002
   88.000000000000000        2.9701540685517090E-002
   89.000000000000000        3.0018953671964714E-002
   90.000000000000000        3.0279333569975864E-002
   91.000000000000000        3.0680625288108648E-002
   92.000000000000000        3.1250701190476876E-002
   93.000000000000000        3.1836293265100846E-002
   94.000000000000000        3.2400352729586392E-002
   95.000000000000000        3.2993393605202141E-002
   96.000000000000000        3.3339444564764120E-002
   97.000000000000000        3.3610951365321599E-002
   98.000000000000000        3.3875885752172936E-002
   99.000000000000000        3.3863860771452960E-002
   100.00000000000000        3.4193223692528509E-002
   101.00000000000000        3.4376055473667635E-002
   102.00000000000000        3.4974308111026198E-002
   103.00000000000000        3.5522636676962378E-002
   104.00000000000000        3.5799693480537680E-002
   105.00000000000000        3.5793960515374403E-002
   106.00000000000000        3.5796515641404285E-002
   107.00000000000000        3.6097477234674311E-002
   108.00000000000000        3.6341584289590383E-002
   109.00000000000000        3.6818647240546294E-002
   110.00000000000000        3.7276044793885549E-002
   111.00000000000000        3.7633177857738981E-002
   112.00000000000000        3.8023072634871195E-002
   113.00000000000000        3.8319217730561871E-002
   114.00000000000000        3.8476346012101988E-002
   115.00000000000000        3.8587118062251749E-002
   116.00000000000000        3.9025098846618048E-002
   117.00000000000000        3.9588048342877630E-002
   118.00000000000000        4.0181010617828521E-002
   119.00000000000000        4.0551432220757105E-002
   120.00000000000000        4.0575728661570554E-002
   121.00000000000000        4.0791694694985024E-002
   122.00000000000000        4.1356445119231214E-002
   123.00000000000000        4.1771024816967366E-002
   124.00000000000000        4.2024119899650443E-002
   125.00000000000000        4.2467184678901822E-002
   126.00000000000000        4.2692059325991523E-002
   127.00000000000000        4.3109594371413110E-002
   128.00000000000000        4.3202595595690806E-002
   129.00000000000000        4.3290071258973009E-002
   130.00000000000000        4.3655204353803136E-002
   131.00000000000000        4.3916482821039056E-002
   132.00000000000000        4.4137993064547243E-002
   133.00000000000000        4.4529796783671041E-002
   134.00000000000000        4.4969484862423852E-002
   135.00000000000000        4.5478922636051980E-002
   136.00000000000000        4.5960219866971880E-002
   137.00000000000000        4.6769597096625939E-002
   138.00000000000000        4.7297137515885143E-002
   139.00000000000000        4.7791703858592570E-002
   140.00000000000000        4.8137144667072862E-002
   141.00000000000000        4.8368228148233675E-002
   142.00000000000000        4.8161439075107483E-002
   143.00000000000000        4.8127438113235187E-002
   144.00000000000000        4.8609296616184433E-002
   145.00000000000000        4.9214902889171498E-002
   146.00000000000000        5.0157510448252285E-002
   147.00000000000000        5.0812477418811439E-002
   148.00000000000000        5.0933212563488872E-002
   149.00000000000000        5.1195955571245892E-002
   150.00000000000000        5.0984191896883718E-002
   151.00000000000000        5.0873710949194483E-002
   152.00000000000000        5.1103075035544072E-002
   153.00000000000000        5.1948631813870820E-002
   154.00000000000000        5.2503695079202745E-002
   155.00000000000000        5.2606579209979062E-002
   156.00000000000000        5.2747797204551618E-002
   157.00000000000000        5.3391783345590089E-002
   158.00000000000000        5.3653239962335265E-002
   159.00000000000000        5.3919018905017893E-002
   160.00000000000000        5.3883601885612538E-002
   161.00000000000000        5.4684047889424679E-002
   162.00000000000000        5.5171910310873477E-002
   163.00000000000000        5.5467276627431707E-002
   164.00000000000000        5.5568039647184632E-002
   165.00000000000000        5.5815992828067221E-002
   166.00000000000000        5.6036758834337633E-002
   167.00000000000000        5.5751440352628558E-002
   168.00000000000000        5.5987829858950920E-002
   169.00000000000000        5.6210737512774556E-002
   170.00000000000000        5.6622710321988394E-002
   171.00000000000000        5.7271350143945687E-002
   172.00000000000000        5.7803563193628699E-002
   173.00000000000000        5.8106007530355330E-002
   174.00000000000000        5.8590708396388233E-002
   175.00000000000000        5.8786273028103679E-002
   176.00000000000000        5.8908276455139463E-002
   177.00000000000000        5.9039738296686101E-002
   178.00000000000000        5.9405631903775478E-002
   179.00000000000000        6.0240357196851536E-002
   180.00000000000000        6.1233061493506463E-002
   181.00000000000000        6.1559175419980496E-002
   182.00000000000000        6.2011227794946194E-002
   183.00000000000000        6.2133560540742379E-002
   184.00000000000000        6.2242981404185993E-002
   185.00000000000000        6.2643326396068441E-002
   186.00000000000000        6.3815815535265538E-002
   187.00000000000000        6.4377728306686047E-002
   188.00000000000000        6.5249427402589710E-002
   189.00000000000000        6.5472761707112900E-002
   190.00000000000000        6.4924615045600070E-002
   191.00000000000000        6.4637745568899882E-002
   192.00000000000000        6.4736157219884460E-002
   193.00000000000000        6.5848454797772474E-002
   194.00000000000000        6.6886974499559840E-002
   195.00000000000000        6.7338006235493117E-002
   196.00000000000000        6.7807795718711109E-002
   197.00000000000000        6.7622998492931671E-002
   198.00000000000000        6.6791307425175514E-002
   199.00000000000000        6.6871592746796826E-002
   200.00000000000000        6.7256584226424471E-002
   201.00000000000000        6.7943532603046849E-002
   202.00000000000000        6.8483644540229982E-002
   203.00000000000000        6.8733031058335697E-002
   204.00000000000000        6.8300532527827432E-002
   205.00000000000000        6.8190901961073372E-002
   206.00000000000000        6.8815094687913303E-002
   207.00000000000000        6.9028448680880233E-002
   208.00000000000000        7.0147560321152269E-002
   209.00000000000000        7.0853134499835033E-002
   210.00000000000000        7.2000154149079440E-002
   211.00000000000000        7.2937709944440599E-002
   212.00000000000000        7.2759211568411572E-002
   213.00000000000000        7.2698695595522084E-002
   214.00000000000000        7.2426675246949110E-002
   215.00000000000000        7.2571913088367038E-002
   216.00000000000000        7.2997777888550330E-002
   217.00000000000000        7.3484502825280823E-002
   218.00000000000000        7.4525806926012975E-002
   219.00000000000000        7.4247566998327866E-002
   220.00000000000000        7.4288054341682064E-002
   221.00000000000000        7.4382023875503453E-002
   222.00000000000000        7.4480444850622149E-002
   223.00000000000000        7.5098247042863747E-002
   224.00000000000000        7.5822189952251193E-002
   225.00000000000000        7.7003234016064043E-002
   226.00000000000000        7.7784389406697893E-002
   227.00000000000000        7.7992230011616703E-002
   228.00000000000000        7.7736013192302181E-002
   229.00000000000000        7.7199961067668299E-002
   230.00000000000000        7.7166750777829071E-002
   231.00000000000000        7.7400021333688035E-002
   232.00000000000000        7.7917345476351874E-002
   233.00000000000000        7.7992398307528160E-002
   234.00000000000000        7.8655768769135312E-002
   235.00000000000000        7.9524258356704153E-002
   236.00000000000000        7.9452513499195743E-002
   237.00000000000000        8.0840113648696657E-002
   238.00000000000000        8.1000546398617007E-002
   239.00000000000000        8.1460024103606102E-002
   240.00000000000000        8.1436999376982400E-002
   241.00000000000000        8.0816052445194894E-002
   242.00000000000000        8.1164197616130446E-002
   243.00000000000000        8.0732621550336947E-002
   244.00000000000000        8.1590364242955724E-002
   245.00000000000000        8.2555151519604422E-002
   246.00000000000000        8.2987288279793806E-002
   247.00000000000000        8.3284292666021623E-002
   248.00000000000000        8.3341849353236797E-002
   249.00000000000000        8.2832372625645218E-002
   250.00000000000000        8.2897844499713907E-002
   251.00000000000000        8.3682298793416585E-002
   252.00000000000000        8.4186702013174214E-002
   253.00000000000000        8.4519205104565939E-002
   254.00000000000000        8.5589454710876992E-002
   255.00000000000000        8.6384049284779538E-002
   256.00000000000000        8.7542720455125164E-002
   257.00000000000000        8.7816464050452611E-002
   258.00000000000000        8.7550813135766306E-002
   259.00000000000000        8.7700704068484708E-002
   260.00000000000000        8.7518597320761365E-002
   261.00000000000000        8.7280132451365497E-002
   262.00000000000000        8.7511548016490234E-002
   263.00000000000000        8.8212257741317371E-002
   264.00000000000000        8.8912282132233858E-002
   265.00000000000000        8.9110876324185198E-002
   266.00000000000000        8.8331745973611819E-002
   267.00000000000000        8.8913542078411886E-002
   268.00000000000000        8.8728963842333655E-002
   269.00000000000000        8.9048679581131940E-002
   270.00000000000000        8.9768670326489136E-002
   271.00000000000000        9.0498727467564141E-002
   272.00000000000000        9.0080922014895939E-002
   273.00000000000000        9.0746733390336690E-002
   274.00000000000000        9.1433683615669059E-002
   275.00000000000000        9.1218704581842516E-002
   276.00000000000000        9.1823696102923430E-002
   277.00000000000000        9.2062207124790366E-002
   278.00000000000000        9.1983657049752407E-002
   279.00000000000000        9.2851499638581206E-002
   280.00000000000000        9.3511103458795861E-002
   281.00000000000000        9.3919541982446578E-002
   282.00000000000000        9.3612755792432278E-002
   283.00000000000000        9.4582464470454486E-002
   284.00000000000000        9.5024121664089217E-002
   285.00000000000000        9.5229946566738055E-002
   286.00000000000000        9.5303333717595889E-002
   287.00000000000000        9.6302049002553680E-002
   288.00000000000000        9.5989846691323932E-002
   289.00000000000000        9.6632396336464713E-002
   290.00000000000000        9.6661983163711523E-002
   291.00000000000000        9.6816002186193656E-002
   292.00000000000000        9.6999151929627742E-002
   293.00000000000000        9.7315078902132993E-002
   294.00000000000000        9.7587146079221795E-002
   295.00000000000000        9.7310961310976593E-002
   296.00000000000000        9.7010320664591726E-002
   297.00000000000000        9.7526311471581625E-002
   298.00000000000000        9.8652247306977747E-002
   299.00000000000000        9.8876116135019010E-002
   300.00000000000000        9.9267250200300042E-002
   301.00000000000000        9.9872923217917256E-002
   302.00000000000000       0.10025750467549496     
   303.00000000000000       0.10088923538996049     
   304.00000000000000       0.10162863115504839     
   305.00000000000000       0.10267584050398988     
   306.00000000000000       0.10255765869961990     
   307.00000000000000       0.10313176545278736     
   308.00000000000000       0.10369999278279005     
   309.00000000000000       0.10435401904807465     
   310.00000000000000       0.10494171341811902     
   311.00000000000000       0.10503353033255770     
   312.00000000000000       0.10486986471513093     
   313.00000000000000       0.10554632029130216     
   314.00000000000000       0.10579999974233464     
   315.00000000000000       0.10583423546087926     
   316.00000000000000       0.10620591384750697     
   317.00000000000000       0.10675527740393284     
   318.00000000000000       0.10759871038564812     
   319.00000000000000       0.10684827276366508     
   320.00000000000000       0.10682655562578580     
   321.00000000000000       0.10718198555042079     
   322.00000000000000       0.10738256673688076     
   323.00000000000000       0.10710748630225102     
   324.00000000000000       0.10787245041170042     
   325.00000000000000       0.10866364711291551     
   326.00000000000000       0.10844466282295157     
   327.00000000000000       0.10890003215492434     
   328.00000000000000       0.10913414369777141     
   329.00000000000000       0.10986684213853121     
   330.00000000000000       0.11071502915497970     
   331.00000000000000       0.11025965734355865     
   332.00000000000000       0.11024602543449710     
   333.00000000000000       0.11147483605855382     
   334.00000000000000       0.11205882551586922     
   335.00000000000000       0.11204889365989765     
   336.00000000000000       0.11252449425306275     
   337.00000000000000       0.11213616870093152     
   338.00000000000000       0.11227007262179167     
   339.00000000000000       0.11298326529793734     
   340.00000000000000       0.11301835349471497     
   341.00000000000000       0.11302858534107242     
   342.00000000000000       0.11425022920422562     
   343.00000000000000       0.11413208915208671     
   344.00000000000000       0.11460083480329333     
   345.00000000000000       0.11504298840684131     
   346.00000000000000       0.11579358147568593     
   347.00000000000000       0.11597985326342598     
   348.00000000000000       0.11655629016474439     
   349.00000000000000       0.11706652278056551     
   350.00000000000000       0.11781915588087072     
   351.00000000000000       0.11786048892930892     
   352.00000000000000       0.11730537007845293     
   353.00000000000000       0.11784774613802516     
   354.00000000000000       0.11790671402729744     
   355.00000000000000       0.11843613967101858     
   356.00000000000000       0.11890816625374563     
   357.00000000000000       0.11976413103073677     
   358.00000000000000       0.12151127060156312     
   359.00000000000000       0.12128897293450644     
   360.00000000000000       0.12218966141355242     
   361.00000000000000       0.12200733040388086     
   362.00000000000000       0.12288649134371864     
   363.00000000000000       0.12284441714593258     
   364.00000000000000       0.12370391670023957     
   365.00000000000000       0.12398074097344926     
   366.00000000000000       0.12487606616731670     
   367.00000000000000       0.12496438926144179     
   368.00000000000000       0.12463880367825490     
   369.00000000000000       0.12432286572035643     
   370.00000000000000       0.12374216566739460     
   371.00000000000000       0.12390075098937416     
   372.00000000000000       0.12400859087779048     
   373.00000000000000       0.12386190330406155     
   374.00000000000000       0.12388441587142975     
   375.00000000000000       0.12531737693786807     
   376.00000000000000       0.12640700105249966     
   377.00000000000000       0.12723233937850650     
   378.00000000000000       0.12734135628234627     
   379.00000000000000       0.12685937399274133     
   380.00000000000000       0.12700311692839236     
   381.00000000000000       0.12691358420240170     
   382.00000000000000       0.12752260957104070     
   383.00000000000000       0.12729433442066210     
   384.00000000000000       0.12765739468730991     
   385.00000000000000       0.12813521265440247     
   386.00000000000000       0.12833377124414502     
   387.00000000000000       0.12852494786676991     
   388.00000000000000       0.12881625185640638     
   389.00000000000000       0.12890519551213170     
   390.00000000000000       0.12963635098021881     
   391.00000000000000       0.13086495226450681     
   392.00000000000000       0.13234265829396469     
   393.00000000000000       0.13287962429319267     
   394.00000000000000       0.13334109783528209     
   395.00000000000000       0.13412578455263546     
   396.00000000000000       0.13415161918839674     
   397.00000000000000       0.13368741766032480     
   398.00000000000000       0.13422327447050902     
   399.00000000000000       0.13392339910133041     
   400.00000000000000       0.13464981986496968     
   401.00000000000000       0.13530156430214765     
   402.00000000000000       0.13477168745895418     
   403.00000000000000       0.13553531549235398     
   404.00000000000000       0.13663329896387949     
   405.00000000000000       0.13863400450383651     
   406.00000000000000       0.13956938610227368     
   407.00000000000000       0.14066355280533163     
   408.00000000000000       0.13990026659066207     
   409.00000000000000       0.13818339354635303     
   410.00000000000000       0.13669728321184391     
   411.00000000000000       0.13714391074458271     
   412.00000000000000       0.13756145687644555     
   413.00000000000000       0.13923918873501032     
   414.00000000000000       0.14121477639794219     
   415.00000000000000       0.14298798149977504     
   416.00000000000000       0.14217842673219647     
   417.00000000000000       0.14070289828842211     
   418.00000000000000       0.14011685131667634     
   419.00000000000000       0.13854307279739556     
   420.00000000000000       0.13996454887202053     
   421.00000000000000       0.14058341156170825     
   422.00000000000000       0.14195065488358749     
   423.00000000000000       0.14270167368288278     
   424.00000000000000       0.14312984612142540     
   425.00000000000000       0.14300491605265220     
   426.00000000000000       0.14221584118672237     
   427.00000000000000       0.14200831542073644     
   428.00000000000000       0.14365077701364107     
   429.00000000000000       0.14339919689484396     
   430.00000000000000       0.14379445821477796     
   431.00000000000000       0.14455105394854678     
   432.00000000000000       0.14492121228013202     
   433.00000000000000       0.14529489463733600     
   434.00000000000000       0.14571802297875694     
   435.00000000000000       0.14550665238522448     
   436.00000000000000       0.14564427595972254     
   437.00000000000000       0.14647372168158915     
   438.00000000000000       0.14629927810325485     
   439.00000000000000       0.14696508097650296     
   440.00000000000000       0.14698797331550639     
   441.00000000000000       0.14670459824728219     
   442.00000000000000       0.14771424085777130     
   443.00000000000000       0.14815609018459852     
   444.00000000000000       0.15168399473164498     
   445.00000000000000       0.15507052389029974     
   446.00000000000000       0.15598164952076041     
   447.00000000000000       0.15631870945479720     
   448.00000000000000       0.15654324911072748     
   449.00000000000000       0.15440621402045870     
   450.00000000000000       0.15314935115375491     
   451.00000000000000       0.14993274459875852     
   452.00000000000000       0.14972037434953611     
   453.00000000000000       0.15114522040617090     
   454.00000000000000       0.15296838061633627     
   455.00000000000000       0.15420656347547398     
   456.00000000000000       0.15441863740739803     
   457.00000000000000       0.15413796170372648     
   458.00000000000000       0.15304443922914801     
   459.00000000000000       0.15426613519115334     
   460.00000000000000       0.15503957419433073     
   461.00000000000000       0.15693251990277551     
   462.00000000000000       0.15710749995975554     
   463.00000000000000       0.15774324121778849     
   464.00000000000000       0.15784067421918460     
   465.00000000000000       0.15733759247120446     
   466.00000000000000       0.15639639346259035     
   467.00000000000000       0.15558736161167527     
   468.00000000000000       0.15652567652467392     
   469.00000000000000       0.15737844203091836     
   470.00000000000000       0.15803405048922012     
   471.00000000000000       0.15813401911423919     
   472.00000000000000       0.15885951636389639     
   473.00000000000000       0.15759819509076095     
   474.00000000000000       0.15735087867684350     
   475.00000000000000       0.15822053556308771     
   476.00000000000000       0.16031462498361007     
   477.00000000000000       0.16270397163618905     
   478.00000000000000       0.16613302030414664     
   479.00000000000000       0.16771836066920498     
   480.00000000000000       0.16899952837296514     
   481.00000000000000       0.16821849668190736     
   482.00000000000000       0.16474302103427485     
   483.00000000000000       0.16197230786015884     
   484.00000000000000       0.16211961251333221     
   485.00000000000000       0.16266041814375243     
   486.00000000000000       0.16356089222829412     
   487.00000000000000       0.16426486967479048     
   488.00000000000000       0.16397915815004588     
   489.00000000000000       0.16294421295909026     
   490.00000000000000       0.16260373850808071     
   491.00000000000000       0.16304334286285255     
   492.00000000000000       0.16497430244874428     
   493.00000000000000       0.16781445127638753     
   494.00000000000000       0.16789518767575853     
   495.00000000000000       0.16801645163869017     
   496.00000000000000       0.16728527075996605     
   497.00000000000000       0.16694551529992602     
   498.00000000000000       0.16646047625036495     
   499.00000000000000       0.16795071356393654     
   500.00000000000000       0.16912102225925180     
   501.00000000000000       0.17021791832755692     
