   1.0000000000000000        1.3927938683137202E-004
   2.0000000000000000        4.7244438528040673E-004
   3.0000000000000000        8.6624733013236665E-004
   4.0000000000000000        1.2161825664468110E-003
   5.0000000000000000        1.5432755206309992E-003
   6.0000000000000000        1.8744571545106182E-003
   7.0000000000000000        2.2165472970124495E-003
   8.0000000000000000        2.5591462807753990E-003
   9.0000000000000000        2.9011294214840709E-003
   10.000000000000000        3.2031625962243276E-003
   11.000000000000000        3.5012791369151870E-003
   12.000000000000000        3.7873373893149358E-003
   13.000000000000000        4.1137831547368277E-003
   14.000000000000000        4.4831795379341620E-003
   15.000000000000000        4.8266857276086312E-003
   16.000000000000000        5.1538469985498844E-003
   17.000000000000000        5.5031847992091714E-003
   18.000000000000000        5.8303773123974285E-003
   19.000000000000000        6.1234164424627032E-003
   20.000000000000000        6.4658420035882116E-003
   21.000000000000000        6.8599018515009772E-003
   22.000000000000000        7.1913833022764625E-003
   23.000000000000000        7.5471394256902205E-003
   24.000000000000000        7.8586254484826409E-003
   25.000000000000000        8.2154716808456457E-003
   26.000000000000000        8.5175192743582474E-003
   27.000000000000000        8.8097384004828718E-003
   28.000000000000000        9.0828562784256769E-003
   29.000000000000000        9.3774306537849159E-003
   30.000000000000000        9.7088100536804767E-003
   31.000000000000000        1.0006610455785526E-002
   32.000000000000000        1.0290122856317290E-002
   33.000000000000000        1.0558922959716211E-002
   34.000000000000000        1.0922542595314624E-002
   35.000000000000000        1.1245430842433672E-002
   36.000000000000000        1.1584027574234709E-002
   37.000000000000000        1.1905428396135363E-002
   38.000000000000000        1.2328763951758222E-002
   39.000000000000000        1.2641319481240521E-002
   40.000000000000000        1.3027451248175174E-002
   41.000000000000000        1.3508026029954937E-002
   42.000000000000000        1.3923422063752095E-002
   43.000000000000000        1.4282620570477347E-002
   44.000000000000000        1.4627921775898833E-002
   45.000000000000000        1.4964891425575380E-002
   46.000000000000000        1.5220108669755593E-002
   47.000000000000000        1.5636456513842243E-002
   48.000000000000000        1.6069596747066827E-002
   49.000000000000000        1.6445913843892938E-002
   50.000000000000000        1.6666971152529124E-002
   51.000000000000000        1.6870841702987551E-002
   52.000000000000000        1.6974909856000940E-002
   53.000000000000000        1.7135530616924528E-002
   54.000000000000000        1.7434366781836387E-002
   55.000000000000000        1.7881434364000026E-002
   56.000000000000000        1.8314024558458094E-002
   57.000000000000000        1.8697341234590138E-002
   58.000000000000000        1.9042552194553579E-002
   59.000000000000000        1.9343973656575454E-002
   60.000000000000000        1.9576614796504806E-002
   61.000000000000000        1.9776790790100373E-002
   62.000000000000000        2.0098790070196014E-002
   63.000000000000000        2.0405115642630312E-002
   64.000000000000000        2.0801409127357864E-002
   65.000000000000000        2.1229782379751871E-002
   66.000000000000000        2.1488350245882689E-002
   67.000000000000000        2.1738913177191670E-002
   68.000000000000000        2.1984273174873947E-002
   69.000000000000000        2.2231586043950265E-002
   70.000000000000000        2.2620641304450934E-002
   71.000000000000000        2.3062103828783365E-002
   72.000000000000000        2.3435675998892250E-002
   73.000000000000000        2.3831544027226325E-002
   74.000000000000000        2.4345497335745658E-002
   75.000000000000000        2.4678007721711963E-002
   76.000000000000000        2.4953794142678610E-002
   77.000000000000000        2.5155092278599502E-002
   78.000000000000000        2.5486074700440363E-002
   79.000000000000000        2.5816725414200461E-002
   80.000000000000000        2.6177208172967609E-002
   81.000000000000000        2.6659931196601622E-002
   82.000000000000000        2.6777288021728490E-002
   83.000000000000000        2.7120622056382507E-002
   84.000000000000000        2.7408287204826201E-002
   85.000000000000000        2.7807495180342295E-002
   86.000000000000000        2.7964756715057847E-002
   87.000000000000000        2.8435196315962270E-002
   88.000000000000000        2.8700245310004494E-002
   89.000000000000000        2.8825014862229680E-002
   90.000000000000000        2.9056834480517636E-002
   91.000000000000000        2.9546693776803530E-002
   92.000000000000000        2.9997300248952263E-002
   93.000000000000000        3.0498862183870108E-002
   94.000000000000000        3.1211594133146763E-002
   95.000000000000000        3.1542400420803987E-002
   96.000000000000000        3.2055863603740166E-002
   97.000000000000000        3.2302053495928039E-002
   98.000000000000000        3.2364589277754284E-002
   99.000000000000000        3.2641182150597289E-002
   100.00000000000000        3.2886046482274771E-002
   101.00000000000000        3.3198682466868232E-002
   102.00000000000000        3.3689385660039026E-002
   103.00000000000000        3.4335942142902816E-002
   104.00000000000000        3.4518769053979589E-002
   105.00000000000000        3.4422019532006944E-002
   106.00000000000000        3.4414216449846040E-002
   107.00000000000000        3.4638771301714298E-002
   108.00000000000000        3.4978771019258892E-002
   109.00000000000000        3.5275605885766718E-002
   110.00000000000000        3.5827812995767865E-002
   111.00000000000000        3.6198153600117522E-002
   112.00000000000000        3.6587309759605398E-002
   113.00000000000000        3.6890464064754609E-002
   114.00000000000000        3.7232353597253652E-002
   115.00000000000000        3.7392776611234239E-002
   116.00000000000000        3.7670701973687923E-002
   117.00000000000000        3.8048165624742225E-002
   118.00000000000000        3.8547449534309386E-002
   119.00000000000000        3.8911615062697830E-002
   120.00000000000000        3.9098747141135801E-002
   121.00000000000000        3.9343510811204539E-002
   122.00000000000000        3.9837780871439077E-002
   123.00000000000000        4.0365931712496007E-002
   124.00000000000000        4.0769292551129085E-002
   125.00000000000000        4.0788297158999322E-002
   126.00000000000000        4.0985444900320835E-002
   127.00000000000000        4.1240970204499981E-002
   128.00000000000000        4.1331016878173095E-002
   129.00000000000000        4.1629447798291433E-002
   130.00000000000000        4.2147977453045410E-002
   131.00000000000000        4.2269819629804424E-002
   132.00000000000000        4.2516134572230579E-002
   133.00000000000000        4.2689256920018827E-002
   134.00000000000000        4.2935932993793183E-002
   135.00000000000000        4.3654557713999349E-002
   136.00000000000000        4.4474045469934935E-002
   137.00000000000000        4.4791910222433895E-002
   138.00000000000000        4.5435598685946890E-002
   139.00000000000000        4.6060441091878138E-002
   140.00000000000000        4.6407467950742173E-002
   141.00000000000000        4.6436282862089964E-002
   142.00000000000000        4.6411542429268170E-002
   143.00000000000000        4.6482875210932389E-002
   144.00000000000000        4.6881361092654783E-002
   145.00000000000000        4.7320422674607371E-002
   146.00000000000000        4.8016526421053453E-002
   147.00000000000000        4.8728205600158156E-002
   148.00000000000000        4.9130835118449616E-002
   149.00000000000000        4.8860599338465267E-002
   150.00000000000000        4.8912959260012961E-002
   151.00000000000000        4.8978077950763504E-002
   152.00000000000000        4.9369897174616366E-002
   153.00000000000000        4.9707955185125399E-002
   154.00000000000000        5.0438489899641128E-002
   155.00000000000000        5.0779072538400513E-002
   156.00000000000000        5.1080034545594004E-002
   157.00000000000000        5.1153459774178366E-002
   158.00000000000000        5.1522810356285260E-002
   159.00000000000000        5.1727319190853792E-002
   160.00000000000000        5.1974558587328211E-002
   161.00000000000000        5.2481327540485359E-002
   162.00000000000000        5.3024289979191161E-002
   163.00000000000000        5.3478434918204081E-002
   164.00000000000000        5.3698280357963743E-002
   165.00000000000000        5.3855364185357781E-002
   166.00000000000000        5.3748344288910267E-002
   167.00000000000000        5.4038197613873573E-002
   168.00000000000000        5.4406159655030914E-002
   169.00000000000000        5.4361618482612728E-002
   170.00000000000000        5.4804974376831767E-002
   171.00000000000000        5.5509417184524214E-002
   172.00000000000000        5.5646245444980487E-002
   173.00000000000000        5.6205785378576158E-002
   174.00000000000000        5.6518423587971427E-002
   175.00000000000000        5.6870143818863482E-002
   176.00000000000000        5.7119481720447035E-002
   177.00000000000000        5.7079267735492781E-002
   178.00000000000000        5.7510156907841913E-002
   179.00000000000000        5.8268214680947603E-002
   180.00000000000000        5.8705795432858726E-002
   181.00000000000000        5.9391433718082108E-002
   182.00000000000000        5.9810447238242227E-002
   183.00000000000000        5.9851803764053683E-002
   184.00000000000000        5.9946951337191599E-002
   185.00000000000000        6.0732774239253023E-002
   186.00000000000000        6.1456534878470907E-002
   187.00000000000000        6.2405957970155718E-002
   188.00000000000000        6.2686517444448767E-002
   189.00000000000000        6.2618245349341337E-002
   190.00000000000000        6.2628065705116517E-002
   191.00000000000000        6.2555655750863942E-002
   192.00000000000000        6.2648847341915184E-002
   193.00000000000000        6.3367539931630579E-002
   194.00000000000000        6.4674298816208162E-002
   195.00000000000000        6.5355394508066211E-002
   196.00000000000000        6.5577103794231359E-002
   197.00000000000000        6.5050912473967215E-002
   198.00000000000000        6.4408558915706474E-002
   199.00000000000000        6.4440487891365972E-002
   200.00000000000000        6.4865062481056834E-002
   201.00000000000000        6.5534239667621175E-002
   202.00000000000000        6.5789673080117642E-002
   203.00000000000000        6.6333041789068306E-002
   204.00000000000000        6.6152901344469994E-002
   205.00000000000000        6.5979698960975844E-002
   206.00000000000000        6.5883217640324107E-002
   207.00000000000000        6.6577355271106559E-002
   208.00000000000000        6.7354213167095542E-002
   209.00000000000000        6.8177539814663901E-002
   210.00000000000000        6.9452225646865054E-002
   211.00000000000000        7.0343139218879497E-002
   212.00000000000000        7.0227898204210562E-002
   213.00000000000000        6.9558917735725256E-002
   214.00000000000000        6.9782247113221521E-002
   215.00000000000000        7.0180015494652304E-002
   216.00000000000000        7.0025924106435058E-002
   217.00000000000000        7.0842915069008361E-002
   218.00000000000000        7.0861582448804750E-002
   219.00000000000000        7.1647805668594286E-002
   220.00000000000000        7.1965080676829829E-002
   221.00000000000000        7.1759994390407630E-002
   222.00000000000000        7.2080239109988939E-002
   223.00000000000000        7.2774515220363073E-002
   224.00000000000000        7.3196771018278262E-002
   225.00000000000000        7.4368546130771790E-002
   226.00000000000000        7.4921688992964086E-002
   227.00000000000000        7.5206756264122071E-002
   228.00000000000000        7.5072721280235857E-002
   229.00000000000000        7.4441659207817673E-002
   230.00000000000000        7.4475898457555964E-002
   231.00000000000000        7.4351469419397423E-002
   232.00000000000000        7.4422811482098394E-002
   233.00000000000000        7.4895528954897442E-002
   234.00000000000000        7.5660016214462278E-002
   235.00000000000000        7.6202073044088409E-002
   236.00000000000000        7.6636281301726020E-002
   237.00000000000000        7.7572416863425947E-002
   238.00000000000000        7.7892513765814783E-002
   239.00000000000000        7.8396920174425275E-002
   240.00000000000000        7.8402937173078543E-002
   241.00000000000000        7.8008117435316576E-002
   242.00000000000000        7.7734164756568511E-002
   243.00000000000000        7.7800473849133092E-002
   244.00000000000000        7.8531342145834154E-002
   245.00000000000000        7.8996514328118383E-002
   246.00000000000000        7.9939508359688841E-002
   247.00000000000000        8.0307999839593719E-002
   248.00000000000000        8.0154289552203217E-002
   249.00000000000000        7.9979754423264021E-002
   250.00000000000000        7.9773081933463316E-002
   251.00000000000000        8.0091343827936118E-002
   252.00000000000000        8.0866682453898969E-002
   253.00000000000000        8.1659750653183372E-002
   254.00000000000000        8.2532330458554973E-002
   255.00000000000000        8.3400333782015362E-002
   256.00000000000000        8.4379361711494835E-002
   257.00000000000000        8.4621540450114899E-002
   258.00000000000000        8.4527309518160468E-002
   259.00000000000000        8.4105900423879082E-002
   260.00000000000000        8.3740465194037869E-002
   261.00000000000000        8.4086944393200941E-002
   262.00000000000000        8.4385241770193090E-002
   263.00000000000000        8.4705415666744069E-002
   264.00000000000000        8.4977033611446123E-002
   265.00000000000000        8.5278241743267119E-002
   266.00000000000000        8.4922243682996959E-002
   267.00000000000000        8.5451920115661495E-002
   268.00000000000000        8.5536486444095269E-002
   269.00000000000000        8.5913448427917691E-002
   270.00000000000000        8.6363332696234960E-002
   271.00000000000000        8.6606270925312201E-002
   272.00000000000000        8.7166149760650943E-002
   273.00000000000000        8.7497046811250423E-002
   274.00000000000000        8.7974482470110707E-002
   275.00000000000000        8.8015608420477384E-002
   276.00000000000000        8.8214226320850825E-002
   277.00000000000000        8.8409277754741666E-002
   278.00000000000000        8.9166408764376051E-002
   279.00000000000000        8.9578222802267501E-002
   280.00000000000000        8.9647925149424948E-002
   281.00000000000000        9.0057673749700279E-002
   282.00000000000000        9.0064887963608675E-002
   283.00000000000000        9.0579380714445379E-002
   284.00000000000000        9.0903963877290231E-002
   285.00000000000000        9.1516906355423297E-002
   286.00000000000000        9.1751137857089368E-002
   287.00000000000000        9.2173885815403964E-002
   288.00000000000000        9.2339991869837185E-002
   289.00000000000000        9.2647990561803298E-002
   290.00000000000000        9.2558665416308444E-002
   291.00000000000000        9.2847487657668704E-002
   292.00000000000000        9.3154645126613242E-002
   293.00000000000000        9.3935363397398358E-002
   294.00000000000000        9.3936133619844861E-002
   295.00000000000000        9.3229517596320088E-002
   296.00000000000000        9.3734787890451338E-002
   297.00000000000000        9.3966801624834645E-002
   298.00000000000000        9.4976680829808230E-002
   299.00000000000000        9.5255661325722607E-002
   300.00000000000000        9.5318189178553989E-002
   301.00000000000000        9.6298893082193859E-002
   302.00000000000000        9.6709993114282106E-002
   303.00000000000000        9.7035872869087159E-002
   304.00000000000000        9.7812513535985662E-002
   305.00000000000000        9.8977831776399197E-002
   306.00000000000000        9.8996760135871276E-002
   307.00000000000000        9.9158174135270685E-002
   308.00000000000000        9.9723673019777831E-002
   309.00000000000000       0.10051136676159704     
   310.00000000000000       0.10047525782500621     
   311.00000000000000       0.10087386621503039     
   312.00000000000000       0.10150883030397785     
   313.00000000000000       0.10169667753371657     
   314.00000000000000       0.10172234118063533     
   315.00000000000000       0.10228449376780815     
   316.00000000000000       0.10257283815363272     
   317.00000000000000       0.10278338116699431     
   318.00000000000000       0.10345436490266127     
   319.00000000000000       0.10318604404217142     
   320.00000000000000       0.10300543489792845     
   321.00000000000000       0.10304416697167028     
   322.00000000000000       0.10279824681833301     
   323.00000000000000       0.10320992640052633     
   324.00000000000000       0.10405006249227088     
   325.00000000000000       0.10434611611424216     
   326.00000000000000       0.10440767650874942     
   327.00000000000000       0.10469113375074934     
   328.00000000000000       0.10494054087101699     
   329.00000000000000       0.10571693244832979     
   330.00000000000000       0.10612735910031385     
   331.00000000000000       0.10651488821213816     
   332.00000000000000       0.10687282679198612     
   333.00000000000000       0.10723450183028639     
   334.00000000000000       0.10768474450775237     
   335.00000000000000       0.10806567452449271     
   336.00000000000000       0.10733989203602680     
   337.00000000000000       0.10756072356572650     
   338.00000000000000       0.10837576588873231     
   339.00000000000000       0.10823373123373593     
   340.00000000000000       0.10842370990325172     
   341.00000000000000       0.10954481987081215     
   342.00000000000000       0.10908407391560290     
   343.00000000000000       0.10917514392998469     
   344.00000000000000       0.10972620419985050     
   345.00000000000000       0.11120630155754713     
   346.00000000000000       0.11162761720092462     
   347.00000000000000       0.11171623327296952     
   348.00000000000000       0.11183991666486479     
   349.00000000000000       0.11300078241875144     
   350.00000000000000       0.11276398454113208     
   351.00000000000000       0.11313368518074254     
   352.00000000000000       0.11344013277565980     
   353.00000000000000       0.11370770554827758     
   354.00000000000000       0.11391025034321546     
   355.00000000000000       0.11452052920983613     
   356.00000000000000       0.11467174724806128     
   357.00000000000000       0.11536612576171738     
   358.00000000000000       0.11647979772260984     
   359.00000000000000       0.11739857001236145     
   360.00000000000000       0.11729905698790108     
   361.00000000000000       0.11748509337779720     
   362.00000000000000       0.11797427900939871     
   363.00000000000000       0.11904471279450997     
   364.00000000000000       0.11939672892707964     
   365.00000000000000       0.12080111105225495     
   366.00000000000000       0.12038232567614610     
   367.00000000000000       0.11990205630150493     
   368.00000000000000       0.11939423636762814     
   369.00000000000000       0.11926041227022637     
   370.00000000000000       0.11923158653505452     
   371.00000000000000       0.11936632317501189     
   372.00000000000000       0.11896159095625777     
   373.00000000000000       0.11972334170006652     
   374.00000000000000       0.11964682526427622     
   375.00000000000000       0.12028054877241745     
   376.00000000000000       0.12151732910947899     
   377.00000000000000       0.12224828058286780     
   378.00000000000000       0.12206446013291543     
   379.00000000000000       0.12220968685758862     
   380.00000000000000       0.12153916314666917     
   381.00000000000000       0.12250379207374025     
   382.00000000000000       0.12278372695386483     
   383.00000000000000       0.12258751388754892     
   384.00000000000000       0.12303337954234617     
   385.00000000000000       0.12310831686107060     
   386.00000000000000       0.12300018107170425     
   387.00000000000000       0.12338384546702222     
   388.00000000000000       0.12362583659377642     
   389.00000000000000       0.12359650798368590     
   390.00000000000000       0.12455830082732065     
   391.00000000000000       0.12597884349481825     
   392.00000000000000       0.12697277391095510     
   393.00000000000000       0.12800356919006708     
   394.00000000000000       0.12878417289519792     
   395.00000000000000       0.12938495779719608     
   396.00000000000000       0.12931178501524079     
   397.00000000000000       0.12884749654350661     
   398.00000000000000       0.12883460192013821     
   399.00000000000000       0.12927260230549911     
   400.00000000000000       0.12914111755655272     
   401.00000000000000       0.12966943058230188     
   402.00000000000000       0.13008184268041700     
   403.00000000000000       0.13055006711985090     
   404.00000000000000       0.13177747946649962     
   405.00000000000000       0.13370406478178953     
   406.00000000000000       0.13539883711714257     
   407.00000000000000       0.13556952684511187     
   408.00000000000000       0.13414208456267296     
   409.00000000000000       0.13250862462648091     
   410.00000000000000       0.13112711169394362     
   411.00000000000000       0.13164459823876012     
   412.00000000000000       0.13305534277544423     
   413.00000000000000       0.13390952946332982     
   414.00000000000000       0.13668311750766490     
   415.00000000000000       0.13664859337306456     
   416.00000000000000       0.13757933809392375     
   417.00000000000000       0.13611473608314256     
   418.00000000000000       0.13416286803571728     
   419.00000000000000       0.13372458875379370     
   420.00000000000000       0.13436414440708547     
   421.00000000000000       0.13607274890434293     
   422.00000000000000       0.13771286153265996     
   423.00000000000000       0.13788411487888053     
   424.00000000000000       0.13798633735615951     
   425.00000000000000       0.13752011785000298     
   426.00000000000000       0.13753557903656072     
   427.00000000000000       0.13683501651632357     
   428.00000000000000       0.13766000154565819     
   429.00000000000000       0.13891518406835546     
   430.00000000000000       0.13896559259363467     
   431.00000000000000       0.13824872154607418     
   432.00000000000000       0.13917753203728694     
   433.00000000000000       0.14017764793632312     
   434.00000000000000       0.14071052940889711     
   435.00000000000000       0.14002551175546094     
   436.00000000000000       0.14011757698154098     
   437.00000000000000       0.14046144514034092     
   438.00000000000000       0.14125181301697337     
   439.00000000000000       0.14184396294814083     
   440.00000000000000       0.14211204495385510     
   441.00000000000000       0.14209738965293583     
   442.00000000000000       0.14234442638915507     
   443.00000000000000       0.14401383732272899     
   444.00000000000000       0.14604320523739267     
   445.00000000000000       0.14890228192999830     
   446.00000000000000       0.15035728529107689     
   447.00000000000000       0.15106354503206615     
   448.00000000000000       0.15044119292976610     
   449.00000000000000       0.14875816620585916     
   450.00000000000000       0.14678350801113046     
   451.00000000000000       0.14548695693762953     
   452.00000000000000       0.14473705983076524     
   453.00000000000000       0.14525484488150997     
   454.00000000000000       0.14779335035364391     
   455.00000000000000       0.14928738908452216     
   456.00000000000000       0.14863093429023935     
   457.00000000000000       0.14863065776571885     
   458.00000000000000       0.14818010854362990     
   459.00000000000000       0.14825189267377450     
   460.00000000000000       0.14941341434971733     
   461.00000000000000       0.15008678703679726     
   462.00000000000000       0.15109643885670643     
   463.00000000000000       0.15218175117814495     
   464.00000000000000       0.15171898967539382     
   465.00000000000000       0.15034335789837044     
   466.00000000000000       0.14985694700035995     
   467.00000000000000       0.14984543316921647     
   468.00000000000000       0.15087636471236476     
   469.00000000000000       0.15193794845117586     
   470.00000000000000       0.15211853178578119     
   471.00000000000000       0.15229124863290847     
   472.00000000000000       0.15252168786832271     
   473.00000000000000       0.15185746850486923     
   474.00000000000000       0.15121289848665043     
   475.00000000000000       0.15281277818000866     
   476.00000000000000       0.15468299039041983     
   477.00000000000000       0.15702881258631934     
   478.00000000000000       0.15955811704572473     
   479.00000000000000       0.16159970779874661     
   480.00000000000000       0.16309695543649996     
   481.00000000000000       0.16149238116104939     
   482.00000000000000       0.15891248516756329     
   483.00000000000000       0.15716493554103778     
   484.00000000000000       0.15627218628776629     
   485.00000000000000       0.15665250182731449     
   486.00000000000000       0.15771078438127351     
   487.00000000000000       0.15791821775260509     
   488.00000000000000       0.15744910849490079     
   489.00000000000000       0.15568417581487301     
   490.00000000000000       0.15555043870644047     
   491.00000000000000       0.15753149639991013     
   492.00000000000000       0.15944128817227621     
   493.00000000000000       0.16091573181809049     
   494.00000000000000       0.16188286483012182     
   495.00000000000000       0.16211402219600357     
   496.00000000000000       0.16170032695994821     
   497.00000000000000       0.16106693503407640     
   498.00000000000000       0.16138080507598052     
   499.00000000000000       0.16147297874786079     
   500.00000000000000       0.16256214023980628     
   501.00000000000000       0.16382478752641838     
