   1.0000000000000000        3.2754715943734215E-004
   2.0000000000000000        6.8564960543542346E-004
   3.0000000000000000        1.0384698122015209E-003
   4.0000000000000000        1.4388282572522261E-003
   5.0000000000000000        1.8522331991017668E-003
   6.0000000000000000        2.2811970509138352E-003
   7.0000000000000000        2.6788308453745062E-003
   8.0000000000000000        3.0785091453409928E-003
   9.0000000000000000        3.4754076266822072E-003
   10.000000000000000        3.8288076941078728E-003
   11.000000000000000        4.2053751980724724E-003
   12.000000000000000        4.5681206567541434E-003
   13.000000000000000        4.9555052888861821E-003
   14.000000000000000        5.3968929350904820E-003
   15.000000000000000        5.7572380616834635E-003
   16.000000000000000        6.2125591760671247E-003
   17.000000000000000        6.6108155391207749E-003
   18.000000000000000        7.0032606930055643E-003
   19.000000000000000        7.3498595984917807E-003
   20.000000000000000        7.7497433813707457E-003
   21.000000000000000        8.2135291823486663E-003
   22.000000000000000        8.5837126025649739E-003
   23.000000000000000        9.0337080965302557E-003
   24.000000000000000        9.4282074454213431E-003
   25.000000000000000        9.7711635188765574E-003
   26.000000000000000        1.0143352256509036E-002
   27.000000000000000        1.0454652001235479E-002
   28.000000000000000        1.0818600614600254E-002
   29.000000000000000        1.1218410805625984E-002
   30.000000000000000        1.1569720196942388E-002
   31.000000000000000        1.1987054673598820E-002
   32.000000000000000        1.2347189051009682E-002
   33.000000000000000        1.2762776822307790E-002
   34.000000000000000        1.3038813325656984E-002
   35.000000000000000        1.3564029961349283E-002
   36.000000000000000        1.3901325545010695E-002
   37.000000000000000        1.4316291876528801E-002
   38.000000000000000        1.4661492715608845E-002
   39.000000000000000        1.5172901351022816E-002
   40.000000000000000        1.5609590874419208E-002
   41.000000000000000        1.6162025520244774E-002
   42.000000000000000        1.6588132986106792E-002
   43.000000000000000        1.7061945491371886E-002
   44.000000000000000        1.7494179042221444E-002
   45.000000000000000        1.7944973319372087E-002
   46.000000000000000        1.8201208035532403E-002
   47.000000000000000        1.8716378007848478E-002
   48.000000000000000        1.9274687188187679E-002
   49.000000000000000        1.9534901445818306E-002
   50.000000000000000        1.9898011752021862E-002
   51.000000000000000        2.0092618137415353E-002
   52.000000000000000        2.0252425908090680E-002
   53.000000000000000        2.0604010152765587E-002
   54.000000000000000        2.0922499894832133E-002
   55.000000000000000        2.1413337408496241E-002
   56.000000000000000        2.1895120537873115E-002
   57.000000000000000        2.2432333041760545E-002
   58.000000000000000        2.2735340537101318E-002
   59.000000000000000        2.3034188116633970E-002
   60.000000000000000        2.3407746356432915E-002
   61.000000000000000        2.3776526909190260E-002
   62.000000000000000        2.3995233750991531E-002
   63.000000000000000        2.4392453597155368E-002
   64.000000000000000        2.4817024065013370E-002
   65.000000000000000        2.5332272606550240E-002
   66.000000000000000        2.5824021105818992E-002
   67.000000000000000        2.6155612572124502E-002
   68.000000000000000        2.6395882189195037E-002
   69.000000000000000        2.6612667742015834E-002
   70.000000000000000        2.7224636437773567E-002
   71.000000000000000        2.7566509545435509E-002
   72.000000000000000        2.8002781934574495E-002
   73.000000000000000        2.8529673777872074E-002
   74.000000000000000        2.8957468255475561E-002
   75.000000000000000        2.9403249137522999E-002
   76.000000000000000        2.9843870075604319E-002
   77.000000000000000        3.0131356992557042E-002
   78.000000000000000        3.0516787460067588E-002
   79.000000000000000        3.0864599883821849E-002
   80.000000000000000        3.1372574247064217E-002
   81.000000000000000        3.1819144592904247E-002
   82.000000000000000        3.2173407316963394E-002
   83.000000000000000        3.2362978774639277E-002
   84.000000000000000        3.2750217028464097E-002
   85.000000000000000        3.3366712091799575E-002
   86.000000000000000        3.3573910349845408E-002
   87.000000000000000        3.3953818036078040E-002
   88.000000000000000        3.4365153065840405E-002
   89.000000000000000        3.4543325665846558E-002
   90.000000000000000        3.4796304334773744E-002
   91.000000000000000        3.5243386746539637E-002
   92.000000000000000        3.5805717194519492E-002
   93.000000000000000        3.6712219669760841E-002
   94.000000000000000        3.7289089681838347E-002
   95.000000000000000        3.7785763255758026E-002
   96.000000000000000        3.8301132031578700E-002
   97.000000000000000        3.8737520542410427E-002
   98.000000000000000        3.9006936773091375E-002
   99.000000000000000        3.8926014726552209E-002
   100.00000000000000        3.9209435150833333E-002
   101.00000000000000        3.9716781735138068E-002
   102.00000000000000        4.0428366807399335E-002
   103.00000000000000        4.0845877414562914E-002
   104.00000000000000        4.1230173049406259E-002
   105.00000000000000        4.1508745613285984E-002
   106.00000000000000        4.1218213894924610E-002
   107.00000000000000        4.1558376330531673E-002
   108.00000000000000        4.1702187497171507E-002
   109.00000000000000        4.2297065761491566E-002
   110.00000000000000        4.2906274455043678E-002
   111.00000000000000        4.3319063428399092E-002
   112.00000000000000        4.3767421844652502E-002
   113.00000000000000        4.4077432048643887E-002
   114.00000000000000        4.4664565579271460E-002
   115.00000000000000        4.4723958416408867E-002
   116.00000000000000        4.4991407187886828E-002
   117.00000000000000        4.5781592424303463E-002
   118.00000000000000        4.5987416758981318E-002
   119.00000000000000        4.6920249345830251E-002
   120.00000000000000        4.6943999509207440E-002
   121.00000000000000        4.7219402911322886E-002
   122.00000000000000        4.7719446551114424E-002
   123.00000000000000        4.8244216656238063E-002
   124.00000000000000        4.8739581025313172E-002
   125.00000000000000        4.8892678510743665E-002
   126.00000000000000        4.9208057713046961E-002
   127.00000000000000        4.9497933108459249E-002
   128.00000000000000        4.9578085394205523E-002
   129.00000000000000        5.0089996180834963E-002
   130.00000000000000        5.0300430016281948E-002
   131.00000000000000        5.0772039345399360E-002
   132.00000000000000        5.0842864062129199E-002
   133.00000000000000        5.1372852743630154E-002
   134.00000000000000        5.1824031657096675E-002
   135.00000000000000        5.2456156995697369E-002
   136.00000000000000        5.2806527840143204E-002
   137.00000000000000        5.3599324284870152E-002
   138.00000000000000        5.4194393778242006E-002
   139.00000000000000        5.4951971346848920E-002
   140.00000000000000        5.5615530340098876E-002
   141.00000000000000        5.5702224561519846E-002
   142.00000000000000        5.5441559385729290E-002
   143.00000000000000        5.5772060913956208E-002
   144.00000000000000        5.6042810852487211E-002
   145.00000000000000        5.6811507068121679E-002
   146.00000000000000        5.7092446896021991E-002
   147.00000000000000        5.8196756202551166E-002
   148.00000000000000        5.8639243553804732E-002
   149.00000000000000        5.8487173155705383E-002
   150.00000000000000        5.8399804793859769E-002
   151.00000000000000        5.8690992983935784E-002
   152.00000000000000        5.9594995514093002E-002
   153.00000000000000        5.9691198998655409E-002
   154.00000000000000        6.0314428718194694E-002
   155.00000000000000        6.0515208102816034E-002
   156.00000000000000        6.0982439791324110E-002
   157.00000000000000        6.1613428352127755E-002
   158.00000000000000        6.1732076125304194E-002
   159.00000000000000        6.1948105625594219E-002
   160.00000000000000        6.2114183315653930E-002
   161.00000000000000        6.3236733213763233E-002
   162.00000000000000        6.3397951223992471E-002
   163.00000000000000        6.3766824041815176E-002
   164.00000000000000        6.4320808796263285E-002
   165.00000000000000        6.4482845697423199E-002
   166.00000000000000        6.4757004515211880E-002
   167.00000000000000        6.4735622791229117E-002
   168.00000000000000        6.4690386614542905E-002
   169.00000000000000        6.5319161415760829E-002
   170.00000000000000        6.6032972716965108E-002
   171.00000000000000        6.5948392446421963E-002
   172.00000000000000        6.6542657819893380E-002
   173.00000000000000        6.7278171257067601E-002
   174.00000000000000        6.7589518519279079E-002
   175.00000000000000        6.7886067936569580E-002
   176.00000000000000        6.7846951513536202E-002
   177.00000000000000        6.8257642323496251E-002
   178.00000000000000        6.8704127195985565E-002
   179.00000000000000        6.9805445459912990E-002
   180.00000000000000        7.0305583214804637E-002
   181.00000000000000        7.0830025618256118E-002
   182.00000000000000        7.1509828254598132E-002
   183.00000000000000        7.1877946507437979E-002
   184.00000000000000        7.1693556902106229E-002
   185.00000000000000        7.2167755742300527E-002
   186.00000000000000        7.3470000762859852E-002
   187.00000000000000        7.4466857828850180E-002
   188.00000000000000        7.4995597745623116E-002
   189.00000000000000        7.4992905885506736E-002
   190.00000000000000        7.4545768150875533E-002
   191.00000000000000        7.4591378343211306E-002
   192.00000000000000        7.5185141960359900E-002
   193.00000000000000        7.6140275489828851E-002
   194.00000000000000        7.7085283938729210E-002
   195.00000000000000        7.7946483122787680E-002
   196.00000000000000        7.8191282435399440E-002
   197.00000000000000        7.7679899686063258E-002
   198.00000000000000        7.7200171105502105E-002
   199.00000000000000        7.7424065894687907E-002
   200.00000000000000        7.7893012024779482E-002
   201.00000000000000        7.8099402120049191E-002
   202.00000000000000        7.9252963030792892E-002
   203.00000000000000        7.9273049147556840E-002
   204.00000000000000        7.9304383108701096E-002
   205.00000000000000        7.9233053000584239E-002
   206.00000000000000        7.9526153916332401E-002
   207.00000000000000        8.0085099529960763E-002
   208.00000000000000        8.0730434589275632E-002
   209.00000000000000        8.1762859915974082E-002
   210.00000000000000        8.2760729844214384E-002
   211.00000000000000        8.3920722655234828E-002
   212.00000000000000        8.3738852224062632E-002
   213.00000000000000        8.3224893042738390E-002
   214.00000000000000        8.3791333923897870E-002
   215.00000000000000        8.3927920622027433E-002
   216.00000000000000        8.4267578065831877E-002
   217.00000000000000        8.4528623719670640E-002
   218.00000000000000        8.5265733984442704E-002
   219.00000000000000        8.5719952008145028E-002
   220.00000000000000        8.5245112517426058E-002
   221.00000000000000        8.5640366348195177E-002
   222.00000000000000        8.6374702067902112E-002
   223.00000000000000        8.7215359188247771E-002
   224.00000000000000        8.8306767461287627E-002
   225.00000000000000        8.8449077465801579E-002
   226.00000000000000        8.9090757509829269E-002
   227.00000000000000        8.9399679831517698E-002
   228.00000000000000        8.9114514104576159E-002
   229.00000000000000        8.9334545157392378E-002
   230.00000000000000        8.9098763067297707E-002
   231.00000000000000        8.9083745618390678E-002
   232.00000000000000        8.9559550366841129E-002
   233.00000000000000        9.0103331411659313E-002
   234.00000000000000        9.0808295992356333E-002
   235.00000000000000        9.1742343178854782E-002
   236.00000000000000        9.1802293432661053E-002
   237.00000000000000        9.2422389597477853E-002
   238.00000000000000        9.3267099843945364E-002
   239.00000000000000        9.3463349533043721E-002
   240.00000000000000        9.3614168781170168E-002
   241.00000000000000        9.3763311373153566E-002
   242.00000000000000        9.3214362506864601E-002
   243.00000000000000        9.4195506206680879E-002
   244.00000000000000        9.4438522757938861E-002
   245.00000000000000        9.4504261533886441E-002
   246.00000000000000        9.5631237440954753E-002
   247.00000000000000        9.6348117994373678E-002
   248.00000000000000        9.6412776779019563E-002
   249.00000000000000        9.5839531776712658E-002
   250.00000000000000        9.5643066043979735E-002
   251.00000000000000        9.5954425004789429E-002
   252.00000000000000        9.6424630997699434E-002
   253.00000000000000        9.7423758133102625E-002
   254.00000000000000        9.8546585917886231E-002
   255.00000000000000        9.9712799664041896E-002
   256.00000000000000       0.10112602811709394     
   257.00000000000000       0.10161826544965435     
   258.00000000000000       0.10129289807053940     
   259.00000000000000       0.10048583478699027     
   260.00000000000000       0.10050718650640654     
   261.00000000000000       0.10140932544172195     
   262.00000000000000       0.10133685183948420     
   263.00000000000000       0.10201669203315226     
   264.00000000000000       0.10227254052130709     
   265.00000000000000       0.10224552581882682     
   266.00000000000000       0.10261359711727802     
   267.00000000000000       0.10221998733703722     
   268.00000000000000       0.10246402128039050     
   269.00000000000000       0.10348701881810973     
   270.00000000000000       0.10371994723992352     
   271.00000000000000       0.10443937918278362     
   272.00000000000000       0.10526865130228764     
   273.00000000000000       0.10489712470244074     
   274.00000000000000       0.10510740594000696     
   275.00000000000000       0.10539212885265888     
   276.00000000000000       0.10600268539764285     
   277.00000000000000       0.10650770184926622     
   278.00000000000000       0.10703656713796782     
   279.00000000000000       0.10684169779692954     
   280.00000000000000       0.10792470021973356     
   281.00000000000000       0.10821002776410694     
   282.00000000000000       0.10900858468298584     
   283.00000000000000       0.10865559431145178     
   284.00000000000000       0.10975066955685488     
   285.00000000000000       0.10979375097404916     
   286.00000000000000       0.11007888111830093     
   287.00000000000000       0.11152738908596778     
   288.00000000000000       0.11091120737175936     
   289.00000000000000       0.11143573648853386     
   290.00000000000000       0.11153387730675891     
   291.00000000000000       0.11167759103077335     
   292.00000000000000       0.11188719137618824     
   293.00000000000000       0.11216809725395703     
   294.00000000000000       0.11212391978491303     
   295.00000000000000       0.11270259130230481     
   296.00000000000000       0.11269430211914760     
   297.00000000000000       0.11388186267140953     
   298.00000000000000       0.11404411987049774     
   299.00000000000000       0.11487227996980626     
   300.00000000000000       0.11526682967143499     
   301.00000000000000       0.11574920873355614     
   302.00000000000000       0.11648370325026260     
   303.00000000000000       0.11684056200095838     
   304.00000000000000       0.11738402432903421     
   305.00000000000000       0.11803883612696252     
   306.00000000000000       0.11886950640235490     
   307.00000000000000       0.11819790409979870     
   308.00000000000000       0.12012219604655899     
   309.00000000000000       0.12047617986051978     
   310.00000000000000       0.12117450841203913     
   311.00000000000000       0.12117524407760794     
   312.00000000000000       0.12090572810239503     
   313.00000000000000       0.12125458048940428     
   314.00000000000000       0.12275522155045859     
   315.00000000000000       0.12181651194134702     
   316.00000000000000       0.12316538044793678     
   317.00000000000000       0.12330490220885824     
   318.00000000000000       0.12315791895015442     
   319.00000000000000       0.12370175320981029     
   320.00000000000000       0.12366150595046518     
   321.00000000000000       0.12401780888559522     
   322.00000000000000       0.12427907326974706     
   323.00000000000000       0.12386329099170207     
   324.00000000000000       0.12419982425257019     
   325.00000000000000       0.12526734020182262     
   326.00000000000000       0.12517742401287441     
   327.00000000000000       0.12570436177206673     
   328.00000000000000       0.12579304824295723     
   329.00000000000000       0.12649618459675227     
   330.00000000000000       0.12653858750713184     
   331.00000000000000       0.12831482147503973     
   332.00000000000000       0.12751525610003070     
   333.00000000000000       0.12818564859869350     
   334.00000000000000       0.12971967478862309     
   335.00000000000000       0.12885663190166630     
   336.00000000000000       0.12925061855325717     
   337.00000000000000       0.13015680372750721     
   338.00000000000000       0.12918284410308617     
   339.00000000000000       0.12968667081013338     
   340.00000000000000       0.13034753232139099     
   341.00000000000000       0.13025571787110304     
   342.00000000000000       0.13116751156881198     
   343.00000000000000       0.13163481866352988     
   344.00000000000000       0.13175972703969005     
   345.00000000000000       0.13320736549273163     
   346.00000000000000       0.13403394894100934     
   347.00000000000000       0.13454166027822578     
   348.00000000000000       0.13467636593217946     
   349.00000000000000       0.13554838294732841     
   350.00000000000000       0.13511827449898242     
   351.00000000000000       0.13593290080929249     
   352.00000000000000       0.13612887212290284     
   353.00000000000000       0.13627704165305823     
   354.00000000000000       0.13652154875711101     
   355.00000000000000       0.13675976222367675     
   356.00000000000000       0.13744024824447806     
   357.00000000000000       0.13807341064282352     
   358.00000000000000       0.13949429577823505     
   359.00000000000000       0.13984701887282755     
   360.00000000000000       0.14021380020788476     
   361.00000000000000       0.14103253184221701     
   362.00000000000000       0.14146059217364909     
   363.00000000000000       0.14161780054161577     
   364.00000000000000       0.14269080426598152     
   365.00000000000000       0.14331493559601280     
   366.00000000000000       0.14353801700773192     
   367.00000000000000       0.14344254852834726     
   368.00000000000000       0.14373123577611990     
   369.00000000000000       0.14294141608014677     
   370.00000000000000       0.14230208310942946     
   371.00000000000000       0.14268650202235289     
   372.00000000000000       0.14345956643557861     
   373.00000000000000       0.14319176383864771     
   374.00000000000000       0.14382766997812918     
   375.00000000000000       0.14474799234833197     
   376.00000000000000       0.14512707480187978     
   377.00000000000000       0.14670955414731496     
   378.00000000000000       0.14627339960859737     
   379.00000000000000       0.14638152690254530     
   380.00000000000000       0.14620604221232569     
   381.00000000000000       0.14648200700344452     
   382.00000000000000       0.14711744104611732     
   383.00000000000000       0.14718123129623537     
   384.00000000000000       0.14821825654394710     
   385.00000000000000       0.14833136668127622     
   386.00000000000000       0.14751511174135093     
   387.00000000000000       0.14825329675256060     
   388.00000000000000       0.14888340117029059     
   389.00000000000000       0.14910581635162121     
   390.00000000000000       0.15038338325083661     
   391.00000000000000       0.15068885234283619     
   392.00000000000000       0.15136807215759110     
   393.00000000000000       0.15269205013089798     
   394.00000000000000       0.15346511514803587     
   395.00000000000000       0.15408422545004108     
   396.00000000000000       0.15442031642697002     
   397.00000000000000       0.15382485375789451     
   398.00000000000000       0.15494353611148179     
   399.00000000000000       0.15451884750819422     
   400.00000000000000       0.15523504621829332     
   401.00000000000000       0.15562614393080199     
   402.00000000000000       0.15657173004575484     
   403.00000000000000       0.15652341877760031     
   404.00000000000000       0.15777186151378514     
   405.00000000000000       0.15889610381186009     
   406.00000000000000       0.16168723170551605     
   407.00000000000000       0.16210541227435324     
   408.00000000000000       0.16123649108377291     
   409.00000000000000       0.15865120433484101     
   410.00000000000000       0.15831824618549131     
   411.00000000000000       0.15829764063922475     
   412.00000000000000       0.15944252007162377     
   413.00000000000000       0.16216784986105648     
   414.00000000000000       0.16240157323118065     
   415.00000000000000       0.16381830363841243     
   416.00000000000000       0.16359986302176663     
   417.00000000000000       0.16249144412662717     
   418.00000000000000       0.16154943918817910     
   419.00000000000000       0.16121874971247746     
   420.00000000000000       0.16120874855307044     
   421.00000000000000       0.16261327247472532     
   422.00000000000000       0.16440309319253341     
   423.00000000000000       0.16510998532575813     
   424.00000000000000       0.16564313397728037     
   425.00000000000000       0.16480848644757642     
   426.00000000000000       0.16484660770585191     
   427.00000000000000       0.16486186461553967     
   428.00000000000000       0.16464325877453539     
   429.00000000000000       0.16551686391036932     
   430.00000000000000       0.16710632000605480     
   431.00000000000000       0.16635750758171314     
   432.00000000000000       0.16758518546858564     
   433.00000000000000       0.16814140730451130     
   434.00000000000000       0.16831225213646575     
   435.00000000000000       0.16816600115590447     
   436.00000000000000       0.16792626332492649     
   437.00000000000000       0.16891899854594519     
   438.00000000000000       0.16901450332743034     
   439.00000000000000       0.16979610805984000     
   440.00000000000000       0.17006734059588879     
   441.00000000000000       0.16950749354322814     
   442.00000000000000       0.17052497141982872     
   443.00000000000000       0.17181393672950790     
   444.00000000000000       0.17440974443962154     
   445.00000000000000       0.17740852908478230     
   446.00000000000000       0.17923064494854429     
   447.00000000000000       0.17947623583429229     
   448.00000000000000       0.17982306958032368     
   449.00000000000000       0.17770672237625601     
   450.00000000000000       0.17652899075382181     
   451.00000000000000       0.17419653090064641     
   452.00000000000000       0.17293947160715081     
   453.00000000000000       0.17499348243835028     
   454.00000000000000       0.17653743982927902     
   455.00000000000000       0.17744808260349604     
   456.00000000000000       0.17815201238230241     
   457.00000000000000       0.17860267046382855     
   458.00000000000000       0.17662795323794092     
   459.00000000000000       0.17727388040980502     
   460.00000000000000       0.17858254154859923     
   461.00000000000000       0.17956433986213094     
   462.00000000000000       0.18021502479281742     
   463.00000000000000       0.18215090370390874     
   464.00000000000000       0.18087477560485543     
   465.00000000000000       0.18090737758325154     
   466.00000000000000       0.17927946382416671     
   467.00000000000000       0.18035728711745855     
   468.00000000000000       0.18088218865101316     
   469.00000000000000       0.18202897266813092     
   470.00000000000000       0.18222875919606094     
   471.00000000000000       0.18176053613738122     
   472.00000000000000       0.18179084142915705     
   473.00000000000000       0.18191068016217996     
   474.00000000000000       0.18123067370874088     
   475.00000000000000       0.18254350576590597     
   476.00000000000000       0.18563031595046217     
   477.00000000000000       0.18778362729079431     
   478.00000000000000       0.19116139325719511     
   479.00000000000000       0.19336666019318580     
   480.00000000000000       0.19341162904297726     
   481.00000000000000       0.19259839733771505     
   482.00000000000000       0.18954029647204099     
   483.00000000000000       0.18810833428799373     
   484.00000000000000       0.18753595250576052     
   485.00000000000000       0.18859058490063416     
   486.00000000000000       0.18880758106585424     
   487.00000000000000       0.18877213110321175     
   488.00000000000000       0.18885924169853915     
   489.00000000000000       0.18746103297214295     
   490.00000000000000       0.18661139139259808     
   491.00000000000000       0.18856323961698565     
   492.00000000000000       0.19016743661097152     
   493.00000000000000       0.19270385353678995     
   494.00000000000000       0.19366770507439304     
   495.00000000000000       0.19313403073477248     
   496.00000000000000       0.19318488582684279     
   497.00000000000000       0.19247011191254162     
   498.00000000000000       0.19170195738107956     
   499.00000000000000       0.19365611552536974     
   500.00000000000000       0.19437037201322854     
   501.00000000000000       0.19479219360640987     
