   1.0000000000000000        2.1609969457935541E-004
   2.0000000000000000        5.3825926252472952E-004
   3.0000000000000000        8.5202848791710235E-004
   4.0000000000000000        1.1930733820811165E-003
   5.0000000000000000        1.5222458083718980E-003
   6.0000000000000000        1.8786355953390702E-003
   7.0000000000000000        2.2118895386106165E-003
   8.0000000000000000        2.5454032835697448E-003
   9.0000000000000000        2.8801412041538242E-003
   10.000000000000000        3.1805387287907314E-003
   11.000000000000000        3.4843662208278617E-003
   12.000000000000000        3.7819176838358465E-003
   13.000000000000000        4.1158339168329665E-003
   14.000000000000000        4.4569507050197070E-003
   15.000000000000000        4.8198335476197915E-003
   16.000000000000000        5.1701591826571617E-003
   17.000000000000000        5.5143968137996175E-003
   18.000000000000000        5.8095398951484196E-003
   19.000000000000000        6.1512270049940369E-003
   20.000000000000000        6.4969706865991676E-003
   21.000000000000000        6.8014490161445494E-003
   22.000000000000000        7.1907428453449867E-003
   23.000000000000000        7.5186841977361385E-003
   24.000000000000000        7.8377350660049430E-003
   25.000000000000000        8.1960752942773166E-003
   26.000000000000000        8.4515486610023342E-003
   27.000000000000000        8.7790063191241323E-003
   28.000000000000000        9.0113496047004183E-003
   29.000000000000000        9.3457984148370855E-003
   30.000000000000000        9.6202881420168786E-003
   31.000000000000000        9.9138816221967171E-003
   32.000000000000000        1.0190356604888080E-002
   33.000000000000000        1.0549629241270697E-002
   34.000000000000000        1.0907014642895355E-002
   35.000000000000000        1.1182033765748367E-002
   36.000000000000000        1.1494835265182055E-002
   37.000000000000000        1.1923425530934959E-002
   38.000000000000000        1.2245200870480906E-002
   39.000000000000000        1.2542404592976885E-002
   40.000000000000000        1.2976463756465540E-002
   41.000000000000000        1.3354600141712872E-002
   42.000000000000000        1.3786837536672888E-002
   43.000000000000000        1.4196181195572088E-002
   44.000000000000000        1.4530224504929587E-002
   45.000000000000000        1.4867021268176820E-002
   46.000000000000000        1.5097257510072652E-002
   47.000000000000000        1.5567812660967802E-002
   48.000000000000000        1.5963992998076399E-002
   49.000000000000000        1.6454099260636391E-002
   50.000000000000000        1.6528712551640970E-002
   51.000000000000000        1.6645717207250353E-002
   52.000000000000000        1.6850217737522457E-002
   53.000000000000000        1.7060646549984862E-002
   54.000000000000000        1.7360763251447482E-002
   55.000000000000000        1.7772233582517213E-002
   56.000000000000000        1.8307621265791420E-002
   57.000000000000000        1.8608801206989770E-002
   58.000000000000000        1.8936614925693235E-002
   59.000000000000000        1.9269994837122356E-002
   60.000000000000000        1.9533100927743446E-002
   61.000000000000000        1.9707980541722795E-002
   62.000000000000000        1.9979724511774724E-002
   63.000000000000000        2.0336762002647418E-002
   64.000000000000000        2.0635168723061186E-002
   65.000000000000000        2.1179579453309606E-002
   66.000000000000000        2.1361045378329540E-002
   67.000000000000000        2.1654710172098020E-002
   68.000000000000000        2.1843994459206036E-002
   69.000000000000000        2.2157823834144511E-002
   70.000000000000000        2.2543186094150808E-002
   71.000000000000000        2.2806883863564092E-002
   72.000000000000000        2.3222407533610174E-002
   73.000000000000000        2.3674558087112781E-002
   74.000000000000000        2.4149902195684102E-002
   75.000000000000000        2.4430833199801091E-002
   76.000000000000000        2.4746313252448943E-002
   77.000000000000000        2.4883833052537479E-002
   78.000000000000000        2.5171659612935493E-002
   79.000000000000000        2.5623616705177155E-002
   80.000000000000000        2.6038437358628503E-002
   81.000000000000000        2.6374128331156897E-002
   82.000000000000000        2.6841573169716301E-002
   83.000000000000000        2.6856275886724686E-002
   84.000000000000000        2.7236261946292632E-002
   85.000000000000000        2.7484541628143257E-002
   86.000000000000000        2.7967656086095909E-002
   87.000000000000000        2.8315790820510927E-002
   88.000000000000000        2.8319859380824122E-002
   89.000000000000000        2.8817350911166009E-002
   90.000000000000000        2.8933088709722530E-002
   91.000000000000000        2.9248859468753666E-002
   92.000000000000000        3.0022265834755757E-002
   93.000000000000000        3.0501820591567731E-002
   94.000000000000000        3.0974152726916906E-002
   95.000000000000000        3.1583208880650755E-002
   96.000000000000000        3.1875518409751835E-002
   97.000000000000000        3.2165285550168773E-002
   98.000000000000000        3.2370643990211334E-002
   99.000000000000000        3.2389135921183351E-002
   100.00000000000000        3.2659885239820066E-002
   101.00000000000000        3.3026976672477303E-002
   102.00000000000000        3.3416643485073158E-002
   103.00000000000000        3.4020172605083464E-002
   104.00000000000000        3.4288413429100800E-002
   105.00000000000000        3.4251758807747452E-002
   106.00000000000000        3.4386726483696013E-002
   107.00000000000000        3.4408847313575498E-002
   108.00000000000000        3.4516835631052414E-002
   109.00000000000000        3.5254601859474308E-002
   110.00000000000000        3.5626730915106805E-002
   111.00000000000000        3.6071950760623320E-002
   112.00000000000000        3.6535694799036025E-002
   113.00000000000000        3.6845759038910686E-002
   114.00000000000000        3.7022714196228927E-002
   115.00000000000000        3.6833119576647977E-002
   116.00000000000000        3.7417795813632054E-002
   117.00000000000000        3.7886291289917114E-002
   118.00000000000000        3.8325472775530715E-002
   119.00000000000000        3.8648559594788828E-002
   120.00000000000000        3.8978597262245430E-002
   121.00000000000000        3.9158942317714635E-002
   122.00000000000000        3.9478903208666309E-002
   123.00000000000000        4.0016846044216160E-002
   124.00000000000000        4.0546081533672583E-002
   125.00000000000000        4.0591453188735138E-002
   126.00000000000000        4.0856972740527693E-002
   127.00000000000000        4.0900054217161246E-002
   128.00000000000000        4.1267254834511505E-002
   129.00000000000000        4.1479514160006246E-002
   130.00000000000000        4.1699439652630399E-002
   131.00000000000000        4.2000274468894504E-002
   132.00000000000000        4.2022825495179376E-002
   133.00000000000000        4.2467141092734896E-002
   134.00000000000000        4.2873089656222226E-002
   135.00000000000000        4.3352817253406666E-002
   136.00000000000000        4.3953306318503159E-002
   137.00000000000000        4.4262375206876342E-002
   138.00000000000000        4.4987097730166715E-002
   139.00000000000000        4.5662363346493366E-002
   140.00000000000000        4.6046746441491045E-002
   141.00000000000000        4.6150602831283298E-002
   142.00000000000000        4.6103708449776064E-002
   143.00000000000000        4.6176901688573753E-002
   144.00000000000000        4.6575287107484084E-002
   145.00000000000000        4.7130481677714393E-002
   146.00000000000000        4.7730720080103040E-002
   147.00000000000000        4.8598175275440962E-002
   148.00000000000000        4.8852314935198135E-002
   149.00000000000000        4.8756871241979506E-002
   150.00000000000000        4.8647115965723520E-002
   151.00000000000000        4.8866149176189970E-002
   152.00000000000000        4.9174477303894557E-002
   153.00000000000000        4.9625270648999895E-002
   154.00000000000000        5.0145383759422263E-002
   155.00000000000000        5.0385192101757625E-002
   156.00000000000000        5.0706831234111689E-002
   157.00000000000000        5.0877527369049880E-002
   158.00000000000000        5.1134611187291755E-002
   159.00000000000000        5.1382960377965102E-002
   160.00000000000000        5.1778205585036131E-002
   161.00000000000000        5.2172392207581297E-002
   162.00000000000000        5.2850855865031389E-002
   163.00000000000000        5.3169222200640312E-002
   164.00000000000000        5.3591988866441342E-002
   165.00000000000000        5.3641424531848045E-002
   166.00000000000000        5.3427751390467425E-002
   167.00000000000000        5.3525589109093427E-002
   168.00000000000000        5.3381762670873911E-002
   169.00000000000000        5.3902310690671959E-002
   170.00000000000000        5.4634671718819652E-002
   171.00000000000000        5.5074133251147891E-002
   172.00000000000000        5.5355246995333326E-002
   173.00000000000000        5.6044387245156563E-002
   174.00000000000000        5.6006030336945005E-002
   175.00000000000000        5.6058446436023472E-002
   176.00000000000000        5.6454926886187341E-002
   177.00000000000000        5.6377694896192813E-002
   178.00000000000000        5.7008085826665764E-002
   179.00000000000000        5.7811974329395423E-002
   180.00000000000000        5.8497074162660527E-002
   181.00000000000000        5.8992909309730050E-002
   182.00000000000000        5.9357321870685383E-002
   183.00000000000000        5.9270197780261845E-002
   184.00000000000000        5.9807397874246215E-002
   185.00000000000000        6.0140943982214840E-002
   186.00000000000000        6.1062581839748518E-002
   187.00000000000000        6.1858198998803557E-002
   188.00000000000000        6.2189139973360230E-002
   189.00000000000000        6.2604583872619315E-002
   190.00000000000000        6.2217063251857344E-002
   191.00000000000000        6.1769294261103787E-002
   192.00000000000000        6.2206739369077765E-002
   193.00000000000000        6.2936653719199279E-002
   194.00000000000000        6.4069895077742439E-002
   195.00000000000000        6.5047014568888090E-002
   196.00000000000000        6.5193971116759147E-002
   197.00000000000000        6.4690317790514429E-002
   198.00000000000000        6.4412179396775182E-002
   199.00000000000000        6.4034987852264524E-002
   200.00000000000000        6.4785262332879748E-002
   201.00000000000000        6.4819048595796139E-002
   202.00000000000000        6.5654277925531454E-002
   203.00000000000000        6.5543847208168610E-002
   204.00000000000000        6.5754137870335100E-002
   205.00000000000000        6.5864156633572243E-002
   206.00000000000000        6.5734158530585216E-002
   207.00000000000000        6.6437173127639068E-002
   208.00000000000000        6.6657308051294550E-002
   209.00000000000000        6.7804837552258843E-002
   210.00000000000000        6.9057148831577209E-002
   211.00000000000000        6.9956433397236673E-002
   212.00000000000000        6.9654932855798143E-002
   213.00000000000000        6.9674208891694234E-002
   214.00000000000000        6.9319580524732305E-002
   215.00000000000000        6.9425897109474111E-002
   216.00000000000000        7.0169655181961596E-002
   217.00000000000000        7.0384387863610620E-002
   218.00000000000000        7.0811755102951568E-002
   219.00000000000000        7.1284323559663479E-002
   220.00000000000000        7.1030647361323668E-002
   221.00000000000000        7.1397750955549899E-002
   222.00000000000000        7.1910669155608883E-002
   223.00000000000000        7.2169577273211952E-002
   224.00000000000000        7.2810635350200978E-002
   225.00000000000000        7.3613658194619389E-002
   226.00000000000000        7.4128411502525859E-002
   227.00000000000000        7.4411430235137271E-002
   228.00000000000000        7.4483616969297242E-002
   229.00000000000000        7.3767507324646403E-002
   230.00000000000000        7.3755063684658284E-002
   231.00000000000000        7.4029958495590076E-002
   232.00000000000000        7.3916718826663438E-002
   233.00000000000000        7.4825846104029328E-002
   234.00000000000000        7.5766044627055315E-002
   235.00000000000000        7.5973369782364408E-002
   236.00000000000000        7.6365520715682977E-002
   237.00000000000000        7.6973640958109060E-002
   238.00000000000000        7.7504592554385660E-002
   239.00000000000000        7.7418417477022106E-002
   240.00000000000000        7.7651044477556427E-002
   241.00000000000000        7.7649410775712108E-002
   242.00000000000000        7.7348610782328922E-002
   243.00000000000000        7.7847960344976569E-002
   244.00000000000000        7.7610949906553650E-002
   245.00000000000000        7.9244018511606298E-002
   246.00000000000000        7.9400681335491399E-002
   247.00000000000000        8.0031197472172841E-002
   248.00000000000000        7.9806936631205999E-002
   249.00000000000000        7.9602120128868206E-002
   250.00000000000000        7.9682620368646137E-002
   251.00000000000000        7.9414549816204813E-002
   252.00000000000000        8.0007604003491620E-002
   253.00000000000000        8.1201515212685996E-002
   254.00000000000000        8.1838860157403714E-002
   255.00000000000000        8.2683009315477438E-002
   256.00000000000000        8.3598017759901583E-002
   257.00000000000000        8.4642823372795925E-002
   258.00000000000000        8.3878943019912527E-002
   259.00000000000000        8.3269408155200883E-002
   260.00000000000000        8.3384821275010138E-002
   261.00000000000000        8.3500600390278262E-002
   262.00000000000000        8.4230029779846241E-002
   263.00000000000000        8.4806498046524084E-002
   264.00000000000000        8.5177394399939155E-002
   265.00000000000000        8.4406359881262147E-002
   266.00000000000000        8.4960663650365989E-002
   267.00000000000000        8.4763221515164841E-002
   268.00000000000000        8.5158579609477189E-002
   269.00000000000000        8.5477988748822467E-002
   270.00000000000000        8.6203652622808796E-002
   271.00000000000000        8.6690361900279400E-002
   272.00000000000000        8.6680261425928953E-002
   273.00000000000000        8.6870992481443587E-002
   274.00000000000000        8.6938367637545921E-002
   275.00000000000000        8.7748139525542876E-002
   276.00000000000000        8.7535094631131516E-002
   277.00000000000000        8.8427885494058209E-002
   278.00000000000000        8.8237261468320477E-002
   279.00000000000000        8.8697684457346646E-002
   280.00000000000000        8.8943257633345651E-002
   281.00000000000000        8.9861455991950362E-002
   282.00000000000000        9.0016657912368903E-002
   283.00000000000000        9.0249903346892604E-002
   284.00000000000000        9.0662939817031954E-002
   285.00000000000000        9.0562564600179030E-002
   286.00000000000000        9.1415264932496784E-002
   287.00000000000000        9.1415514740150458E-002
   288.00000000000000        9.2139825374618567E-002
   289.00000000000000        9.2169698999494565E-002
   290.00000000000000        9.2305438740851189E-002
   291.00000000000000        9.2356726122881927E-002
   292.00000000000000        9.2601186427363508E-002
   293.00000000000000        9.2858878069743009E-002
   294.00000000000000        9.3074633113295807E-002
   295.00000000000000        9.2847768299058886E-002
   296.00000000000000        9.2728993939587986E-002
   297.00000000000000        9.3793339078525190E-002
   298.00000000000000        9.3983580894944158E-002
   299.00000000000000        9.4715065291992792E-002
   300.00000000000000        9.5164224515787918E-002
   301.00000000000000        9.5840869995922312E-002
   302.00000000000000        9.6667941304503027E-002
   303.00000000000000        9.6808480937781174E-002
   304.00000000000000        9.7291914777171598E-002
   305.00000000000000        9.7951957400140510E-002
   306.00000000000000        9.8242971038770818E-002
   307.00000000000000        9.8608585077912009E-002
   308.00000000000000        9.9690286479337795E-002
   309.00000000000000        9.9769342533078953E-002
   310.00000000000000       0.10045961750840553     
   311.00000000000000       0.10016880436528287     
   312.00000000000000       0.10050696715734492     
   313.00000000000000       0.10119336422697078     
   314.00000000000000       0.10156140690216482     
   315.00000000000000       0.10200038845018891     
   316.00000000000000       0.10156415646748224     
   317.00000000000000       0.10224847960427130     
   318.00000000000000       0.10212386920312233     
   319.00000000000000       0.10194917747616954     
   320.00000000000000       0.10225260296726903     
   321.00000000000000       0.10181330976891642     
   322.00000000000000       0.10220213380471267     
   323.00000000000000       0.10251706120605139     
   324.00000000000000       0.10318481320168009     
   325.00000000000000       0.10344686922713563     
   326.00000000000000       0.10394655413793213     
   327.00000000000000       0.10385419892433885     
   328.00000000000000       0.10470465117299045     
   329.00000000000000       0.10532003803019237     
   330.00000000000000       0.10557683814943337     
   331.00000000000000       0.10560649755901504     
   332.00000000000000       0.10572901779987053     
   333.00000000000000       0.10635057701720833     
   334.00000000000000       0.10720154047800162     
   335.00000000000000       0.10742099276201028     
   336.00000000000000       0.10717643018616289     
   337.00000000000000       0.10751180417156408     
   338.00000000000000       0.10765391507324132     
   339.00000000000000       0.10774958237750293     
   340.00000000000000       0.10797530319598958     
   341.00000000000000       0.10773688944646717     
   342.00000000000000       0.10851182597633990     
   343.00000000000000       0.10912015264334547     
   344.00000000000000       0.10942419645405241     
   345.00000000000000       0.11011485990176796     
   346.00000000000000       0.11068834733947598     
   347.00000000000000       0.11065263959035405     
   348.00000000000000       0.11133445526506383     
   349.00000000000000       0.11172976865445432     
   350.00000000000000       0.11210191866026260     
   351.00000000000000       0.11258464562675086     
   352.00000000000000       0.11250832790146965     
   353.00000000000000       0.11328510252472537     
   354.00000000000000       0.11307062516124614     
   355.00000000000000       0.11362194573710309     
   356.00000000000000       0.11354409995630113     
   357.00000000000000       0.11450444103269176     
   358.00000000000000       0.11517816362879832     
   359.00000000000000       0.11575901175371445     
   360.00000000000000       0.11626031727215036     
   361.00000000000000       0.11673846919245708     
   362.00000000000000       0.11784946488314958     
   363.00000000000000       0.11810734519149843     
   364.00000000000000       0.11835141493104773     
   365.00000000000000       0.11878592844834232     
   366.00000000000000       0.11871878292158723     
   367.00000000000000       0.11878729134520419     
   368.00000000000000       0.11926989869161668     
   369.00000000000000       0.11884824475172784     
   370.00000000000000       0.11825274878310280     
   371.00000000000000       0.11805379837989496     
   372.00000000000000       0.11881867732371740     
   373.00000000000000       0.11819428702740614     
   374.00000000000000       0.11855302324516769     
   375.00000000000000       0.11895491307699632     
   376.00000000000000       0.12128566810928391     
   377.00000000000000       0.12198090907355878     
   378.00000000000000       0.12161120840060438     
   379.00000000000000       0.12142407627928194     
   380.00000000000000       0.12106925515812189     
   381.00000000000000       0.12138896940928973     
   382.00000000000000       0.12169272878889659     
   383.00000000000000       0.12157306230732971     
   384.00000000000000       0.12175802117712041     
   385.00000000000000       0.12292405656335038     
   386.00000000000000       0.12254147154009562     
   387.00000000000000       0.12301400652595730     
   388.00000000000000       0.12243622112254854     
   389.00000000000000       0.12294181445310680     
   390.00000000000000       0.12396058649187824     
   391.00000000000000       0.12522047941782746     
   392.00000000000000       0.12597888958192971     
   393.00000000000000       0.12709563358805231     
   394.00000000000000       0.12709463963469692     
   395.00000000000000       0.12778303002664604     
   396.00000000000000       0.12783614494363266     
   397.00000000000000       0.12829669340772151     
   398.00000000000000       0.12795234980022771     
   399.00000000000000       0.12876649477496621     
   400.00000000000000       0.12837096505152404     
   401.00000000000000       0.12902587654043834     
   402.00000000000000       0.12918588900816363     
   403.00000000000000       0.12913897875793912     
   404.00000000000000       0.13042563551261480     
   405.00000000000000       0.13257191142230798     
   406.00000000000000       0.13466510919401389     
   407.00000000000000       0.13452507165478070     
   408.00000000000000       0.13303471188987256     
   409.00000000000000       0.13194275374375783     
   410.00000000000000       0.13082276216077543     
   411.00000000000000       0.13032736804736586     
   412.00000000000000       0.13174221824245727     
   413.00000000000000       0.13430387261452795     
   414.00000000000000       0.13579356182940669     
   415.00000000000000       0.13687345396460265     
   416.00000000000000       0.13626590250600923     
   417.00000000000000       0.13492468432707735     
   418.00000000000000       0.13332657929471278     
   419.00000000000000       0.13315458307936795     
   420.00000000000000       0.13452705674448120     
   421.00000000000000       0.13476385535866373     
   422.00000000000000       0.13524122420686605     
   423.00000000000000       0.13729411276687117     
   424.00000000000000       0.13659573077845241     
   425.00000000000000       0.13546541790326613     
   426.00000000000000       0.13605873471371691     
   427.00000000000000       0.13619454216527974     
   428.00000000000000       0.13697797500193765     
   429.00000000000000       0.13752340850595773     
   430.00000000000000       0.13802797908394579     
   431.00000000000000       0.13799445311677938     
   432.00000000000000       0.13853693170657366     
   433.00000000000000       0.13999349807441749     
   434.00000000000000       0.13948902490310006     
   435.00000000000000       0.13960774294778019     
   436.00000000000000       0.13888873145196354     
   437.00000000000000       0.13969875419012381     
   438.00000000000000       0.14069013106779313     
   439.00000000000000       0.14039151918282955     
   440.00000000000000       0.14108460805508710     
   441.00000000000000       0.14137280883292619     
   442.00000000000000       0.14116971920808410     
   443.00000000000000       0.14209969716344745     
   444.00000000000000       0.14525786435020627     
   445.00000000000000       0.14739574974177549     
   446.00000000000000       0.14921909863691737     
   447.00000000000000       0.15008923780269856     
   448.00000000000000       0.14932174006047666     
   449.00000000000000       0.14803271272738444     
   450.00000000000000       0.14639342730729960     
   451.00000000000000       0.14406037627877968     
   452.00000000000000       0.14443403810142771     
   453.00000000000000       0.14462407774555522     
   454.00000000000000       0.14680332822796877     
   455.00000000000000       0.14798636453913946     
   456.00000000000000       0.14836492337593282     
   457.00000000000000       0.14825932672093287     
   458.00000000000000       0.14698359550149656     
   459.00000000000000       0.14795500781250837     
   460.00000000000000       0.14846463143701022     
   461.00000000000000       0.14886681916724859     
   462.00000000000000       0.15094028284170080     
   463.00000000000000       0.15101107196065314     
   464.00000000000000       0.15133695726105195     
   465.00000000000000       0.15004342787140204     
   466.00000000000000       0.14934647046920729     
   467.00000000000000       0.14904302777935752     
   468.00000000000000       0.15045891476046122     
   469.00000000000000       0.15075312754075412     
   470.00000000000000       0.15139871521098283     
   471.00000000000000       0.15133415316995857     
   472.00000000000000       0.15127744003206806     
   473.00000000000000       0.15071731946146041     
   474.00000000000000       0.15074836833236624     
   475.00000000000000       0.15147516047251069     
   476.00000000000000       0.15393819249470442     
   477.00000000000000       0.15660402234792656     
   478.00000000000000       0.15886658435691958     
   479.00000000000000       0.16111156411437114     
   480.00000000000000       0.16161612939295592     
   481.00000000000000       0.16053223939769087     
   482.00000000000000       0.15792483383750813     
   483.00000000000000       0.15586122366376393     
   484.00000000000000       0.15637661205647940     
   485.00000000000000       0.15561707602256283     
   486.00000000000000       0.15627904729484371     
   487.00000000000000       0.15683201835866220     
   488.00000000000000       0.15603016746730589     
   489.00000000000000       0.15476583383889642     
   490.00000000000000       0.15526535846754536     
   491.00000000000000       0.15630245405979334     
   492.00000000000000       0.15839709975495631     
   493.00000000000000       0.15910401527717632     
   494.00000000000000       0.16153022151849150     
   495.00000000000000       0.16056813279775353     
   496.00000000000000       0.16086970927269764     
   497.00000000000000       0.15932858515341525     
   498.00000000000000       0.16089036661557965     
   499.00000000000000       0.16064036656931968     
   500.00000000000000       0.16150543544389517     
   501.00000000000000       0.16246382425604522     
