7.35879189152319
2.83418058097286
5.49379528574292
8.19690414776335
2.84393816544657
5.38085824300386
7.80352597405871
2.93368792970429
5.24949121337626
6.40434439852491
2.78906771012643
5.01594872458998
7.84826404607795
2.78089184992024
5.8307977808353
7.58489910144801
2.85975527983312
5.79747283860195
6.2377301715561
2.69969652940452
5.59015328584415
8.42750079606873
2.86717988792252
5.57687765604535
7.11825368014687
2.70997155234355
5.49184844187981
6.66541213423709
2.80945413547514
5.39585911503539
0.1
0.1
2
2.8
2
2.8
2
2.8
2
2.8
2
2.8
0.1
0.1
2
2.8
2
2.8
2
2.8
2
2.8
2
2.8
0.1
0.1
2
2.8
2
2.8
2
2.8
2
2.8
2
2.8
0.1
0.1
2
2.8
2
2.8
2
2.8
2
2.8
2
2.8
2
2.8
2
2.8
2
2.8
2
2.8
0.1
0.1
2
2.8
2
2.8
2
2.8
2
2.8
2
2.8
0.1
0.1
2
2.8
2
2.8
2
2.8
2
2.8
2
2.8
0.1
0.1
2
2.8
2
2.8
2
2.8
2
2.8
2
2.8
2
2.8
2
2.8
2
2.8
2
2.8
1.2
0.1
0.1
2
2.8
2
2.8
2
2.8
2
2.8
2
2.8
0.1
0.1
2
2.8
2
2.8
2
2.8
2
2.8
2
2.8
2
2.8
2
2.8
2
2.8
2
2.8
1.2
0.1
0.1
2
2.8
2
2.8
2
2.8
2
2.8
2
2.8
2
2.8
2
2.8
2
2.8
2
2.8
1.2
2
2.8
2
2.8
2
2.8
2
2.8
1.2


