7.1515325575052
2.80653934760006
5.60842313410539
8.11491904229833
2.81671825877692
5.35346896940158
7.633565467365
2.90161148573774
5.18476972204519
6.13750281379974
2.76266995868532
4.85544242291706
7.64098281434042
2.74995503297721
5.82507364653593
7.24921880349929
2.82951891122673
5.70867933890997
6.0542039396961
2.67119255482732
5.67207882779595
8.13038674384667
2.83879506379895
5.33497254852939
6.9969166621353
2.68158590871806
5.49516018768672
6.55747974863453
2.78104804595202
5.38370203065723
1.00698673400194
0.0306340320718309
0.0225358336967616
0.619802438546365
2.33197134953705
0.685179500657341
2.3961915557694
0.354353622368054
2.37070918064968
0.563213854607144
2.37491780899997
0.519004260071845
2.28200718399102
0.0207736138377704
0.0490973283692429
0.703707520239677
2.38705547234711
0.388587411790097
2.33717079638339
0.490190530138503
2.43189079395135
0.429336699517124
2.53373380410761
0.707893191424213
2.40623996547622
-0.0355301548571347
0.0598770295468166
0.540462429046226
2.17252211518671
0.565831037266134
2.4176472845091
0.610788165883508
2.65797679707224
0.659448819652835
2.54235795852953
0.509405042512083
2.31099073175372
0.00637586641664066
0.0234913439061601
0.726047087007268
2.36891776979712
0.503768231568411
2.26563177211542
0.698667107071401
2.48147629793597
0.524311015525798
2.42998960912116
0.509073728689606
2.29203618656618
0.633486933480827
2.31810699916277
0.361048939666186
2.41236454198623
0.633153029037741
2.3384177106084
0.476618815047805
2.28546614467238
0.0170840627859066
0.0713204455926867
0.48915521789188
2.41352261963891
0.500821719112037
2.25582970471431
0.5273390638987
2.17096144908655
0.463882068133388
2.56423910649166
0.537303872605396
2.33484572816128
0.0586353262951073
0.0429096773806748
0.685742435535262
2.31164648402593
0.680041201374161
2.20170125643525
0.878051809854333
2.53482560886783
0.598923068255734
2.34099549668231
0.329666439850146
2.28976686141089
-0.0110096710815086
0.0252532092599579
0.569580179379395
2.60596635552681
0.718652946583483
2.33088544958694
0.672902032160231
2.10563009591301
0.75776874647649
2.51621846679765
0.651418523760736
2.44185225230225
0.29732368949639
2.41839526355581
0.32465827538106
2.31265189740983
0.618792225654906
2.60894957322261
0.442223838251055
2.67208543440356
0.985738568388009
-0.0453894838579924
0.0699550000710734
0.717184325920627
2.39773891678324
0.60132392333724
2.21258480393782
0.474535045728787
2.64327804163226
0.361241994114767
2.48450353729298
0.481030152762197
2.38912170479897
-0.0362714154667585
0.1
0.313130450451703
2.56035792056081
0.448373228443807
2.20780448367229
0.74876324035894
2.50588486848482
0.540660070280464
2.28352758303857
0.770319153760425
2.29679554870153
0.486310625396153
2.42028419578461
0.653131861857808
2.34401865056582
0.413159662951106
2.23031774740196
0.625718538147265
2.54149715121045
0.975872333433377
0.0502015826650298
0.0270848764343193
0.496726571714208
2.58025248599335
0.541143381951214
2.40935888555472
0.409795455686327
2.26922568225868
0.847349196572726
2.38310567341585
0.894371351962175
2.13801719240825
0.573493630455901
2.50094738514104
0.601045654247419
2.30433735821239
0.452992296034116
2.36585412618408
0.557050047415454
2.40430988127901
1.02649201671647
0.449215955096811
2.40670336086054
0.624700539776575
2.3285010457938
0.485461857173157
2.33746516835941
0.34354661176442
2.57574625338828
1.01627206654594
