7.21269818450078
2.73940581171334
4.78859337050689
8.23262180818731
2.74810198728539
5.54448409609339
7.83789594699777
3.06590035436634
4.99972007307441
6.88841344703796
2.79622511335338
4.53419421571028
7.47309638104493
2.89033538394265
5.35824333356821
6.72889825785074
2.81799838371929
5.70021220757207
6.11909806520604
2.59073566598005
5.04370056274949
8.34884830170502
2.69241781995469
5.60592386822131
7.40022700713063
2.65669408957654
5.74926300337024
6.80177240399633
2.65079943038868
5.08908495868426
-0.0670440670819311
-0.0757939147602173
0.668859664396453
2.61431052387906
0.558860523214414
2.40971503290905
0.26925962032362
2.73525966207572
0.639741314056271
2.62398762002643
0.505014982260638
2.46512023395609
-0.0361328907785087
-0.0235510096428811
0.128532994049133
2.35345681611446
0.472491567198216
2.74226475703105
0.893406546782863
2.69991768240638
0.640876485568861
2.23683362683457
0.265082145905553
2.57589360076577
-0.0689730666003321
0.0117845321000885
0.591879761034679
2.48211690759842
0.384015967458756
2.77873051555689
0.770681014829118
2.69417096015475
0.849525757761591
2.53495781188359
0.871258119672156
2.24224347060508
0.05689573457122
-0.0995538447119941
0.630130834527815
2.39360383198564
0.190129899464385
2.76705427366272
0.911873817172671
2.78824560575442
0.205798569391487
2.19990566229831
0.229094667232386
2.06444210339053
0.546781380500461
2.62358570512157
0.383787521187057
2.05864671029189
0.387189524786524
2.79200003247995
0.592643349877149
2.34276151917061
-0.0170046390075264
0.0819521214589003
0.458152450167259
2.55332921221631
0.660260644422941
2.71097858292314
0.380234593433287
2.56620520649256
0.7842477597503
2.34724049934495
0.849726722554665
2.0837711053522
0.0191607029903373
0.0835306475866503
0.643677054242256
2.14928773010243
0.233260403563963
2.32896827827311
0.542149272939254
2.51658769072093
0.804499181198036
2.37182451108906
0.429523774321967
2.42750484211968
0.0249964938048244
-0.0494674486615253
0.458268458724736
2.04126231327322
0.742413775191702
2.32000137317625
0.486294465743414
2.08902334047376
0.562943011134251
2.58138924692902
0.647548808959821
2.57498113304543
0.798975285060192
2.49475990788978
0.349943692300381
2.50725670004575
0.220144824443868
2.23098994547892
0.371380195120784
2.02451821980221
1
0.0265434431001324
-0.00380402700676327
0.219219272017614
2.03490715010841
0.989750408121096
2.35503373640942
0.608577717628607
2.39772760349604
0.201587342344681
2.33664742884147
0.258682600520396
2.15414728573654
0.0283307987589666
-0.000794844264272149
0.755927126111737
2.54957127473217
0.895391647972909
2.69320482469685
0.914217495823134
2.38712214626482
0.778773576811079
2.60204823307501
0.97449967869117
2.63391788461597
0.833890591432199
2.49726504226886
0.647592669738447
2.72669982837732
0.360990388370513
2.2723485268224
0.72679460711222
2.3311420494621
1
0.0745759017483714
-0.0911837234578101
0.620734039214142
2.05024158085847
0.527806015764733
2.43355777882409
0.452982852046229
2.74093979610439
0.827175708405948
2.12799555724753
0.321853257417032
2.01252388424142
0.33924258049809
2.57032186773235
0.806621857507931
2.56138971170565
0.823361452133899
2.29469922919903
0.842552091926623
2.14126421528362
1
0.845108682357903
2.34787338884755
0.847897848303191
2.49080002273916
0.800204828722559
2.63710459783778
0.498867190752493
2.75309904830046
1
