0.1
0.1
2
2.8
2
2.8
2
2.8
2
2.8
2
2.8
0.1
0.1
2
2.8
2
2.8
2
2.8
2
2.8
2
2.8
0.1
0.1
2
2.8
2
2.8
2
2.8
2
2.8
2
2.8
0.1
0.1
2
2.8
2
2.8
2
2.8
2
2.8
2
2.8
2
2.8
2
2.8
2
2.8
2
2.8
0.1
0.1
2
2.8
2
2.8
2
2.8
2
2.8
2
2.8
0.1
0.1
2
2.8
2
2.8
2
2.8
2
2.8
2
2.8
0.1
0.1
2
2.8
2
2.8
2
2.8
2
2.8
2
2.8
2
2.8
2
2.8
2
2.8
2
2.8
1.2
0.1
0.1
2
2.8
2
2.8
2
2.8
2
2.8
2
2.8
0.1
0.1
2
2.8
2
2.8
2
2.8
2
2.8
2
2.8
2
2.8
2
2.8
2
2.8
2
2.8
1.2
0.1
0.1
2
2.8
2
2.8
2
2.8
2
2.8
2
2.8
2
2.8
2
2.8
2
2.8
2
2.8
1.2
2
2.8
2
2.8
2
2.8
2
2.8
1.2
