-0.1
-0.1
0.01
1
0.01
1
0.01
1
0.01
1
0.01
1
-0.1
-0.1
0.01
1
0.01
1
0.01
1
0.01
1
0.01
1
-0.1
-0.1
0.01
1
0.01
1
0.01
1
0.01
1
0.01
1
-0.1
-0.1
0.01
1
0.01
1
0.01
1
0.01
1
0.01
1
0.01
1
0.01
1
0.01
1
0.01
1
-0.1
-0.1
0.01
1
0.01
1
0.01
1
0.01
1
0.01
1
-0.1
-0.1
0.01
1
0.01
1
0.01
1
0.01
1
0.01
1
-0.1
-0.1
0.01
1
0.01
1
0.01
1
0.01
1
0.01
1
0.01
1
0.01
1
0.01
1
0.01
1
0.8
-0.1
-0.1
0.01
1
0.01
1
0.01
1
0.01
1
0.01
1
-0.1
-0.1
0.01
1
0.01
1
0.01
1
0.01
1
0.01
1
0.01
1
0.01
1
0.01
1
0.01
1
0.8
-0.1
-0.1
0.01
1
0.01
1
0.01
1
0.01
1
0.01
1
0.01
1
0.01
1
0.01
1
0.01
1
0.8
0.01
1
0.01
1
0.01
1
0.01
1
0.8
