   1.0000000000000000        3.2057164478750959E-004
   2.0000000000000000        1.1564059860697297E-003
   3.0000000000000000        2.4605760889543390E-003
   4.0000000000000000        4.2156094213172107E-003
   5.0000000000000000        6.4243069030781126E-003
   6.0000000000000000        9.0885752352658361E-003
   7.0000000000000000        1.2210965234033101E-002
   8.0000000000000000        1.5799684616921047E-002
   9.0000000000000000        1.9832432034195109E-002
   10.000000000000000        2.4308035756228454E-002
   11.000000000000000        2.9236169055348614E-002
   12.000000000000000        3.4667965597322818E-002
   13.000000000000000        4.0522230587972302E-002
   14.000000000000000        4.6860556036651180E-002
   15.000000000000000        5.3699267611045445E-002
   16.000000000000000        6.0962212804130417E-002
   17.000000000000000        6.8702246425331723E-002
   18.000000000000000        7.7012558173321699E-002
   19.000000000000000        8.5798312526315951E-002
   20.000000000000000        9.5146487800479823E-002
   21.000000000000000       0.10484227668550583     
   22.000000000000000       0.11491782744379035     
   23.000000000000000       0.12543188062054311     
   24.000000000000000       0.13641197959450463     
   25.000000000000000       0.14780984882367251     
   26.000000000000000       0.15951780072299762     
   27.000000000000000       0.17183466537512435     
   28.000000000000000       0.18466157900384267     
   29.000000000000000       0.19790069453253525     
   30.000000000000000       0.21172388957728777     
   31.000000000000000       0.22579637851644285     
   32.000000000000000       0.24025897666243176     
   33.000000000000000       0.25520037914194316     
   34.000000000000000       0.27094721847985614     
   35.000000000000000       0.28730244296667268     
   36.000000000000000       0.30410982371040357     
   37.000000000000000       0.32130828097413089     
   38.000000000000000       0.33863209353349610     
   39.000000000000000       0.35622222551113414     
   40.000000000000000       0.37452801856209939     
   41.000000000000000       0.39332774548512273     
   42.000000000000000       0.41270685662901457     
   43.000000000000000       0.43182385202097823     
   44.000000000000000       0.45137258669468272     
   45.000000000000000       0.47197718389637999     
   46.000000000000000       0.49270213027444637     
   47.000000000000000       0.51371021718264154     
   48.000000000000000       0.53525001125372595     
   49.000000000000000       0.55740370438488007     
   50.000000000000000       0.57995343163442803     
   51.000000000000000       0.60256432007539773     
   52.000000000000000       0.62590911554059070     
   53.000000000000000       0.64933369058876544     
   54.000000000000000       0.67308325821774972     
   55.000000000000000       0.69764433580689200     
   56.000000000000000       0.72238417267438726     
   57.000000000000000       0.74777392292741007     
   58.000000000000000       0.77408169574221675     
   59.000000000000000       0.80114045360845543     
   60.000000000000000       0.82945839229132234     
   61.000000000000000       0.85847026990989761     
   62.000000000000000       0.88783662173880895     
   63.000000000000000       0.91734437150779002     
   64.000000000000000       0.94719074670616255     
   65.000000000000000       0.97836504698216797     
   66.000000000000000        1.0103391009709630     
   67.000000000000000        1.0424854268250512     
   68.000000000000000        1.0746019354374168     
   69.000000000000000        1.1059370237922661     
   70.000000000000000        1.1376977215953661     
   71.000000000000000        1.1694195545086501     
   72.000000000000000        1.2018998878725649     
   73.000000000000000        1.2350562941269456     
   74.000000000000000        1.2690665117471343     
   75.000000000000000        1.3033778803606855     
   76.000000000000000        1.3380275998006907     
   77.000000000000000        1.3741608091678010     
   78.000000000000000        1.4111519344554668     
   79.000000000000000        1.4483821497113611     
   80.000000000000000        1.4863056211612053     
   81.000000000000000        1.5251730764414850     
   82.000000000000000        1.5636142667653734     
   83.000000000000000        1.6011371054413404     
   84.000000000000000        1.6382443559311843     
   85.000000000000000        1.6766335439909561     
   86.000000000000000        1.7170827073573809     
   87.000000000000000        1.7576605894394635     
   88.000000000000000        1.7984689281782857     
   89.000000000000000        1.8399362529255074     
   90.000000000000000        1.8807586058139991     
   91.000000000000000        1.9236598936475382     
   92.000000000000000        1.9670188014451162     
   93.000000000000000        2.0112368648767940     
   94.000000000000000        2.0562745671267746     
   95.000000000000000        2.1011892645776422     
   96.000000000000000        2.1471499241446912     
   97.000000000000000        2.1919347796959974     
   98.000000000000000        2.2380814315575868     
   99.000000000000000        2.2845019180290009     
   100.00000000000000        2.3317355676339662     
   101.00000000000000        2.3793995445124971     
   102.00000000000000        2.4270920961294822     
   103.00000000000000        2.4767157120123886     
   104.00000000000000        2.5277568089815134     
   105.00000000000000        2.5797976608713502     
   106.00000000000000        2.6319178779675871     
   107.00000000000000        2.6826569202873842     
   108.00000000000000        2.7344037243949217     
   109.00000000000000        2.7875084012356282     
   110.00000000000000        2.8406526173865738     
   111.00000000000000        2.8938637033223382     
   112.00000000000000        2.9466694472668107     
   113.00000000000000        3.0006695987805401     
   114.00000000000000        3.0547459489731978     
   115.00000000000000        3.1097599838259473     
   116.00000000000000        3.1655754963201375     
   117.00000000000000        3.2216339815141537     
   118.00000000000000        3.2770751437542271     
   119.00000000000000        3.3332204943674890     
   120.00000000000000        3.3921922763680175     
   121.00000000000000        3.4513073281819193     
   122.00000000000000        3.5107872733944072     
   123.00000000000000        3.5721488477245846     
   124.00000000000000        3.6342423471589829     
   125.00000000000000        3.6959946539836865     
   126.00000000000000        3.7555346241539405     
   127.00000000000000        3.8151921588519748     
   128.00000000000000        3.8769677400429092     
   129.00000000000000        3.9396554793561065     
   130.00000000000000        4.0007907838779229     
   131.00000000000000        4.0618129133752205     
   132.00000000000000        4.1262240292460843     
   133.00000000000000        4.1884611307344901     
   134.00000000000000        4.2509220397566443     
   135.00000000000000        4.3136887812049727     
   136.00000000000000        4.3802681318059342     
   137.00000000000000        4.4510684607357049     
   138.00000000000000        4.5211778794069968     
   139.00000000000000        4.5913619729190938     
   140.00000000000000        4.6648657078174667     
   141.00000000000000        4.7412233072981511     
   142.00000000000000        4.8172276293998388     
   143.00000000000000        4.8951594974428971     
   144.00000000000000        4.9722165494873538     
   145.00000000000000        5.0475932569078887     
   146.00000000000000        5.1264992910017257     
   147.00000000000000        5.2048249418420554     
   148.00000000000000        5.2800330023873450     
   149.00000000000000        5.3553103661682542     
   150.00000000000000        5.4294661379871796     
   151.00000000000000        5.5054319082387009     
   152.00000000000000        5.5847116018668697     
   153.00000000000000        5.6588378650476878     
   154.00000000000000        5.7335195519235409     
   155.00000000000000        5.8089369045790065     
   156.00000000000000        5.8825293171091406     
   157.00000000000000        5.9595721099652712     
   158.00000000000000        6.0367206414823338     
   159.00000000000000        6.1101948590529718     
   160.00000000000000        6.1859493894809878     
   161.00000000000000        6.2599686983206126     
   162.00000000000000        6.3301210300647064     
   163.00000000000000        6.4023946770577078     
   164.00000000000000        6.4792177736257957     
   165.00000000000000        6.5567581751063821     
   166.00000000000000        6.6311966162151830     
   167.00000000000000        6.7032969827570126     
   168.00000000000000        6.7755081737066352     
   169.00000000000000        6.8493243217037829     
   170.00000000000000        6.9224819823831840     
   171.00000000000000        6.9938071761552321     
   172.00000000000000        7.0631093392297011     
   173.00000000000000        7.1353724841135984     
   174.00000000000000        7.2083867207833059     
   175.00000000000000        7.2810798196389603     
   176.00000000000000        7.3594476916989491     
   177.00000000000000        7.4385464350141346     
   178.00000000000000        7.5175138881943422     
   179.00000000000000        7.5998643789073048     
   180.00000000000000        7.6817451937438950     
   181.00000000000000        7.7630021520103361     
   182.00000000000000        7.8480429339938551     
   183.00000000000000        7.9358158378943529     
   184.00000000000000        8.0192482539413774     
   185.00000000000000        8.1032812026588008     
   186.00000000000000        8.1872346006229542     
   187.00000000000000        8.2738374765325631     
   188.00000000000000        8.3672985613504558     
   189.00000000000000        8.4680861513775270     
   190.00000000000000        8.5701629567460333     
   191.00000000000000        8.6720997670473547     
   192.00000000000000        8.7680363936952723     
   193.00000000000000        8.8619022675249983     
   194.00000000000000        8.9524262700105037     
   195.00000000000000        9.0406116938911083     
   196.00000000000000        9.1268704571944763     
   197.00000000000000        9.2134313201292404     
   198.00000000000000        9.3046719442528811     
   199.00000000000000        9.4038902516932694     
   200.00000000000000        9.4987646743605616     
   201.00000000000000        9.5873022218876756     
   202.00000000000000        9.6760060379609865     
   203.00000000000000        9.7691344289923077     
   204.00000000000000        9.8677353393956171     
   205.00000000000000        9.9714226260058965     
   206.00000000000000        10.075955003324546     
   207.00000000000000        10.181470012367631     
   208.00000000000000        10.287382318388486     
   209.00000000000000        10.395936400310200     
   210.00000000000000        10.498162845997646     
   211.00000000000000        10.606242299790994     
   212.00000000000000        10.717101226063708     
   213.00000000000000        10.823303901759397     
   214.00000000000000        10.926930820075238     
   215.00000000000000        11.023998251079334     
   216.00000000000000        11.126495093081690     
   217.00000000000000        11.231743599895958     
   218.00000000000000        11.334429143452292     
   219.00000000000000        11.442033511458531     
   220.00000000000000        11.556115337541188     
   221.00000000000000        11.665413376204206     
   222.00000000000000        11.771246758827548     
   223.00000000000000        11.872320524096217     
   224.00000000000000        11.975413044055736     
   225.00000000000000        12.079489431243886     
   226.00000000000000        12.179790566247663     
   227.00000000000000        12.284608076992553     
   228.00000000000000        12.389327516991131     
   229.00000000000000        12.491251286002299     
   230.00000000000000        12.605298477693367     
   231.00000000000000        12.725773779133656     
   232.00000000000000        12.845580975121507     
   233.00000000000000        12.965347421335675     
   234.00000000000000        13.094599192608378     
   235.00000000000000        13.232197304267524     
   236.00000000000000        13.374429740459606     
   237.00000000000000        13.514709525906991     
   238.00000000000000        13.649597611554539     
   239.00000000000000        13.776111210823544     
   240.00000000000000        13.898030666504134     
   241.00000000000000        14.022916933933463     
   242.00000000000000        14.153640261425029     
   243.00000000000000        14.292182312188643     
   244.00000000000000        14.435575333458228     
   245.00000000000000        14.583134210621983     
   246.00000000000000        14.732942835647417     
   247.00000000000000        14.875140472024089     
   248.00000000000000        15.006257439897761     
   249.00000000000000        15.134838495164274     
   250.00000000000000        15.272549090753685     
   251.00000000000000        15.408374508153559     
   252.00000000000000        15.545301867793867     
   253.00000000000000        15.681423714981856     
   254.00000000000000        15.816066744377485     
   255.00000000000000        15.958278090000704     
   256.00000000000000        16.103990678696054     
   257.00000000000000        16.248617563450001     
   258.00000000000000        16.383796351150384     
   259.00000000000000        16.519150154075188     
   260.00000000000000        16.660094835181720     
   261.00000000000000        16.800337365985662     
   262.00000000000000        16.930242107440787     
   263.00000000000000        17.048822981903665     
   264.00000000000000        17.169469851137922     
   265.00000000000000        17.283858631958342     
   266.00000000000000        17.404766962791285     
   267.00000000000000        17.526545329308085     
   268.00000000000000        17.650979895915651     
   269.00000000000000        17.773718350403254     
   270.00000000000000        17.894888886384727     
   271.00000000000000        18.019842420543824     
   272.00000000000000        18.152033862645055     
   273.00000000000000        18.286544971703901     
   274.00000000000000        18.426447364795798     
   275.00000000000000        18.572635818676876     
   276.00000000000000        18.724580036809527     
   277.00000000000000        18.888601209167060     
   278.00000000000000        19.064609351069436     
   279.00000000000000        19.247788389929081     
   280.00000000000000        19.438010571397964     
   281.00000000000000        19.629959903861423     
   282.00000000000000        19.821572094451863     
   283.00000000000000        20.011184517092737     
   284.00000000000000        20.198069643344017     
   285.00000000000000        20.385429182555743     
   286.00000000000000        20.560746986943084     
   287.00000000000000        20.724897143800714     
   288.00000000000000        20.878333485698711     
   289.00000000000000        21.021701103728084     
   290.00000000000000        21.164137138354356     
   291.00000000000000        21.318087442295774     
   292.00000000000000        21.476611083856081     
   293.00000000000000        21.631026724474157     
   294.00000000000000        21.774462495557639     
   295.00000000000000        21.928133386962291     
   296.00000000000000        22.078725037757298     
   297.00000000000000        22.232031181997666     
   298.00000000000000        22.382916863450191     
   299.00000000000000        22.523401360133491     
   300.00000000000000        22.675203079191927     
   301.00000000000000        22.819384471070759     
   302.00000000000000        22.961359927675602     
   303.00000000000000        23.113731836000490     
   304.00000000000000        23.275368258742347     
   305.00000000000000        23.438600455157964     
   306.00000000000000        23.596773389579202     
   307.00000000000000        23.768627755914931     
   308.00000000000000        23.941784032958140     
   309.00000000000000        24.121778039313007     
   310.00000000000000        24.296567663109020     
   311.00000000000000        24.465052585653666     
   312.00000000000000        24.630344028622293     
   313.00000000000000        24.793076603096786     
   314.00000000000000        24.948754309495548     
   315.00000000000000        25.092275714754699     
   316.00000000000000        25.239045813454787     
   317.00000000000000        25.398786307184476     
   318.00000000000000        25.542954838800103     
   319.00000000000000        25.687788198420609     
   320.00000000000000        25.831223406936612     
   321.00000000000000        25.964487368499945     
   322.00000000000000        26.092369272511228     
   323.00000000000000        26.216569100385637     
   324.00000000000000        26.342608420295726     
   325.00000000000000        26.459010165628666     
   326.00000000000000        26.582003074068755     
   327.00000000000000        26.697880586515815     
   328.00000000000000        26.807556778116346     
   329.00000000000000        26.929558230185297     
   330.00000000000000        27.053791740085753     
   331.00000000000000        27.180947749132990     
   332.00000000000000        27.308268561283988     
   333.00000000000000        27.442277691989037     
   334.00000000000000        27.579258573846683     
   335.00000000000000        27.720731835399704     
   336.00000000000000        27.867293458484767     
   337.00000000000000        28.017391029771520     
   338.00000000000000        28.185744378512826     
   339.00000000000000        28.366706519111627     
   340.00000000000000        28.543823895334427     
   341.00000000000000        28.725653774230821     
   342.00000000000000        28.903356692445545     
   343.00000000000000        29.090431728673455     
   344.00000000000000        29.281801353773140     
   345.00000000000000        29.471146858043262     
   346.00000000000000        29.666689279682561     
   347.00000000000000        29.855017047965511     
   348.00000000000000        30.047431541488862     
   349.00000000000000        30.245216633932106     
   350.00000000000000        30.456191473332598     
   351.00000000000000        30.661556979169923     
   352.00000000000000        30.868960837478827     
   353.00000000000000        31.080112480319709     
   354.00000000000000        31.287272456108145     
   355.00000000000000        31.499709415537374     
   356.00000000000000        31.722784576454508     
   357.00000000000000        31.948963917441493     
   358.00000000000000        32.170435759904031     
   359.00000000000000        32.385295693513982     
   360.00000000000000        32.613774493011299     
   361.00000000000000        32.840074187703138     
   362.00000000000000        33.040725788558674     
   363.00000000000000        33.227324685161584     
   364.00000000000000        33.409868418614273     
   365.00000000000000        33.595459687468647     
   366.00000000000000        33.767455009384584     
   367.00000000000000        33.930207803876201     
   368.00000000000000        34.092460277879638     
   369.00000000000000        34.249712919720935     
   370.00000000000000        34.383071569245431     
   371.00000000000000        34.512168958916419     
   372.00000000000000        34.651491445738834     
   373.00000000000000        34.822065171158322     
   374.00000000000000        35.021252288382712     
   375.00000000000000        35.218378040886364     
   376.00000000000000        35.407648665187104     
   377.00000000000000        35.589955919899566     
   378.00000000000000        35.769855959861346     
   379.00000000000000        35.941895717494120     
   380.00000000000000        36.112686864487223     
   381.00000000000000        36.287436988275104     
   382.00000000000000        36.480685045668203     
   383.00000000000000        36.682327804098378     
   384.00000000000000        36.889616687335675     
   385.00000000000000        37.087521294008035     
   386.00000000000000        37.300415194840575     
   387.00000000000000        37.508548258366872     
   388.00000000000000        37.710865888004093     
   389.00000000000000        37.914774808990849     
   390.00000000000000        38.107022298384194     
   391.00000000000000        38.291005782743262     
   392.00000000000000        38.484727743845241     
   393.00000000000000        38.683672225213272     
   394.00000000000000        38.887677122306492     
   395.00000000000000        39.092904190306776     
   396.00000000000000        39.303050967796580     
   397.00000000000000        39.505040095855065     
   398.00000000000000        39.709809775944656     
   399.00000000000000        39.923263918475783     
   400.00000000000000        40.134182608450189     
   401.00000000000000        40.334252479581089     
   402.00000000000000        40.534401731693464     
   403.00000000000000        40.729997164661896     
   404.00000000000000        40.923550037405143     
   405.00000000000000        41.136213833025998     
   406.00000000000000        41.370344666883433     
   407.00000000000000        41.614413883252382     
   408.00000000000000        41.843859225613429     
   409.00000000000000        42.071497692476569     
   410.00000000000000        42.293460090394888     
   411.00000000000000        42.516808340275546     
   412.00000000000000        42.750595784783997     
   413.00000000000000        42.974230560576508     
   414.00000000000000        43.175288304781844     
   415.00000000000000        43.375376302387828     
   416.00000000000000        43.584423982789104     
   417.00000000000000        43.775474431123563     
   418.00000000000000        43.954054645568355     
   419.00000000000000        44.119156654491590     
   420.00000000000000        44.280942102082363     
   421.00000000000000        44.450698246433426     
   422.00000000000000        44.634470641597204     
   423.00000000000000        44.845305539170148     
   424.00000000000000        45.078433121703995     
   425.00000000000000        45.315243632894941     
   426.00000000000000        45.556189877486318     
   427.00000000000000        45.795651792058365     
   428.00000000000000        46.022958902383131     
   429.00000000000000        46.250356872684904     
   430.00000000000000        46.490540854986250     
   431.00000000000000        46.729473568146425     
   432.00000000000000        46.973132409883092     
   433.00000000000000        47.209715679984988     
   434.00000000000000        47.421927022573307     
   435.00000000000000        47.640066598864230     
   436.00000000000000        47.868519663240015     
   437.00000000000000        48.078446837919508     
   438.00000000000000        48.296970451987626     
   439.00000000000000        48.523377996331092     
   440.00000000000000        48.758186303495762     
   441.00000000000000        48.994938723145815     
   442.00000000000000        49.222375428578587     
   443.00000000000000        49.431337249353163     
   444.00000000000000        49.627116254635858     
   445.00000000000000        49.809227449945212     
   446.00000000000000        49.995885037308341     
   447.00000000000000        50.176261307354338     
   448.00000000000000        50.359270853537033     
   449.00000000000000        50.560406943649909     
   450.00000000000000        50.787365612883882     
   451.00000000000000        51.024784276564041     
   452.00000000000000        51.268740070229995     
   453.00000000000000        51.500346818640715     
   454.00000000000000        51.716007568479355     
   455.00000000000000        51.911617229385016     
   456.00000000000000        52.088081060599968     
   457.00000000000000        52.291836796164766     
   458.00000000000000        52.505441428807032     
   459.00000000000000        52.749192648295605     
   460.00000000000000        53.004309534769455     
   461.00000000000000        53.281186260422260     
   462.00000000000000        53.570815345870308     
   463.00000000000000        53.854824158851400     
   464.00000000000000        54.137608746751404     
   465.00000000000000        54.405466187540533     
   466.00000000000000        54.627447792691093     
   467.00000000000000        54.835224529486894     
   468.00000000000000        55.031722942079291     
   469.00000000000000        55.234690488125004     
   470.00000000000000        55.444689666327790     
   471.00000000000000        55.640462593595984     
   472.00000000000000        55.846210955704343     
   473.00000000000000        56.060664062569160     
   474.00000000000000        56.277155345868543     
   475.00000000000000        56.518755053484803     
   476.00000000000000        56.752763573623056     
   477.00000000000000        56.977190737866373     
   478.00000000000000        57.198124479331881     
   479.00000000000000        57.423291118125377     
   480.00000000000000        57.633710996967856     
   481.00000000000000        57.832102930991155     
   482.00000000000000        58.022553144810701     
   483.00000000000000        58.190038751193853     
   484.00000000000000        58.337105178143837     
   485.00000000000000        58.478299433931440     
   486.00000000000000        58.652628925404699     
   487.00000000000000        58.837860672751980     
   488.00000000000000        59.017741307529413     
   489.00000000000000        59.206601113392892     
   490.00000000000000        59.397258588321939     
   491.00000000000000        59.588878505500574     
   492.00000000000000        59.794874469246309     
   493.00000000000000        60.012114840967826     
   494.00000000000000        60.231916067150479     
   495.00000000000000        60.462255975447341     
   496.00000000000000        60.702609800896305     
   497.00000000000000        60.952276699056711     
   498.00000000000000        61.199177478724451     
   499.00000000000000        61.452830987914389     
   500.00000000000000        61.717317980026408     
   501.00000000000000        61.972440319040018     
