   1.0000000000000000        2.5978516801796972E-004
   2.0000000000000000        7.1052771857934682E-004
   3.0000000000000000        1.2240483226994639E-003
   4.0000000000000000        1.7778206420629027E-003
   5.0000000000000000        2.3270482488841394E-003
   6.0000000000000000        2.8906384015949999E-003
   7.0000000000000000        3.4340520851385017E-003
   8.0000000000000000        3.9955514759968122E-003
   9.0000000000000000        4.5764865954444423E-003
   10.000000000000000        5.1574511788492483E-003
   11.000000000000000        5.7472979927102649E-003
   12.000000000000000        6.3532023089068277E-003
   13.000000000000000        6.9253418749652268E-003
   14.000000000000000        7.5407824888734966E-003
   15.000000000000000        8.1056553065101122E-003
   16.000000000000000        8.6868758471410745E-003
   17.000000000000000        9.2741103673397354E-003
   18.000000000000000        9.8250933892272008E-003
   19.000000000000000        1.0386812400265073E-002
   20.000000000000000        1.0999020298874019E-002
   21.000000000000000        1.1608536739754337E-002
   22.000000000000000        1.2317770292796661E-002
   23.000000000000000        1.3108406501258142E-002
   24.000000000000000        1.3886219692298819E-002
   25.000000000000000        1.4544159186627029E-002
   26.000000000000000        1.5083791904354861E-002
   27.000000000000000        1.5517897375347294E-002
   28.000000000000000        1.5954987684926956E-002
   29.000000000000000        1.6400601823382380E-002
   30.000000000000000        1.6850542807500739E-002
   31.000000000000000        1.7336528454973021E-002
   32.000000000000000        1.7848757813284991E-002
   33.000000000000000        1.8412287294168266E-002
   34.000000000000000        1.9075029989601498E-002
   35.000000000000000        1.9644960168634585E-002
   36.000000000000000        2.0145107195885012E-002
   37.000000000000000        2.0671652492296407E-002
   38.000000000000000        2.1169126181177216E-002
   39.000000000000000        2.1700172061566731E-002
   40.000000000000000        2.2252224051546587E-002
   41.000000000000000        2.2776053295059030E-002
   42.000000000000000        2.3366741578506146E-002
   43.000000000000000        2.3919647180800894E-002
   44.000000000000000        2.4548544665607439E-002
   45.000000000000000        2.5195296964182087E-002
   46.000000000000000        2.5829878430787611E-002
   47.000000000000000        2.6381221488580440E-002
   48.000000000000000        2.7010138665193494E-002
   49.000000000000000        2.7533356953505617E-002
   50.000000000000000        2.8007609828918079E-002
   51.000000000000000        2.8418049200498494E-002
   52.000000000000000        2.9139483256366970E-002
   53.000000000000000        3.0144620071902568E-002
   54.000000000000000        3.1331039767768874E-002
   55.000000000000000        3.2575161648101543E-002
   56.000000000000000        3.3525346975201563E-002
   57.000000000000000        3.4033766481828959E-002
   58.000000000000000        3.4288312285627190E-002
   59.000000000000000        3.4321208103319678E-002
   60.000000000000000        3.4380973640072532E-002
   61.000000000000000        3.4582477243919260E-002
   62.000000000000000        3.4966127654481656E-002
   63.000000000000000        3.5602799078171057E-002
   64.000000000000000        3.6401983645347004E-002
   65.000000000000000        3.6950155383257799E-002
   66.000000000000000        3.7443905094773099E-002
   67.000000000000000        3.7991653040104441E-002
   68.000000000000000        3.8484369382368433E-002
   69.000000000000000        3.8944489090330457E-002
   70.000000000000000        3.9454819939526084E-002
   71.000000000000000        4.0124753032388827E-002
   72.000000000000000        4.0777026918651885E-002
   73.000000000000000        4.1521700775147614E-002
   74.000000000000000        4.2037459247863958E-002
   75.000000000000000        4.2721578720479658E-002
   76.000000000000000        4.3279341280425189E-002
   77.000000000000000        4.3683607132385130E-002
   78.000000000000000        4.4151513107556793E-002
   79.000000000000000        4.4638465284788167E-002
   80.000000000000000        4.5250608197127277E-002
   81.000000000000000        4.5849165090809635E-002
   82.000000000000000        4.6580825105292559E-002
   83.000000000000000        4.7222588194204572E-002
   84.000000000000000        4.7845332734016734E-002
   85.000000000000000        4.8612948303998815E-002
   86.000000000000000        4.9235038843882722E-002
   87.000000000000000        5.0008378640626815E-002
   88.000000000000000        5.0820615818370975E-002
   89.000000000000000        5.1543432893811032E-002
   90.000000000000000        5.2096321966372629E-002
   91.000000000000000        5.2546970494302361E-002
   92.000000000000000        5.2910862824744456E-002
   93.000000000000000        5.3327482745942678E-002
   94.000000000000000        5.3936582715076647E-002
   95.000000000000000        5.4826456642328283E-002
   96.000000000000000        5.5898135306594099E-002
   97.000000000000000        5.6713893719811878E-002
   98.000000000000000        5.7573350211488523E-002
   99.000000000000000        5.8363277081248652E-002
   100.00000000000000        5.8992933867469600E-002
   101.00000000000000        5.9446636731905270E-002
   102.00000000000000        5.9549219359456861E-002
   103.00000000000000        6.0100383984376671E-002
   104.00000000000000        6.0686998455521349E-002
   105.00000000000000        6.1414026124794810E-002
   106.00000000000000        6.2209429201149136E-002
   107.00000000000000        6.2966425842831991E-002
   108.00000000000000        6.3639714807312051E-002
   109.00000000000000        6.4215399823848579E-002
   110.00000000000000        6.4428659906408198E-002
   111.00000000000000        6.4760016461312353E-002
   112.00000000000000        6.5338269038896654E-002
   113.00000000000000        6.5872361977705504E-002
   114.00000000000000        6.6385108791383290E-002
   115.00000000000000        6.6970272109673143E-002
   116.00000000000000        6.7586033407836477E-002
   117.00000000000000        6.8086820162282277E-002
   118.00000000000000        6.8575899223108860E-002
   119.00000000000000        6.9071721390135968E-002
   120.00000000000000        6.9414854262551146E-002
   121.00000000000000        7.0086964244613956E-002
   122.00000000000000        7.0942257159130551E-002
   123.00000000000000        7.1903534235740738E-002
   124.00000000000000        7.2783746716790013E-002
   125.00000000000000        7.3526579808032469E-002
   126.00000000000000        7.4243006435185749E-002
   127.00000000000000        7.4692276779056918E-002
   128.00000000000000        7.5097231807800716E-002
   129.00000000000000        7.5355161202163706E-002
   130.00000000000000        7.5745962159002117E-002
   131.00000000000000        7.6436126810990601E-002
   132.00000000000000        7.7237824075289313E-002
   133.00000000000000        7.7844066109536175E-002
   134.00000000000000        7.8502336718007132E-002
   135.00000000000000        7.9241597339787917E-002
   136.00000000000000        7.9737684516288446E-002
   137.00000000000000        7.9870153558905865E-002
   138.00000000000000        8.0140758601434256E-002
   139.00000000000000        8.0860016907209217E-002
   140.00000000000000        8.1498119697380730E-002
   141.00000000000000        8.2664930175460408E-002
   142.00000000000000        8.4292931167565574E-002
   143.00000000000000        8.6149183189325643E-002
   144.00000000000000        8.7927620032970791E-002
   145.00000000000000        8.9151971183970516E-002
   146.00000000000000        8.9760540086375060E-002
   147.00000000000000        8.9495921232940950E-002
   148.00000000000000        8.8931993234086404E-002
   149.00000000000000        8.8700051225862622E-002
   150.00000000000000        8.8533798117919199E-002
   151.00000000000000        8.9050300819243422E-002
   152.00000000000000        9.0598070361760957E-002
   153.00000000000000        9.2062920415125232E-002
   154.00000000000000        9.3388340491404168E-002
   155.00000000000000        9.4023390084036665E-002
   156.00000000000000        9.4121694677380047E-002
   157.00000000000000        9.4160177873069711E-002
   158.00000000000000        9.4426290286115183E-002
   159.00000000000000        9.4818331446419366E-002
   160.00000000000000        9.5563680411467997E-002
   161.00000000000000        9.6616713125442066E-002
   162.00000000000000        9.7169584196493380E-002
   163.00000000000000        9.7817074044044383E-002
   164.00000000000000        9.8223007548836380E-002
   165.00000000000000        9.8454737104386528E-002
   166.00000000000000        9.8683748919317776E-002
   167.00000000000000        9.9500783007437546E-002
   168.00000000000000       0.10067126419189787     
   169.00000000000000       0.10161188751346950     
   170.00000000000000       0.10256334653775485     
   171.00000000000000       0.10374978631351350     
   172.00000000000000       0.10495540097347082     
   173.00000000000000       0.10591645109691482     
   174.00000000000000       0.10679358778599188     
   175.00000000000000       0.10760653028184837     
   176.00000000000000       0.10796402603854238     
   177.00000000000000       0.10832388761772352     
   178.00000000000000       0.10822715547460328     
   179.00000000000000       0.10809015768842092     
   180.00000000000000       0.10796652450897622     
   181.00000000000000       0.10833128420768752     
   182.00000000000000       0.10889468116884679     
   183.00000000000000       0.10952297137757096     
   184.00000000000000       0.11064036237619999     
   185.00000000000000       0.11165099580849576     
   186.00000000000000       0.11250406126927041     
   187.00000000000000       0.11340691738595460     
   188.00000000000000       0.11417421652639080     
   189.00000000000000       0.11490182574479223     
   190.00000000000000       0.11595801471010792     
   191.00000000000000       0.11688139493906954     
   192.00000000000000       0.11795666666333342     
   193.00000000000000       0.11931397846313403     
   194.00000000000000       0.12002754964250133     
   195.00000000000000       0.12107349550300409     
   196.00000000000000       0.12221448166400636     
   197.00000000000000       0.12318935885271880     
   198.00000000000000       0.12432410923353485     
   199.00000000000000       0.12529488199770419     
   200.00000000000000       0.12573085707604981     
   201.00000000000000       0.12584707787019167     
   202.00000000000000       0.12582485292462306     
   203.00000000000000       0.12600952632841819     
   204.00000000000000       0.12613705685351470     
   205.00000000000000       0.12665700290733317     
   206.00000000000000       0.12745672544501646     
   207.00000000000000       0.12819940310917741     
   208.00000000000000       0.12909067033601934     
   209.00000000000000       0.12975451559708301     
   210.00000000000000       0.13099359113303430     
   211.00000000000000       0.13206472936934838     
   212.00000000000000       0.13298098090662103     
   213.00000000000000       0.13367333235645681     
   214.00000000000000       0.13422705158255294     
   215.00000000000000       0.13511280625821373     
   216.00000000000000       0.13636003915795600     
   217.00000000000000       0.13744323164035341     
   218.00000000000000       0.13883351738571084     
   219.00000000000000       0.14035500282912053     
   220.00000000000000       0.14178332211700681     
   221.00000000000000       0.14298232937814348     
   222.00000000000000       0.14357093889206560     
   223.00000000000000       0.14380065959290889     
   224.00000000000000       0.14424923283593452     
   225.00000000000000       0.14472532594983345     
   226.00000000000000       0.14521251236127836     
   227.00000000000000       0.14569789771641187     
   228.00000000000000       0.14606530985083310     
   229.00000000000000       0.14733819749366328     
   230.00000000000000       0.14867000248683940     
   231.00000000000000       0.14963646181864490     
   232.00000000000000       0.15088906167721911     
   233.00000000000000       0.15213756302039694     
   234.00000000000000       0.15349417519773814     
   235.00000000000000       0.15440705881004219     
   236.00000000000000       0.15461465694984286     
   237.00000000000000       0.15451662967534405     
   238.00000000000000       0.15488480851781253     
   239.00000000000000       0.15530584086318089     
   240.00000000000000       0.15655136670888331     
   241.00000000000000       0.15727344607070226     
   242.00000000000000       0.15758505179295207     
   243.00000000000000       0.15791706092816835     
   244.00000000000000       0.15843479366667410     
   245.00000000000000       0.15954994641278497     
   246.00000000000000       0.16061204945478375     
   247.00000000000000       0.16116622440103173     
   248.00000000000000       0.16122107619832410     
   249.00000000000000       0.16138324887343986     
   250.00000000000000       0.16181436676885586     
   251.00000000000000       0.16253976441403578     
   252.00000000000000       0.16294118160880716     
   253.00000000000000       0.16321116445996106     
   254.00000000000000       0.16412315198185387     
   255.00000000000000       0.16507638628960022     
   256.00000000000000       0.16569542367899878     
   257.00000000000000       0.16605877756944537     
   258.00000000000000       0.16630809891658949     
   259.00000000000000       0.16706655333379516     
   260.00000000000000       0.16849270988548018     
   261.00000000000000       0.16983133408805839     
   262.00000000000000       0.17157761562652482     
   263.00000000000000       0.17331589740967870     
   264.00000000000000       0.17501854640153461     
   265.00000000000000       0.17581634607948199     
   266.00000000000000       0.17657426031829729     
   267.00000000000000       0.17740019873501445     
   268.00000000000000       0.17795443386718068     
   269.00000000000000       0.17786179694727727     
   270.00000000000000       0.17858210953144105     
   271.00000000000000       0.17982694117424033     
   272.00000000000000       0.18217457073035620     
   273.00000000000000       0.18543843753533984     
   274.00000000000000       0.18766329866512332     
   275.00000000000000       0.18861489067146781     
   276.00000000000000       0.18902827583269091     
   277.00000000000000       0.18900575813906398     
   278.00000000000000       0.18840516744829408     
   279.00000000000000       0.18843735879052073     
   280.00000000000000       0.18936571749169390     
   281.00000000000000       0.19184652021341025     
   282.00000000000000       0.19587098824898314     
   283.00000000000000       0.20017760569109355     
   284.00000000000000       0.20353375186988526     
   285.00000000000000       0.20495244127153026     
   286.00000000000000       0.20416269531870687     
   287.00000000000000       0.20288015557927885     
   288.00000000000000       0.20173256141844678     
   289.00000000000000       0.20149268523199060     
   290.00000000000000       0.20226276277187105     
   291.00000000000000       0.20421306611135548     
   292.00000000000000       0.20612111571778513     
   293.00000000000000       0.20826962199063387     
   294.00000000000000       0.20952849706381868     
   295.00000000000000       0.20983940456132505     
   296.00000000000000       0.21015041538380846     
   297.00000000000000       0.20982919555461851     
   298.00000000000000       0.21036223925513506     
   299.00000000000000       0.21062177880594646     
   300.00000000000000       0.21157790348609681     
   301.00000000000000       0.21212881651075607     
   302.00000000000000       0.21262170504572050     
   303.00000000000000       0.21385309879097628     
   304.00000000000000       0.21464687982850059     
   305.00000000000000       0.21524792388609224     
   306.00000000000000       0.21611498155545444     
   307.00000000000000       0.21740674357616999     
   308.00000000000000       0.21857995571717173     
   309.00000000000000       0.21965547361440488     
   310.00000000000000       0.22087670129128065     
   311.00000000000000       0.22293831551514021     
   312.00000000000000       0.22518213270676568     
   313.00000000000000       0.22765180768386523     
   314.00000000000000       0.22957541792102212     
   315.00000000000000       0.23105220411845537     
   316.00000000000000       0.23254248984800566     
   317.00000000000000       0.23359900144431245     
   318.00000000000000       0.23454804943771312     
   319.00000000000000       0.23620345940761819     
   320.00000000000000       0.23707985344110663     
   321.00000000000000       0.23717036441446138     
   322.00000000000000       0.23777633791909669     
   323.00000000000000       0.23877016178706184     
   324.00000000000000       0.23966756724049779     
   325.00000000000000       0.24084995028198705     
   326.00000000000000       0.24282769460458503     
   327.00000000000000       0.24437562300389104     
   328.00000000000000       0.24696093851595771     
   329.00000000000000       0.24970962912173850     
   330.00000000000000       0.25216663441796539     
   331.00000000000000       0.25485774420275503     
   332.00000000000000       0.25757645485698727     
   333.00000000000000       0.26031602541734039     
   334.00000000000000       0.26314970650787095     
   335.00000000000000       0.26488777249792445     
   336.00000000000000       0.26638345090413523     
   337.00000000000000       0.26721184500394290     
   338.00000000000000       0.26794940120317212     
   339.00000000000000       0.26761108143097778     
   340.00000000000000       0.26611695394784740     
   341.00000000000000       0.26544848162143919     
   342.00000000000000       0.26666622945984331     
   343.00000000000000       0.26844420435848126     
   344.00000000000000       0.27155219543810266     
   345.00000000000000       0.27436542719386497     
   346.00000000000000       0.27775038695998283     
   347.00000000000000       0.27982119616444567     
   348.00000000000000       0.28158341901883671     
   349.00000000000000       0.28379367797732613     
   350.00000000000000       0.28553601858975308     
   351.00000000000000       0.28809820942047271     
   352.00000000000000       0.29102070244433625     
   353.00000000000000       0.29442461581507273     
   354.00000000000000       0.29768917385004684     
   355.00000000000000       0.30055853330047250     
   356.00000000000000       0.30280531173272274     
   357.00000000000000       0.30557286791821170     
   358.00000000000000       0.30907301512268487     
   359.00000000000000       0.31289524533699292     
   360.00000000000000       0.31757460463880238     
   361.00000000000000       0.32255992018581520     
   362.00000000000000       0.32742591671813509     
   363.00000000000000       0.33262496758643856     
   364.00000000000000       0.33619496969545620     
   365.00000000000000       0.33849793289166946     
   366.00000000000000       0.34077695855374446     
   367.00000000000000       0.34348204138987742     
   368.00000000000000       0.34685217721032036     
   369.00000000000000       0.35234486719986202     
   370.00000000000000       0.35862738357918450     
   371.00000000000000       0.36321404045898514     
   372.00000000000000       0.36628880911871470     
   373.00000000000000       0.36748721603763906     
   374.00000000000000       0.36797093891807142     
   375.00000000000000       0.36757502901992972     
   376.00000000000000       0.36789137068478150     
   377.00000000000000       0.36930148276262365     
   378.00000000000000       0.37257737483152059     
   379.00000000000000       0.37722978666985363     
   380.00000000000000       0.38133771572956254     
   381.00000000000000       0.38469408329623755     
   382.00000000000000       0.38764052094682144     
   383.00000000000000       0.39094933255896447     
   384.00000000000000       0.39489863810586007     
   385.00000000000000       0.39991060168672449     
   386.00000000000000       0.40661163201879563     
   387.00000000000000       0.41391400882119050     
   388.00000000000000       0.42328831218541207     
   389.00000000000000       0.43065410654696601     
   390.00000000000000       0.43620844445649931     
   391.00000000000000       0.44088604871626508     
   392.00000000000000       0.44413188061995618     
   393.00000000000000       0.44733196422953853     
   394.00000000000000       0.45238894913708649     
   395.00000000000000       0.45911321194497950     
   396.00000000000000       0.46801686744200344     
   397.00000000000000       0.47870154230295975     
   398.00000000000000       0.48935166637390343     
   399.00000000000000       0.49889757324942779     
   400.00000000000000       0.50603645531632047     
   401.00000000000000       0.51416504810037444     
   402.00000000000000       0.52274324548025475     
   403.00000000000000       0.53229992856389852     
   404.00000000000000       0.54363727565710041     
   405.00000000000000       0.55624103180839557     
   406.00000000000000       0.57058868978880817     
   407.00000000000000       0.58598962079930716     
   408.00000000000000       0.60283212648286622     
   409.00000000000000       0.62165040307726560     
   410.00000000000000       0.64016473256571627     
   411.00000000000000       0.65810556136780463     
   412.00000000000000       0.67597892584596919     
   413.00000000000000       0.69284505571143695     
   414.00000000000000       0.71017666197616747     
   415.00000000000000       0.72983043994457286     
   416.00000000000000       0.75265446093145127     
   417.00000000000000       0.78232187228848360     
   418.00000000000000       0.81681152193406237     
   419.00000000000000       0.85526160416363806     
   420.00000000000000       0.89273495831539207     
   421.00000000000000       0.92911881852713485     
   422.00000000000000       0.96775088858283043     
   423.00000000000000        1.0088496291236317     
   424.00000000000000        1.0580238563716253     
   425.00000000000000        1.1164055285484751     
   426.00000000000000        1.1814095604886528     
   427.00000000000000        1.2478916096035011     
   428.00000000000000        1.3171427694670865     
   429.00000000000000        1.3905158560559339     
   430.00000000000000        1.4758292153146344     
   431.00000000000000        1.5738379685059787     
   432.00000000000000        1.6831347549884943     
   433.00000000000000        1.8006293071486539     
   434.00000000000000        1.9229975730138962     
   435.00000000000000        2.0547827396726746     
   436.00000000000000        2.2024956448367381     
   437.00000000000000        2.3635113409684867     
   438.00000000000000        2.5394021045939512     
   439.00000000000000        2.7310971546337326     
   440.00000000000000        2.9390133778638408     
   441.00000000000000        3.1630378746368750     
   442.00000000000000        3.4049141553261020     
   443.00000000000000        3.6608169910823567     
   444.00000000000000        3.9332101831836246     
   445.00000000000000        4.2156098602932914     
   446.00000000000000        4.5119042778819827     
   447.00000000000000        4.8191223242468215     
   448.00000000000000        5.1364687165956280     
   449.00000000000000        5.4684156622893889     
   450.00000000000000        5.8081819244834092     
   451.00000000000000        6.1670335406188226     
   452.00000000000000        6.5384255129198969     
   453.00000000000000        6.9167476176292411     
   454.00000000000000        7.2941469070629958     
   455.00000000000000        7.6736838350446392     
   456.00000000000000        8.0572012588105029     
   457.00000000000000        8.4520543754383279     
   458.00000000000000        8.8382926575515341     
   459.00000000000000        9.2064307356177242     
   460.00000000000000        9.5715379985827926     
   461.00000000000000        9.9359530431766281     
   462.00000000000000        10.305900481148832     
   463.00000000000000        10.674531434393039     
   464.00000000000000        11.026360897683789     
   465.00000000000000        11.362350005511612     
   466.00000000000000        11.690340286461147     
   467.00000000000000        12.002882935396306     
   468.00000000000000        12.293069214992562     
   469.00000000000000        12.581080118921864     
   470.00000000000000        12.864345795097698     
   471.00000000000000        13.133848100493172     
   472.00000000000000        13.374166217136343     
   473.00000000000000        13.598305701761968     
   474.00000000000000        13.820285332061875     
   475.00000000000000        14.042052041902689     
   476.00000000000000        14.275174322453280     
   477.00000000000000        14.498945773770135     
   478.00000000000000        14.708634565210085     
   479.00000000000000        14.913953716600727     
   480.00000000000000        15.122682925115695     
   481.00000000000000        15.336387810005046     
   482.00000000000000        15.558233632012998     
   483.00000000000000        15.779857692446090     
   484.00000000000000        15.984301284937272     
   485.00000000000000        16.170653965284377     
   486.00000000000000        16.335803751670376     
   487.00000000000000        16.502529683698970     
   488.00000000000000        16.695624241328858     
   489.00000000000000        16.896517978338135     
   490.00000000000000        17.104954156911482     
   491.00000000000000        17.333015409857964     
   492.00000000000000        17.579692833635146     
   493.00000000000000        17.808774496715884     
   494.00000000000000        18.027696022596494     
   495.00000000000000        18.238607011230027     
   496.00000000000000        18.452461523349243     
   497.00000000000000        18.662763036355052     
   498.00000000000000        18.836624579360958     
   499.00000000000000        18.999173779805961     
   500.00000000000000        19.182428790781735     
   501.00000000000000        19.394866370486330     
