   1.0000000000000000        3.3188230834173260E-004
   2.0000000000000000        1.2091768112258445E-003
   3.0000000000000000        2.5763119289197458E-003
   4.0000000000000000        4.4296195093413730E-003
   5.0000000000000000        6.7904669146635083E-003
   6.0000000000000000        9.6589713165177570E-003
   7.0000000000000000        1.3022061974048852E-002
   8.0000000000000000        1.6903518713692289E-002
   9.0000000000000000        2.1269117483350222E-002
   10.000000000000000        2.6082493853194059E-002
   11.000000000000000        3.1440183560030852E-002
   12.000000000000000        3.7342474468249037E-002
   13.000000000000000        4.3803357307172282E-002
   14.000000000000000        5.0757513185042298E-002
   15.000000000000000        5.8129631254455139E-002
   16.000000000000000        6.6051035455476220E-002
   17.000000000000000        7.4513882149315286E-002
   18.000000000000000        8.3527103635487460E-002
   19.000000000000000        9.2970437645722395E-002
   20.000000000000000       0.10296654248150000     
   21.000000000000000       0.11340343606005740     
   22.000000000000000       0.12438308093766676     
   23.000000000000000       0.13604903198527568     
   24.000000000000000       0.14812947217007311     
   25.000000000000000       0.16072419338622576     
   26.000000000000000       0.17403080664631299     
   27.000000000000000       0.18777863491485347     
   28.000000000000000       0.20206382864477568     
   29.000000000000000       0.21679074212620761     
   30.000000000000000       0.23216475577935142     
   31.000000000000000       0.24797587747193697     
   32.000000000000000       0.26434505882933063     
   33.000000000000000       0.28146595458037438     
   34.000000000000000       0.29915465121082713     
   35.000000000000000       0.31746231306412248     
   36.000000000000000       0.33616951371965054     
   37.000000000000000       0.35493679899935571     
   38.000000000000000       0.37377844541598226     
   39.000000000000000       0.39286622118761244     
   40.000000000000000       0.41248564981054947     
   41.000000000000000       0.43332945627908021     
   42.000000000000000       0.45433895790159001     
   43.000000000000000       0.47577782299396321     
   44.000000000000000       0.49805970681109013     
   45.000000000000000       0.52064093802089939     
   46.000000000000000       0.54339342068996022     
   47.000000000000000       0.56660725972083970     
   48.000000000000000       0.59057897754411104     
   49.000000000000000       0.61502197728375507     
   50.000000000000000       0.63998547107625758     
   51.000000000000000       0.66583655350493187     
   52.000000000000000       0.69200483531175061     
   53.000000000000000       0.71913120930907548     
   54.000000000000000       0.74684101442781259     
   55.000000000000000       0.77452859200132718     
   56.000000000000000       0.80276786841302894     
   57.000000000000000       0.83097944346518815     
   58.000000000000000       0.86027408898651858     
   59.000000000000000       0.88993141294920508     
   60.000000000000000       0.91997221294621456     
   61.000000000000000       0.94993344885081477     
   62.000000000000000       0.98067195125556084     
   63.000000000000000        1.0115143460643952     
   64.000000000000000        1.0425792901909252     
   65.000000000000000        1.0741545360641647     
   66.000000000000000        1.1064783650041343     
   67.000000000000000        1.1400104014721686     
   68.000000000000000        1.1748375861173330     
   69.000000000000000        1.2095392893854018     
   70.000000000000000        1.2432665980633868     
   71.000000000000000        1.2783607324630109     
   72.000000000000000        1.3140382137549529     
   73.000000000000000        1.3497528090452164     
   74.000000000000000        1.3860937824848498     
   75.000000000000000        1.4226517758803425     
   76.000000000000000        1.4601929027150282     
   77.000000000000000        1.4986756766241405     
   78.000000000000000        1.5375906191941757     
   79.000000000000000        1.5778607397700868     
   80.000000000000000        1.6189094975052587     
   81.000000000000000        1.6600126797164487     
   82.000000000000000        1.7008434854765093     
   83.000000000000000        1.7416018612161579     
   84.000000000000000        1.7829598897947818     
   85.000000000000000        1.8248320863350314     
   86.000000000000000        1.8669112732316240     
   87.000000000000000        1.9099574015439764     
   88.000000000000000        1.9552751685067757     
   89.000000000000000        2.0006859288273806     
   90.000000000000000        2.0445134588197540     
   91.000000000000000        2.0889124274802726     
   92.000000000000000        2.1343649722579636     
   93.000000000000000        2.1790480417738549     
   94.000000000000000        2.2253212959831536     
   95.000000000000000        2.2723944522660520     
   96.000000000000000        2.3192680594184036     
   97.000000000000000        2.3660087638333946     
   98.000000000000000        2.4138024625826158     
   99.000000000000000        2.4645487431377813     
   100.00000000000000        2.5151642783143799     
   101.00000000000000        2.5651663831897555     
   102.00000000000000        2.6171974364106245     
   103.00000000000000        2.6700803379102607     
   104.00000000000000        2.7234254009798309     
   105.00000000000000        2.7763020441612878     
   106.00000000000000        2.8286717930259044     
   107.00000000000000        2.8827445915020085     
   108.00000000000000        2.9373833720072020     
   109.00000000000000        2.9923276058957784     
   110.00000000000000        3.0478231785546850     
   111.00000000000000        3.1060079608211946     
   112.00000000000000        3.1655211644346459     
   113.00000000000000        3.2268679500858748     
   114.00000000000000        3.2872463240149647     
   115.00000000000000        3.3480568369186452     
   116.00000000000000        3.4091309042939351     
   117.00000000000000        3.4698661168244413     
   118.00000000000000        3.5291214983768726     
   119.00000000000000        3.5904695611537822     
   120.00000000000000        3.6512598230459821     
   121.00000000000000        3.7130916892996484     
   122.00000000000000        3.7730014099061608     
   123.00000000000000        3.8323720437748583     
   124.00000000000000        3.8947057749802489     
   125.00000000000000        3.9560550935933616     
   126.00000000000000        4.0185024092200399     
   127.00000000000000        4.0819568320927200     
   128.00000000000000        4.1452596503405648     
   129.00000000000000        4.2084133774646766     
   130.00000000000000        4.2736304565264804     
   131.00000000000000        4.3371402244325177     
   132.00000000000000        4.4041885857582228     
   133.00000000000000        4.4694248352777883     
   134.00000000000000        4.5383883641768250     
   135.00000000000000        4.6044595388204312     
   136.00000000000000        4.6692901509708129     
   137.00000000000000        4.7360520020596528     
   138.00000000000000        4.8036287402890414     
   139.00000000000000        4.8721913957048528     
   140.00000000000000        4.9412490283865971     
   141.00000000000000        5.0138692429228779     
   142.00000000000000        5.0865427798344998     
   143.00000000000000        5.1592521290749822     
   144.00000000000000        5.2359757908040052     
   145.00000000000000        5.3116959718702699     
   146.00000000000000        5.3852529088583916     
   147.00000000000000        5.4603832076066752     
   148.00000000000000        5.5366068726263524     
   149.00000000000000        5.6155127602726846     
   150.00000000000000        5.6964642509179795     
   151.00000000000000        5.7774018495095909     
   152.00000000000000        5.8598761063355536     
   153.00000000000000        5.9440043017135231     
   154.00000000000000        6.0284391645517035     
   155.00000000000000        6.1113480212311231     
   156.00000000000000        6.1957988047317691     
   157.00000000000000        6.2815625020352437     
   158.00000000000000        6.3638149585851620     
   159.00000000000000        6.4467227302389691     
   160.00000000000000        6.5313765035511855     
   161.00000000000000        6.6200186974566746     
   162.00000000000000        6.7101107284448549     
   163.00000000000000        6.7996025107663733     
   164.00000000000000        6.8838223764190447     
   165.00000000000000        6.9674091114616790     
   166.00000000000000        7.0538778083607401     
   167.00000000000000        7.1397873072245650     
   168.00000000000000        7.2270834148800835     
   169.00000000000000        7.3116746364764182     
   170.00000000000000        7.4006708115325157     
   171.00000000000000        7.4984310416433226     
   172.00000000000000        7.5957054620037958     
   173.00000000000000        7.6920968371028033     
   174.00000000000000        7.7906702577210067     
   175.00000000000000        7.8903914375433910     
   176.00000000000000        7.9885882433806286     
   177.00000000000000        8.0866658538746155     
   178.00000000000000        8.1830688652521619     
   179.00000000000000        8.2766738459023603     
   180.00000000000000        8.3678551008256417     
   181.00000000000000        8.4558995805775403     
   182.00000000000000        8.5475044579145010     
   183.00000000000000        8.6453269643486816     
   184.00000000000000        8.7444954765849676     
   185.00000000000000        8.8464460087284671     
   186.00000000000000        8.9445901495117788     
   187.00000000000000        9.0410291055335144     
   188.00000000000000        9.1322613803022499     
   189.00000000000000        9.2205890801220836     
   190.00000000000000        9.3105330100854822     
   191.00000000000000        9.4006399974580805     
   192.00000000000000        9.4943112163867838     
   193.00000000000000        9.5873872530709932     
   194.00000000000000        9.6855036772884731     
   195.00000000000000        9.7847357983651584     
   196.00000000000000        9.8821315467424302     
   197.00000000000000        9.9779403146166885     
   198.00000000000000        10.070561453525386     
   199.00000000000000        10.163689812200085     
   200.00000000000000        10.256937859687323     
   201.00000000000000        10.349756504003498     
   202.00000000000000        10.440717618004348     
   203.00000000000000        10.532564667519035     
   204.00000000000000        10.626072272184922     
   205.00000000000000        10.717241340168616     
   206.00000000000000        10.804360822228661     
   207.00000000000000        10.893623616493468     
   208.00000000000000        10.985425808804537     
   209.00000000000000        11.081112449769448     
   210.00000000000000        11.184196100316148     
   211.00000000000000        11.290601978883663     
   212.00000000000000        11.402874510823686     
   213.00000000000000        11.514707495275031     
   214.00000000000000        11.627452188859662     
   215.00000000000000        11.736127110406349     
   216.00000000000000        11.845484588480922     
   217.00000000000000        11.952653998922006     
   218.00000000000000        12.062563205411697     
   219.00000000000000        12.169869104737430     
   220.00000000000000        12.276970294003219     
   221.00000000000000        12.389197684169048     
   222.00000000000000        12.502262000465633     
   223.00000000000000        12.614675050971856     
   224.00000000000000        12.726160716743538     
   225.00000000000000        12.840677942725877     
   226.00000000000000        12.956068718383630     
   227.00000000000000        13.070847232855993     
   228.00000000000000        13.185341090424089     
   229.00000000000000        13.298697187737615     
   230.00000000000000        13.413073352917110     
   231.00000000000000        13.522336482885221     
   232.00000000000000        13.632476400128880     
   233.00000000000000        13.744403738152135     
   234.00000000000000        13.862710176296945     
   235.00000000000000        13.987766916692896     
   236.00000000000000        14.115222876330915     
   237.00000000000000        14.239721222721439     
   238.00000000000000        14.364124672170647     
   239.00000000000000        14.492371537873185     
   240.00000000000000        14.623556218384911     
   241.00000000000000        14.747092768396966     
   242.00000000000000        14.866734410013906     
   243.00000000000000        14.989818502110225     
   244.00000000000000        15.122412025313652     
   245.00000000000000        15.253114566563859     
   246.00000000000000        15.383067437487492     
   247.00000000000000        15.521953364521863     
   248.00000000000000        15.653991373163382     
   249.00000000000000        15.783878638948801     
   250.00000000000000        15.919491746982622     
   251.00000000000000        16.067443856590025     
   252.00000000000000        16.214685905673061     
   253.00000000000000        16.360741678401180     
   254.00000000000000        16.502749896986117     
   255.00000000000000        16.643070775098217     
   256.00000000000000        16.784504619543071     
   257.00000000000000        16.927634476222110     
   258.00000000000000        17.073501055657072     
   259.00000000000000        17.212038455361192     
   260.00000000000000        17.351274228560985     
   261.00000000000000        17.494332477146180     
   262.00000000000000        17.631846284547414     
   263.00000000000000        17.770775982089472     
   264.00000000000000        17.906720464250071     
   265.00000000000000        18.042612393628605     
   266.00000000000000        18.180806704787280     
   267.00000000000000        18.313697955721736     
   268.00000000000000        18.445558288229570     
   269.00000000000000        18.564893778402098     
   270.00000000000000        18.686629339940826     
   271.00000000000000        18.820680958368751     
   272.00000000000000        18.951695203509178     
   273.00000000000000        19.083979037267863     
   274.00000000000000        19.209730629667373     
   275.00000000000000        19.338572739562125     
   276.00000000000000        19.469000568228665     
   277.00000000000000        19.600180121279582     
   278.00000000000000        19.735557476082999     
   279.00000000000000        19.867684590393811     
   280.00000000000000        20.003616813718939     
   281.00000000000000        20.145722021919887     
   282.00000000000000        20.284681040763690     
   283.00000000000000        20.423192668330792     
   284.00000000000000        20.567122524531776     
   285.00000000000000        20.705669098450070     
   286.00000000000000        20.842953282027089     
   287.00000000000000        20.988914647702611     
   288.00000000000000        21.139113549151297     
   289.00000000000000        21.290478547775152     
   290.00000000000000        21.443411263407370     
   291.00000000000000        21.592796577422764     
   292.00000000000000        21.736523892482577     
   293.00000000000000        21.879180133822114     
   294.00000000000000        22.019396125175074     
   295.00000000000000        22.160560046948582     
   296.00000000000000        22.306605036101118     
   297.00000000000000        22.446605563489481     
   298.00000000000000        22.587100560745732     
   299.00000000000000        22.740315138704617     
   300.00000000000000        22.888393327724543     
   301.00000000000000        23.033062775370883     
   302.00000000000000        23.184759734975415     
   303.00000000000000        23.338629817542355     
   304.00000000000000        23.492696606315462     
   305.00000000000000        23.651952374039681     
   306.00000000000000        23.821191065214641     
   307.00000000000000        23.981180597296209     
   308.00000000000000        24.135529149813546     
   309.00000000000000        24.288459805432421     
   310.00000000000000        24.435344884473643     
   311.00000000000000        24.580452842446125     
   312.00000000000000        24.723346364379928     
   313.00000000000000        24.880011246306847     
   314.00000000000000        25.041897939167654     
   315.00000000000000        25.208511780547280     
   316.00000000000000        25.380391948358625     
   317.00000000000000        25.545959747252315     
   318.00000000000000        25.710158161105408     
   319.00000000000000        25.870276951148291     
   320.00000000000000        26.028704555546987     
   321.00000000000000        26.182459974906383     
   322.00000000000000        26.345606581272527     
   323.00000000000000        26.507896045721637     
   324.00000000000000        26.667481880766182     
   325.00000000000000        26.843089373114854     
   326.00000000000000        27.030005098240323     
   327.00000000000000        27.213012712035937     
   328.00000000000000        27.396649591514382     
   329.00000000000000        27.584618223557115     
   330.00000000000000        27.772678916128768     
   331.00000000000000        27.958474424965086     
   332.00000000000000        28.144379661689381     
   333.00000000000000        28.331002336623527     
   334.00000000000000        28.512947734522971     
   335.00000000000000        28.690296630651286     
   336.00000000000000        28.862442324840845     
   337.00000000000000        29.038243312723615     
   338.00000000000000        29.218569253579513     
   339.00000000000000        29.401584181092613     
   340.00000000000000        29.593763345615855     
   341.00000000000000        29.783853527140160     
   342.00000000000000        29.968539372437320     
   343.00000000000000        30.139876493876610     
   344.00000000000000        30.305028477111705     
   345.00000000000000        30.471676140459341     
   346.00000000000000        30.629433027543957     
   347.00000000000000        30.790181892779728     
   348.00000000000000        30.954441503984267     
   349.00000000000000        31.137925930676122     
   350.00000000000000        31.324725914694024     
   351.00000000000000        31.508176595841373     
   352.00000000000000        31.680184947867115     
   353.00000000000000        31.858440150574296     
   354.00000000000000        32.033699044074083     
   355.00000000000000        32.202719301297755     
   356.00000000000000        32.372121940061163     
   357.00000000000000        32.550246823376014     
   358.00000000000000        32.720752626477029     
   359.00000000000000        32.891125830828919     
   360.00000000000000        33.055489421826785     
   361.00000000000000        33.224635345623334     
   362.00000000000000        33.393962462790462     
   363.00000000000000        33.567372232982791     
   364.00000000000000        33.749777384941204     
   365.00000000000000        33.943732281215681     
   366.00000000000000        34.133576515047338     
   367.00000000000000        34.330652765728544     
   368.00000000000000        34.528052762781520     
   369.00000000000000        34.714884913645889     
   370.00000000000000        34.891529856870321     
   371.00000000000000        35.066870094790325     
   372.00000000000000        35.251235153469850     
   373.00000000000000        35.435501495544933     
   374.00000000000000        35.626314298711527     
   375.00000000000000        35.821647388818270     
   376.00000000000000        36.017598087919531     
   377.00000000000000        36.201134398195244     
   378.00000000000000        36.388492758276541     
   379.00000000000000        36.564396950702758     
   380.00000000000000        36.746538835816573     
   381.00000000000000        36.937304341066493     
   382.00000000000000        37.135212482462478     
   383.00000000000000        37.319622350100346     
   384.00000000000000        37.509934723835073     
   385.00000000000000        37.708688050078067     
   386.00000000000000        37.887921213587127     
   387.00000000000000        38.077659414874695     
   388.00000000000000        38.269984386682339     
   389.00000000000000        38.462881742478025     
   390.00000000000000        38.657846956079794     
   391.00000000000000        38.850475420105361     
   392.00000000000000        39.038935363694897     
   393.00000000000000        39.217682733701764     
   394.00000000000000        39.398641894882310     
   395.00000000000000        39.583228493340734     
   396.00000000000000        39.774652709593525     
   397.00000000000000        39.958884256382980     
   398.00000000000000        40.147251236838059     
   399.00000000000000        40.352163094792893     
   400.00000000000000        40.548672060179285     
   401.00000000000000        40.746158684226017     
   402.00000000000000        40.952257025789557     
   403.00000000000000        41.163163438746167     
   404.00000000000000        41.364108721506859     
   405.00000000000000        41.569434971853553     
   406.00000000000000        41.772040046297676     
   407.00000000000000        41.977626211712632     
   408.00000000000000        42.186694799810027     
   409.00000000000000        42.383791114526886     
   410.00000000000000        42.589247420463586     
   411.00000000000000        42.810959873611132     
   412.00000000000000        43.012295037425908     
   413.00000000000000        43.210721975267980     
   414.00000000000000        43.420734080675324     
   415.00000000000000        43.640947972357580     
   416.00000000000000        43.845967704190379     
   417.00000000000000        44.043784485938140     
   418.00000000000000        44.259084745023564     
   419.00000000000000        44.469944110407532     
   420.00000000000000        44.672303115036314     
   421.00000000000000        44.856062104843289     
   422.00000000000000        45.054931553589789     
   423.00000000000000        45.253826997401042     
   424.00000000000000        45.449560231036195     
   425.00000000000000        45.678237958976119     
   426.00000000000000        45.905854257818241     
   427.00000000000000        46.130169865409215     
   428.00000000000000        46.358857389461541     
   429.00000000000000        46.585514360229261     
   430.00000000000000        46.810151100416853     
   431.00000000000000        47.027826710373496     
   432.00000000000000        47.236316303946836     
   433.00000000000000        47.450876143726511     
   434.00000000000000        47.656224030435389     
   435.00000000000000        47.867680723545234     
   436.00000000000000        48.085104562013846     
   437.00000000000000        48.283240427241367     
   438.00000000000000        48.490202237388409     
   439.00000000000000        48.696841824038756     
   440.00000000000000        48.894372473312117     
   441.00000000000000        49.112049700409813     
   442.00000000000000        49.330276289304415     
   443.00000000000000        49.542610668594861     
   444.00000000000000        49.768554393797743     
   445.00000000000000        50.003686412214080     
   446.00000000000000        50.242227583832651     
   447.00000000000000        50.467963602002570     
   448.00000000000000        50.678567109604842     
   449.00000000000000        50.885081115476993     
   450.00000000000000        51.101610461989516     
   451.00000000000000        51.311358106259810     
   452.00000000000000        51.531499418535901     
   453.00000000000000        51.763660536124789     
   454.00000000000000        51.987719858133261     
   455.00000000000000        52.218866713771810     
   456.00000000000000        52.453113151982087     
   457.00000000000000        52.686711106819054     
   458.00000000000000        52.923052006421393     
   459.00000000000000        53.155738060175096     
   460.00000000000000        53.389860883078001     
   461.00000000000000        53.620587491349056     
   462.00000000000000        53.858805399748661     
   463.00000000000000        54.131554372970562     
   464.00000000000000        54.410117580159501     
   465.00000000000000        54.683086986374839     
   466.00000000000000        54.956716373103475     
   467.00000000000000        55.226476261022299     
   468.00000000000000        55.460807169068218     
   469.00000000000000        55.696019040828553     
   470.00000000000000        55.918925950472314     
   471.00000000000000        56.127208830010851     
   472.00000000000000        56.345607938755592     
   473.00000000000000        56.578423843080600     
   474.00000000000000        56.827169135662835     
   475.00000000000000        57.084310364699668     
   476.00000000000000        57.340142340751456     
   477.00000000000000        57.617749816346191     
   478.00000000000000        57.898593560441938     
   479.00000000000000        58.188321541851053     
   480.00000000000000        58.492030277642854     
   481.00000000000000        58.777170615750691     
   482.00000000000000        59.070113591246319     
   483.00000000000000        59.337764141097040     
   484.00000000000000        59.604068758484651     
   485.00000000000000        59.864573769488416     
   486.00000000000000        60.100162586731358     
   487.00000000000000        60.330071110553504     
   488.00000000000000        60.573496981434438     
   489.00000000000000        60.802192226532696     
   490.00000000000000        61.045977333975507     
   491.00000000000000        61.293374771598053     
   492.00000000000000        61.525785545139691     
   493.00000000000000        61.758084517915087     
   494.00000000000000        62.018473870330261     
   495.00000000000000        62.267161901882403     
   496.00000000000000        62.514985856293812     
   497.00000000000000        62.794034808886508     
   498.00000000000000        63.075686844101931     
   499.00000000000000        63.340845588983790     
   500.00000000000000        63.585222875207947     
   501.00000000000000        63.847123322087143     
