   1.0000000000000000        3.2442222835813139E-004
   2.0000000000000000        1.1737437577122587E-003
   3.0000000000000000        2.4736065926519854E-003
   4.0000000000000000        4.2595304218369743E-003
   5.0000000000000000        6.5340409437363439E-003
   6.0000000000000000        9.2782185131346524E-003
   7.0000000000000000        1.2480641971147885E-002
   8.0000000000000000        1.6219769490972456E-002
   9.0000000000000000        2.0437391148560847E-002
   10.000000000000000        2.5098489013229152E-002
   11.000000000000000        3.0246370961860520E-002
   12.000000000000000        3.5754412084051786E-002
   13.000000000000000        4.1864310608593094E-002
   14.000000000000000        4.8477949835270123E-002
   15.000000000000000        5.5551780270224803E-002
   16.000000000000000        6.3037870106167765E-002
   17.000000000000000        7.1145906181228069E-002
   18.000000000000000        7.9847322055437528E-002
   19.000000000000000        8.9071172023894585E-002
   20.000000000000000        9.8630664288616068E-002
   21.000000000000000       0.10887475600497470     
   22.000000000000000       0.11970877256537257     
   23.000000000000000       0.13118359898998530     
   24.000000000000000       0.14280001745376883     
   25.000000000000000       0.15531905146695052     
   26.000000000000000       0.16868975725254978     
   27.000000000000000       0.18258258249109416     
   28.000000000000000       0.19682335859172406     
   29.000000000000000       0.21142269086393811     
   30.000000000000000       0.22638168764065131     
   31.000000000000000       0.24205906319732035     
   32.000000000000000       0.25811558789191313     
   33.000000000000000       0.27506077024588510     
   34.000000000000000       0.29247040593413781     
   35.000000000000000       0.31034724084571430     
   36.000000000000000       0.32865951763083084     
   37.000000000000000       0.34756197894864760     
   38.000000000000000       0.36655918715802671     
   39.000000000000000       0.38606811548849257     
   40.000000000000000       0.40532334087257438     
   41.000000000000000       0.42630667832282088     
   42.000000000000000       0.44842182083927495     
   43.000000000000000       0.47085471363787501     
   44.000000000000000       0.49306880946214865     
   45.000000000000000       0.51484152795165661     
   46.000000000000000       0.53716399446595120     
   47.000000000000000       0.56049157836250885     
   48.000000000000000       0.58340688414174735     
   49.000000000000000       0.60651277944559767     
   50.000000000000000       0.63142102342199535     
   51.000000000000000       0.65740150309954604     
   52.000000000000000       0.68431219495013029     
   53.000000000000000       0.71045176122149578     
   54.000000000000000       0.73659383541155066     
   55.000000000000000       0.76348410818435697     
   56.000000000000000       0.79182128254820894     
   57.000000000000000       0.82180403370137245     
   58.000000000000000       0.85200654395468345     
   59.000000000000000       0.88283523912312212     
   60.000000000000000       0.91413231899814562     
   61.000000000000000       0.94590943408279426     
   62.000000000000000       0.97782539102000510     
   63.000000000000000        1.0092826832887209     
   64.000000000000000        1.0417443683372163     
   65.000000000000000        1.0740193817790875     
   66.000000000000000        1.1084903128321462     
   67.000000000000000        1.1419432291117462     
   68.000000000000000        1.1734667194755619     
   69.000000000000000        1.2070161957957124     
   70.000000000000000        1.2441247510245770     
   71.000000000000000        1.2810548553499705     
   72.000000000000000        1.3191233276639054     
   73.000000000000000        1.3583296501493762     
   74.000000000000000        1.3958580082539869     
   75.000000000000000        1.4335321171974500     
   76.000000000000000        1.4719261855830283     
   77.000000000000000        1.5102351192712091     
   78.000000000000000        1.5495904784157537     
   79.000000000000000        1.5920639109580841     
   80.000000000000000        1.6341465059767504     
   81.000000000000000        1.6752189457706235     
   82.000000000000000        1.7189367964443358     
   83.000000000000000        1.7632460763180418     
   84.000000000000000        1.8045744426086652     
   85.000000000000000        1.8453902920498797     
   86.000000000000000        1.8917868774397715     
   87.000000000000000        1.9380639329009435     
   88.000000000000000        1.9853543224323373     
   89.000000000000000        2.0315588425892646     
   90.000000000000000        2.0810484038343184     
   91.000000000000000        2.1301333321958520     
   92.000000000000000        2.1761715506951815     
   93.000000000000000        2.2275165333740090     
   94.000000000000000        2.2779574528219744     
   95.000000000000000        2.3268578935818569     
   96.000000000000000        2.3731270435540877     
   97.000000000000000        2.4227065097809328     
   98.000000000000000        2.4733127834269042     
   99.000000000000000        2.5213633683910075     
   100.00000000000000        2.5711519850432234     
   101.00000000000000        2.6204927231415343     
   102.00000000000000        2.6730475120972312     
   103.00000000000000        2.7266653182230658     
   104.00000000000000        2.7812905680376705     
   105.00000000000000        2.8349263669165485     
   106.00000000000000        2.8841421462370564     
   107.00000000000000        2.9381142569381118     
   108.00000000000000        2.9899344459826458     
   109.00000000000000        3.0411026767562546     
   110.00000000000000        3.0966794567930735     
   111.00000000000000        3.1561818812557667     
   112.00000000000000        3.2138211675492250     
   113.00000000000000        3.2682003377010598     
   114.00000000000000        3.3259915938307212     
   115.00000000000000        3.3876170536641950     
   116.00000000000000        3.4472244717231590     
   117.00000000000000        3.5044369595347704     
   118.00000000000000        3.5647721260010456     
   119.00000000000000        3.6276319339433636     
   120.00000000000000        3.6871516988769804     
   121.00000000000000        3.7456778969870066     
   122.00000000000000        3.8045394258920551     
   123.00000000000000        3.8667023348496703     
   124.00000000000000        3.9291847693066591     
   125.00000000000000        3.9895997845170070     
   126.00000000000000        4.0531844029550230     
   127.00000000000000        4.1154356092900555     
   128.00000000000000        4.1741176553111634     
   129.00000000000000        4.2387936734122640     
   130.00000000000000        4.3047881390908938     
   131.00000000000000        4.3727138693921210     
   132.00000000000000        4.4445243218412633     
   133.00000000000000        4.5193494510767929     
   134.00000000000000        4.5938464891984756     
   135.00000000000000        4.6655439587068601     
   136.00000000000000        4.7396312063629509     
   137.00000000000000        4.8126333666377770     
   138.00000000000000        4.8829611230699328     
   139.00000000000000        4.9538469876106879     
   140.00000000000000        5.0267903860215721     
   141.00000000000000        5.1059650332402908     
   142.00000000000000        5.1836168029723568     
   143.00000000000000        5.2568562117799331     
   144.00000000000000        5.3334752919742545     
   145.00000000000000        5.4185546711903605     
   146.00000000000000        5.4968614168341174     
   147.00000000000000        5.5676217281683993     
   148.00000000000000        5.6416932069990953     
   149.00000000000000        5.7125163386221347     
   150.00000000000000        5.7851125289947039     
   151.00000000000000        5.8635619243827417     
   152.00000000000000        5.9412958874650776     
   153.00000000000000        6.0181348348513337     
   154.00000000000000        6.0936379247695545     
   155.00000000000000        6.1736155155463486     
   156.00000000000000        6.2548722814009938     
   157.00000000000000        6.3295264619414739     
   158.00000000000000        6.4100746249798259     
   159.00000000000000        6.4890481390792232     
   160.00000000000000        6.5707849839744972     
   161.00000000000000        6.6546036624767728     
   162.00000000000000        6.7355549480104573     
   163.00000000000000        6.8237332430978439     
   164.00000000000000        6.9116463634348460     
   165.00000000000000        6.9972400994749728     
   166.00000000000000        7.0873380621037949     
   167.00000000000000        7.1718499035770655     
   168.00000000000000        7.2512754017147225     
   169.00000000000000        7.3376308632966163     
   170.00000000000000        7.4211587664235354     
   171.00000000000000        7.5121311895963556     
   172.00000000000000        7.5985039537953432     
   173.00000000000000        7.6907954923163295     
   174.00000000000000        7.7801889721025601     
   175.00000000000000        7.8683107136898274     
   176.00000000000000        7.9579949463125290     
   177.00000000000000        8.0440396727897738     
   178.00000000000000        8.1377246908363023     
   179.00000000000000        8.2400138654067341     
   180.00000000000000        8.3357458395633461     
   181.00000000000000        8.4270885082710247     
   182.00000000000000        8.5240606456761761     
   183.00000000000000        8.6179268916320737     
   184.00000000000000        8.7055575527907489     
   185.00000000000000        8.7918257704517888     
   186.00000000000000        8.8923176050914421     
   187.00000000000000        9.0042315960213486     
   188.00000000000000        9.1172592359383753     
   189.00000000000000        9.2244920120516145     
   190.00000000000000        9.3124474095534389     
   191.00000000000000        9.4059980944391572     
   192.00000000000000        9.5024736504971923     
   193.00000000000000        9.5990043701789087     
   194.00000000000000        9.7033976801764013     
   195.00000000000000        9.8123844046686930     
   196.00000000000000        9.9190623163564222     
   197.00000000000000        10.021522947445419     
   198.00000000000000        10.122412943744239     
   199.00000000000000        10.222905940647964     
   200.00000000000000        10.318638638200012     
   201.00000000000000        10.424429871296027     
   202.00000000000000        10.531164719660355     
   203.00000000000000        10.636448685993372     
   204.00000000000000        10.738558592732330     
   205.00000000000000        10.838094810241063     
   206.00000000000000        10.933322654790123     
   207.00000000000000        11.029483958852921     
   208.00000000000000        11.127223085746550     
   209.00000000000000        11.229137816048350     
   210.00000000000000        11.332858754069807     
   211.00000000000000        11.444819158106913     
   212.00000000000000        11.559477565986391     
   213.00000000000000        11.678112064566346     
   214.00000000000000        11.801193646913145     
   215.00000000000000        11.915912276409653     
   216.00000000000000        12.027726498395678     
   217.00000000000000        12.146303072769539     
   218.00000000000000        12.262684946125436     
   219.00000000000000        12.382062919210327     
   220.00000000000000        12.508784786433708     
   221.00000000000000        12.641187249322583     
   222.00000000000000        12.772717508517788     
   223.00000000000000        12.898628402759615     
   224.00000000000000        13.030957893373120     
   225.00000000000000        13.161425067891697     
   226.00000000000000        13.284592323066503     
   227.00000000000000        13.408436184385451     
   228.00000000000000        13.531129293658980     
   229.00000000000000        13.644538085136359     
   230.00000000000000        13.759647855316162     
   231.00000000000000        13.886943273311946     
   232.00000000000000        14.005651242120770     
   233.00000000000000        14.129563059090327     
   234.00000000000000        14.272283648231051     
   235.00000000000000        14.416218046637875     
   236.00000000000000        14.553439247194486     
   237.00000000000000        14.683377274026423     
   238.00000000000000        14.807693691882346     
   239.00000000000000        14.936781346559419     
   240.00000000000000        15.074709623430346     
   241.00000000000000        15.204673069780505     
   242.00000000000000        15.339075666241907     
   243.00000000000000        15.481624047580160     
   244.00000000000000        15.619056893616822     
   245.00000000000000        15.743984217353187     
   246.00000000000000        15.879390219137088     
   247.00000000000000        16.023924633167933     
   248.00000000000000        16.159727276303816     
   249.00000000000000        16.305255355218414     
   250.00000000000000        16.446460444269405     
   251.00000000000000        16.588899025453312     
   252.00000000000000        16.741730668252846     
   253.00000000000000        16.890278218076791     
   254.00000000000000        17.032267969929656     
   255.00000000000000        17.190541118387678     
   256.00000000000000        17.351382634511111     
   257.00000000000000        17.512996605488702     
   258.00000000000000        17.681221933496218     
   259.00000000000000        17.853294068474970     
   260.00000000000000        18.020608765368074     
   261.00000000000000        18.165263282935115     
   262.00000000000000        18.303808320515166     
   263.00000000000000        18.441372223249665     
   264.00000000000000        18.587661127453092     
   265.00000000000000        18.725824106920921     
   266.00000000000000        18.865982692608593     
   267.00000000000000        19.010913776375137     
   268.00000000000000        19.172010914182607     
   269.00000000000000        19.327196912055374     
   270.00000000000000        19.474003434571575     
   271.00000000000000        19.616180616125877     
   272.00000000000000        19.758303277442224     
   273.00000000000000        19.895504798124172     
   274.00000000000000        20.030774316183475     
   275.00000000000000        20.175814531453767     
   276.00000000000000        20.331868037997534     
   277.00000000000000        20.480732433174765     
   278.00000000000000        20.617076498890732     
   279.00000000000000        20.769975290291868     
   280.00000000000000        20.944759762609404     
   281.00000000000000        21.108387375846235     
   282.00000000000000        21.290296699256420     
   283.00000000000000        21.471590303494615     
   284.00000000000000        21.634847854270600     
   285.00000000000000        21.807772944570178     
   286.00000000000000        21.969017783509187     
   287.00000000000000        22.124913050581466     
   288.00000000000000        22.273472544519898     
   289.00000000000000        22.418232548827280     
   290.00000000000000        22.571295657972630     
   291.00000000000000        22.725945230352981     
   292.00000000000000        22.893946956553702     
   293.00000000000000        23.055822280719404     
   294.00000000000000        23.210554361198401     
   295.00000000000000        23.370847090475245     
   296.00000000000000        23.548023495894018     
   297.00000000000000        23.742664355358997     
   298.00000000000000        23.911439039493356     
   299.00000000000000        24.064068032910932     
   300.00000000000000        24.229553417272747     
   301.00000000000000        24.379098074470509     
   302.00000000000000        24.525480365313211     
   303.00000000000000        24.679830494592391     
   304.00000000000000        24.831373959567479     
   305.00000000000000        24.962643230275216     
   306.00000000000000        25.101559053250789     
   307.00000000000000        25.259482552365320     
   308.00000000000000        25.409887355285885     
   309.00000000000000        25.572675475500571     
   310.00000000000000        25.725181380151859     
   311.00000000000000        25.873122492708095     
   312.00000000000000        26.040450647467829     
   313.00000000000000        26.187308576588361     
   314.00000000000000        26.333602914048150     
   315.00000000000000        26.500023869513655     
   316.00000000000000        26.672010617327334     
   317.00000000000000        26.852301890429175     
   318.00000000000000        27.036485935038282     
   319.00000000000000        27.223221479018139     
   320.00000000000000        27.415145951167833     
   321.00000000000000        27.606950967926945     
   322.00000000000000        27.800952750969739     
   323.00000000000000        27.985443905191634     
   324.00000000000000        28.159175843197453     
   325.00000000000000        28.338138021822715     
   326.00000000000000        28.514469573006270     
   327.00000000000000        28.656112895323254     
   328.00000000000000        28.804609984577596     
   329.00000000000000        28.960447186514781     
   330.00000000000000        29.119828678243277     
   331.00000000000000        29.283589023970254     
   332.00000000000000        29.464242974714068     
   333.00000000000000        29.662559146649198     
   334.00000000000000        29.866666955166988     
   335.00000000000000        30.099196859884930     
   336.00000000000000        30.312678947595646     
   337.00000000000000        30.487687494770348     
   338.00000000000000        30.661213804163392     
   339.00000000000000        30.844393934319552     
   340.00000000000000        31.001550694845147     
   341.00000000000000        31.196659962271472     
   342.00000000000000        31.413086456448092     
   343.00000000000000        31.606658950525226     
   344.00000000000000        31.785472513830946     
   345.00000000000000        31.963836122692065     
   346.00000000000000        32.165522752626664     
   347.00000000000000        32.365147341198558     
   348.00000000000000        32.568115365986678     
   349.00000000000000        32.775350956363766     
   350.00000000000000        32.999546518256587     
   351.00000000000000        33.218032798415308     
   352.00000000000000        33.419488241649994     
   353.00000000000000        33.666084501979320     
   354.00000000000000        33.924632420595458     
   355.00000000000000        34.175592874818278     
   356.00000000000000        34.406103260767544     
   357.00000000000000        34.621422153820717     
   358.00000000000000        34.831853006178974     
   359.00000000000000        35.050917356460538     
   360.00000000000000        35.297729248129400     
   361.00000000000000        35.548444240553245     
   362.00000000000000        35.783293374088899     
   363.00000000000000        36.046376063013760     
   364.00000000000000        36.301409914506770     
   365.00000000000000        36.552446138845738     
   366.00000000000000        36.761783926920913     
   367.00000000000000        36.930355052416964     
   368.00000000000000        37.144735658760929     
   369.00000000000000        37.370137274011697     
   370.00000000000000        37.593253389806101     
   371.00000000000000        37.826822398593571     
   372.00000000000000        38.059968458993986     
   373.00000000000000        38.277964491080972     
   374.00000000000000        38.509964621391866     
   375.00000000000000        38.739722442399817     
   376.00000000000000        38.966797796249665     
   377.00000000000000        39.183167182327132     
   378.00000000000000        39.391552066461230     
   379.00000000000000        39.615658888581358     
   380.00000000000000        39.842320326332491     
   381.00000000000000        40.069993291011961     
   382.00000000000000        40.322122470856293     
   383.00000000000000        40.564848646597277     
   384.00000000000000        40.773062004287830     
   385.00000000000000        40.950059195669652     
   386.00000000000000        41.155084581332638     
   387.00000000000000        41.388172103007683     
   388.00000000000000        41.590147417380628     
   389.00000000000000        41.787518476572352     
   390.00000000000000        41.998045431105318     
   391.00000000000000        42.225550155423150     
   392.00000000000000        42.461999692195981     
   393.00000000000000        42.702512022790955     
   394.00000000000000        42.928870443267854     
   395.00000000000000        43.179201787512405     
   396.00000000000000        43.422103195025763     
   397.00000000000000        43.682153822297835     
   398.00000000000000        44.007132272126256     
   399.00000000000000        44.313638261443096     
   400.00000000000000        44.584460421576225     
   401.00000000000000        44.859157367639462     
   402.00000000000000        45.130554978895084     
   403.00000000000000        45.401132934284789     
   404.00000000000000        45.678304266972127     
   405.00000000000000        45.923254567169678     
   406.00000000000000        46.164501293942507     
   407.00000000000000        46.436896472534265     
   408.00000000000000        46.704690143598505     
   409.00000000000000        46.996128012804768     
   410.00000000000000        47.263128485976701     
   411.00000000000000        47.498717823713484     
   412.00000000000000        47.730083999725061     
   413.00000000000000        47.961589869922641     
   414.00000000000000        48.180479741241108     
   415.00000000000000        48.424224079268086     
   416.00000000000000        48.689894670608886     
   417.00000000000000        48.943822951869720     
   418.00000000000000        49.173536730527140     
   419.00000000000000        49.431497139182788     
   420.00000000000000        49.675743070904630     
   421.00000000000000        49.939392546153520     
   422.00000000000000        50.193184482533219     
   423.00000000000000        50.396203584309298     
   424.00000000000000        50.597932875562584     
   425.00000000000000        50.818054475192675     
   426.00000000000000        51.083556876762152     
   427.00000000000000        51.338430166692191     
   428.00000000000000        51.544549604105796     
   429.00000000000000        51.738889903236220     
   430.00000000000000        51.986814569963329     
   431.00000000000000        52.281090760894401     
   432.00000000000000        52.531166989062022     
   433.00000000000000        52.757683899109189     
   434.00000000000000        52.988758869895612     
   435.00000000000000        53.211153465066495     
   436.00000000000000        53.426722501054769     
   437.00000000000000        53.631846560057838     
   438.00000000000000        53.845862019732365     
   439.00000000000000        54.043488299967180     
   440.00000000000000        54.253728542266913     
   441.00000000000000        54.501832059449818     
   442.00000000000000        54.729672600173842     
   443.00000000000000        54.989417549881729     
   444.00000000000000        55.250485411878742     
   445.00000000000000        55.529537846635947     
   446.00000000000000        55.797836816147367     
   447.00000000000000        56.029424626527174     
   448.00000000000000        56.283249591467232     
   449.00000000000000        56.562826828502111     
   450.00000000000000        56.848719775494715     
   451.00000000000000        57.122687032540966     
   452.00000000000000        57.379760470590263     
   453.00000000000000        57.647637521442164     
   454.00000000000000        57.914060334487367     
   455.00000000000000        58.160482969287692     
   456.00000000000000        58.421436030589199     
   457.00000000000000        58.642913495042521     
   458.00000000000000        58.865463126202762     
   459.00000000000000        59.106915326027853     
   460.00000000000000        59.350646852504070     
   461.00000000000000        59.627000406395062     
   462.00000000000000        59.868468897540268     
   463.00000000000000        60.094350415125831     
   464.00000000000000        60.334892070650525     
   465.00000000000000        60.597531532101435     
   466.00000000000000        60.814915206967655     
   467.00000000000000        61.051068920424363     
   468.00000000000000        61.309891843884124     
   469.00000000000000        61.580677357015041     
   470.00000000000000        61.860872265614773     
   471.00000000000000        62.129023412932774     
   472.00000000000000        62.389848083646946     
   473.00000000000000        62.601596013976646     
   474.00000000000000        62.817489831646235     
   475.00000000000000        63.079096154912229     
   476.00000000000000        63.331990697819322     
   477.00000000000000        63.575764284801558     
   478.00000000000000        63.862310310992392     
   479.00000000000000        64.140301303315098     
   480.00000000000000        64.411229284032089     
   481.00000000000000        64.667929116354728     
   482.00000000000000        64.917952378702481     
   483.00000000000000        65.155476877082563     
   484.00000000000000        65.420358848263461     
   485.00000000000000        65.696387041445504     
   486.00000000000000        65.931401304239088     
   487.00000000000000        66.182441330992532     
   488.00000000000000        66.459238410720786     
   489.00000000000000        66.749944482868344     
   490.00000000000000        67.073952578685521     
   491.00000000000000        67.376637655543533     
   492.00000000000000        67.608431039738420     
   493.00000000000000        67.857829066518420     
   494.00000000000000        68.106866629688085     
   495.00000000000000        68.345189328981917     
   496.00000000000000        68.590029002596538     
   497.00000000000000        68.860564532847519     
   498.00000000000000        69.141738961998882     
   499.00000000000000        69.432135723871696     
   500.00000000000000        69.722004305141809     
   501.00000000000000        70.035712755723026     
