   1.0000000000000000        3.4330606221094786E-004
   2.0000000000000000        1.2569155995486494E-003
   3.0000000000000000        2.6946007254908038E-003
   4.0000000000000000        4.6540155353714963E-003
   5.0000000000000000        7.1519248532346839E-003
   6.0000000000000000        1.0196079846435731E-002
   7.0000000000000000        1.3760003022722143E-002
   8.0000000000000000        1.7846657098889218E-002
   9.0000000000000000        2.2475566541553572E-002
   10.000000000000000        2.7671572662424409E-002
   11.000000000000000        3.3422168264695483E-002
   12.000000000000000        3.9648046191869318E-002
   13.000000000000000        4.6480710111971628E-002
   14.000000000000000        5.3827886556971710E-002
   15.000000000000000        6.1639568982513715E-002
   16.000000000000000        7.0072479777508578E-002
   17.000000000000000        7.8990101311057631E-002
   18.000000000000000        8.8608620948527617E-002
   19.000000000000000        9.8785077722145467E-002
   20.000000000000000       0.10961365517979531     
   21.000000000000000       0.12094215968387192     
   22.000000000000000       0.13295590979301877     
   23.000000000000000       0.14568933710079804     
   24.000000000000000       0.15905073069263978     
   25.000000000000000       0.17292663259026991     
   26.000000000000000       0.18722759721609170     
   27.000000000000000       0.20228169054507386     
   28.000000000000000       0.21803264490744823     
   29.000000000000000       0.23424128356547769     
   30.000000000000000       0.25103521106578131     
   31.000000000000000       0.26820763818893006     
   32.000000000000000       0.28588286454014977     
   33.000000000000000       0.30413154403994419     
   34.000000000000000       0.32306691870332688     
   35.000000000000000       0.34267311908242359     
   36.000000000000000       0.36248220003654724     
   37.000000000000000       0.38291081009958988     
   38.000000000000000       0.40337544155988558     
   39.000000000000000       0.42456908207792876     
   40.000000000000000       0.44602572891417869     
   41.000000000000000       0.46872843216789395     
   42.000000000000000       0.49160883130756416     
   43.000000000000000       0.51508007242643306     
   44.000000000000000       0.53957179853282156     
   45.000000000000000       0.56461505155839309     
   46.000000000000000       0.58966219530691788     
   47.000000000000000       0.61528845886696104     
   48.000000000000000       0.64138656905496705     
   49.000000000000000       0.66800635844718537     
   50.000000000000000       0.69557221994267437     
   51.000000000000000       0.72318012577606272     
   52.000000000000000       0.75207304090412097     
   53.000000000000000       0.78194914957683770     
   54.000000000000000       0.81175783759666809     
   55.000000000000000       0.84178521752908719     
   56.000000000000000       0.87262348080734065     
   57.000000000000000       0.90445251858921882     
   58.000000000000000       0.93671772733515080     
   59.000000000000000       0.96973669071432300     
   60.000000000000000        1.0032787628905708     
   61.000000000000000        1.0371182948521882     
   62.000000000000000        1.0719808097152215     
   63.000000000000000        1.1067359993725383     
   64.000000000000000        1.1415453072186243     
   65.000000000000000        1.1766734417588756     
   66.000000000000000        1.2135718302478058     
   67.000000000000000        1.2503126970850567     
   68.000000000000000        1.2873813091228512     
   69.000000000000000        1.3252792252787395     
   70.000000000000000        1.3657036722182898     
   71.000000000000000        1.4071164757042507     
   72.000000000000000        1.4487821964495189     
   73.000000000000000        1.4902386473806168     
   74.000000000000000        1.5309871608621650     
   75.000000000000000        1.5721097381512490     
   76.000000000000000        1.6145470225912764     
   77.000000000000000        1.6584044733313885     
   78.000000000000000        1.7021957978370614     
   79.000000000000000        1.7475445814790906     
   80.000000000000000        1.7929020767280548     
   81.000000000000000        1.8383142604549905     
   82.000000000000000        1.8842434502890555     
   83.000000000000000        1.9313846102573953     
   84.000000000000000        1.9777382310064762     
   85.000000000000000        2.0230325966108400     
   86.000000000000000        2.0712115818290266     
   87.000000000000000        2.1205325192393851     
   88.000000000000000        2.1710083227296564     
   89.000000000000000        2.2222492014268966     
   90.000000000000000        2.2742317862700165     
   91.000000000000000        2.3272160513973716     
   92.000000000000000        2.3794422671119220     
   93.000000000000000        2.4333860932788633     
   94.000000000000000        2.4860396107197906     
   95.000000000000000        2.5381782510775945     
   96.000000000000000        2.5915401578655115     
   97.000000000000000        2.6453821620651032     
   98.000000000000000        2.6997965955367857     
   99.000000000000000        2.7538039957608191     
   100.00000000000000        2.8080203486124753     
   101.00000000000000        2.8642313761396201     
   102.00000000000000        2.9220147313648388     
   103.00000000000000        2.9788817409460395     
   104.00000000000000        3.0359073415411109     
   105.00000000000000        3.0926381074770850     
   106.00000000000000        3.1497152427456183     
   107.00000000000000        3.2060416547099995     
   108.00000000000000        3.2625142050098237     
   109.00000000000000        3.3221609383349997     
   110.00000000000000        3.3825465907725065     
   111.00000000000000        3.4452397413420424     
   112.00000000000000        3.5099840844408754     
   113.00000000000000        3.5738147497035624     
   114.00000000000000        3.6377264952399684     
   115.00000000000000        3.7023085429020730     
   116.00000000000000        3.7665818448121535     
   117.00000000000000        3.8308010163092185     
   118.00000000000000        3.8965251913458583     
   119.00000000000000        3.9620121699095185     
   120.00000000000000        4.0279823412455098     
   121.00000000000000        4.0932460754831261     
   122.00000000000000        4.1568727435649038     
   123.00000000000000        4.2229762093198904     
   124.00000000000000        4.2901736247648570     
   125.00000000000000        4.3568443501821834     
   126.00000000000000        4.4247686101162058     
   127.00000000000000        4.4942348566841650     
   128.00000000000000        4.5637231210837026     
   129.00000000000000        4.6344679353326415     
   130.00000000000000        4.7061164731556433     
   131.00000000000000        4.7837376123667799     
   132.00000000000000        4.8627613149526008     
   133.00000000000000        4.9423176948146059     
   134.00000000000000        5.0217531094675767     
   135.00000000000000        5.0985004647881569     
   136.00000000000000        5.1749934582890891     
   137.00000000000000        5.2514800401662587     
   138.00000000000000        5.3254801782376129     
   139.00000000000000        5.4006029855011768     
   140.00000000000000        5.4761155667636707     
   141.00000000000000        5.5547882309716865     
   142.00000000000000        5.6356586777130859     
   143.00000000000000        5.7157240473056508     
   144.00000000000000        5.7968022625550804     
   145.00000000000000        5.8820570250659889     
   146.00000000000000        5.9637461614124758     
   147.00000000000000        6.0436204351346303     
   148.00000000000000        6.1242384976321418     
   149.00000000000000        6.2066736247494587     
   150.00000000000000        6.2864408226922741     
   151.00000000000000        6.3669358413055290     
   152.00000000000000        6.4505825375662775     
   153.00000000000000        6.5319389511668255     
   154.00000000000000        6.6138110067290246     
   155.00000000000000        6.6989475997094541     
   156.00000000000000        6.7840003500822892     
   157.00000000000000        6.8714530389686725     
   158.00000000000000        6.9600117045184993     
   159.00000000000000        7.0488751286736262     
   160.00000000000000        7.1409957568714351     
   161.00000000000000        7.2324489965074683     
   162.00000000000000        7.3220338731292234     
   163.00000000000000        7.4129930243816418     
   164.00000000000000        7.5033841769701182     
   165.00000000000000        7.5955975097865140     
   166.00000000000000        7.6910445454608976     
   167.00000000000000        7.7857138383199542     
   168.00000000000000        7.8774757346330935     
   169.00000000000000        7.9712295061122411     
   170.00000000000000        8.0633609170939806     
   171.00000000000000        8.1552144193621956     
   172.00000000000000        8.2495603309768111     
   173.00000000000000        8.3463996994826548     
   174.00000000000000        8.4413940540385539     
   175.00000000000000        8.5368419902802977     
   176.00000000000000        8.6311132000289206     
   177.00000000000000        8.7296809160538995     
   178.00000000000000        8.8308525771688746     
   179.00000000000000        8.9314444816690859     
   180.00000000000000        9.0328037366072458     
   181.00000000000000        9.1351285752631295     
   182.00000000000000        9.2352364650032310     
   183.00000000000000        9.3330822297429474     
   184.00000000000000        9.4327300413982478     
   185.00000000000000        9.5341050207745361     
   186.00000000000000        9.6380032425248547     
   187.00000000000000        9.7491393169455929     
   188.00000000000000        9.8621020265786807     
   189.00000000000000        9.9712717712425061     
   190.00000000000000        10.077983633159910     
   191.00000000000000        10.189402176913692     
   192.00000000000000        10.296078919190402     
   193.00000000000000        10.406944461506612     
   194.00000000000000        10.519634248181442     
   195.00000000000000        10.629538929735853     
   196.00000000000000        10.738712906567633     
   197.00000000000000        10.854718274670034     
   198.00000000000000        10.970224239754963     
   199.00000000000000        11.081846297579633     
   200.00000000000000        11.195545361663550     
   201.00000000000000        11.311078862645687     
   202.00000000000000        11.429929615976873     
   203.00000000000000        11.545671186448178     
   204.00000000000000        11.657526901037315     
   205.00000000000000        11.771560556391169     
   206.00000000000000        11.882141100689822     
   207.00000000000000        11.994553722691585     
   208.00000000000000        12.106221336633554     
   209.00000000000000        12.220230445128507     
   210.00000000000000        12.339736853535626     
   211.00000000000000        12.463531111890429     
   212.00000000000000        12.585677109319301     
   213.00000000000000        12.711598394971432     
   214.00000000000000        12.837759051359468     
   215.00000000000000        12.960065035396951     
   216.00000000000000        13.083957144306508     
   217.00000000000000        13.215195399454302     
   218.00000000000000        13.343834677347489     
   219.00000000000000        13.469022835056183     
   220.00000000000000        13.600246476830561     
   221.00000000000000        13.727986291714318     
   222.00000000000000        13.860163591583511     
   223.00000000000000        13.992559877132546     
   224.00000000000000        14.127308676575904     
   225.00000000000000        14.263391568843071     
   226.00000000000000        14.393835690447714     
   227.00000000000000        14.523771229183410     
   228.00000000000000        14.660610610181818     
   229.00000000000000        14.791342793436502     
   230.00000000000000        14.920783570614699     
   231.00000000000000        15.058292632261056     
   232.00000000000000        15.201465359806507     
   233.00000000000000        15.341234551993434     
   234.00000000000000        15.491580319559580     
   235.00000000000000        15.640225747086136     
   236.00000000000000        15.785912869405418     
   237.00000000000000        15.924605685124490     
   238.00000000000000        16.064542448477798     
   239.00000000000000        16.207633235941504     
   240.00000000000000        16.349999394469112     
   241.00000000000000        16.494267974156639     
   242.00000000000000        16.636428411241798     
   243.00000000000000        16.785385688506924     
   244.00000000000000        16.938215306984109     
   245.00000000000000        17.089132499433028     
   246.00000000000000        17.245185910643585     
   247.00000000000000        17.400924941303682     
   248.00000000000000        17.556871947564023     
   249.00000000000000        17.714541393120076     
   250.00000000000000        17.874393006801768     
   251.00000000000000        18.041213748972353     
   252.00000000000000        18.208320431058233     
   253.00000000000000        18.369648533114532     
   254.00000000000000        18.534260691256542     
   255.00000000000000        18.710321125924217     
   256.00000000000000        18.888801340462265     
   257.00000000000000        19.069673578808111     
   258.00000000000000        19.241057837795815     
   259.00000000000000        19.405871615508225     
   260.00000000000000        19.575907951121419     
   261.00000000000000        19.730416310937347     
   262.00000000000000        19.884334990245414     
   263.00000000000000        20.042371029562801     
   264.00000000000000        20.193725530508093     
   265.00000000000000        20.343862293851210     
   266.00000000000000        20.502283441704627     
   267.00000000000000        20.663171429047722     
   268.00000000000000        20.825128528573675     
   269.00000000000000        20.987715083610681     
   270.00000000000000        21.142153129622667     
   271.00000000000000        21.300594291321438     
   272.00000000000000        21.465050465264557     
   273.00000000000000        21.621590207368893     
   274.00000000000000        21.777814276022340     
   275.00000000000000        21.935982977876225     
   276.00000000000000        22.099090931687471     
   277.00000000000000        22.265107459806046     
   278.00000000000000        22.424579360700136     
   279.00000000000000        22.589171831604371     
   280.00000000000000        22.764275934502376     
   281.00000000000000        22.939856997789775     
   282.00000000000000        23.116717232267643     
   283.00000000000000        23.301716033141204     
   284.00000000000000        23.487086427426849     
   285.00000000000000        23.673134911561998     
   286.00000000000000        23.852000446748651     
   287.00000000000000        24.020694537200217     
   288.00000000000000        24.183462467032236     
   289.00000000000000        24.341382319977178     
   290.00000000000000        24.499008764050050     
   291.00000000000000        24.661832123034266     
   292.00000000000000        24.831650796694785     
   293.00000000000000        25.003186010665811     
   294.00000000000000        25.169817110468351     
   295.00000000000000        25.338218981133327     
   296.00000000000000        25.517967356338740     
   297.00000000000000        25.713741791032540     
   298.00000000000000        25.895944047011980     
   299.00000000000000        26.067911469214305     
   300.00000000000000        26.238968320938383     
   301.00000000000000        26.405991948543836     
   302.00000000000000        26.569315023405363     
   303.00000000000000        26.733809465324004     
   304.00000000000000        26.898287464436784     
   305.00000000000000        27.062307020235789     
   306.00000000000000        27.237421290156785     
   307.00000000000000        27.408812127771913     
   308.00000000000000        27.585551632309354     
   309.00000000000000        27.758980092993134     
   310.00000000000000        27.928178598451826     
   311.00000000000000        28.106478104416077     
   312.00000000000000        28.280189149745073     
   313.00000000000000        28.443400119064989     
   314.00000000000000        28.605779686710257     
   315.00000000000000        28.775313319976746     
   316.00000000000000        28.963888310393294     
   317.00000000000000        29.169417806651094     
   318.00000000000000        29.377084760246653     
   319.00000000000000        29.586233178174698     
   320.00000000000000        29.790312067456480     
   321.00000000000000        29.999258552252048     
   322.00000000000000        30.201164576055540     
   323.00000000000000        30.393799999179656     
   324.00000000000000        30.583813518247908     
   325.00000000000000        30.778962924827635     
   326.00000000000000        30.967053190592239     
   327.00000000000000        31.126797207811382     
   328.00000000000000        31.282103564700122     
   329.00000000000000        31.444515623105300     
   330.00000000000000        31.616499956020036     
   331.00000000000000        31.804159572511082     
   332.00000000000000        32.009020130010704     
   333.00000000000000        32.220313302940269     
   334.00000000000000        32.443839916060824     
   335.00000000000000        32.681563335671505     
   336.00000000000000        32.905894102537673     
   337.00000000000000        33.110235644753807     
   338.00000000000000        33.310689846146971     
   339.00000000000000        33.512271706148262     
   340.00000000000000        33.702962778191335     
   341.00000000000000        33.909787256413111     
   342.00000000000000        34.120303222775703     
   343.00000000000000        34.319207489986560     
   344.00000000000000        34.509507624034754     
   345.00000000000000        34.710006536847089     
   346.00000000000000        34.928784910515510     
   347.00000000000000        35.139286819710193     
   348.00000000000000        35.347906364059895     
   349.00000000000000        35.567117100012631     
   350.00000000000000        35.807153256516386     
   351.00000000000000        36.056080776502867     
   352.00000000000000        36.297561270371155     
   353.00000000000000        36.548142420170116     
   354.00000000000000        36.809777306896187     
   355.00000000000000        37.065880495516538     
   356.00000000000000        37.311866636418650     
   357.00000000000000        37.546736820638571     
   358.00000000000000        37.775672414966017     
   359.00000000000000        37.998157526364224     
   360.00000000000000        38.231635561195624     
   361.00000000000000        38.481605741300271     
   362.00000000000000        38.724973153155261     
   363.00000000000000        38.981074810802284     
   364.00000000000000        39.247549790158416     
   365.00000000000000        39.505408300778456     
   366.00000000000000        39.744873880576769     
   367.00000000000000        39.953586248879894     
   368.00000000000000        40.171393367809607     
   369.00000000000000        40.394065108968576     
   370.00000000000000        40.637378890227687     
   371.00000000000000        40.881415046711659     
   372.00000000000000        41.134970479012736     
   373.00000000000000        41.381154725370237     
   374.00000000000000        41.621666070181007     
   375.00000000000000        41.857217188614975     
   376.00000000000000        42.081323224403533     
   377.00000000000000        42.306356338450577     
   378.00000000000000        42.543654261108664     
   379.00000000000000        42.796069318330481     
   380.00000000000000        43.056559850689055     
   381.00000000000000        43.321520654117201     
   382.00000000000000        43.589935851972619     
   383.00000000000000        43.839160038809780     
   384.00000000000000        44.068533353465689     
   385.00000000000000        44.290541456456126     
   386.00000000000000        44.515042188482866     
   387.00000000000000        44.764024273040086     
   388.00000000000000        44.996116741761675     
   389.00000000000000        45.234538711825500     
   390.00000000000000        45.485656296650390     
   391.00000000000000        45.735466496694762     
   392.00000000000000        45.983247013214665     
   393.00000000000000        46.228519646993064     
   394.00000000000000        46.459426703566251     
   395.00000000000000        46.706477054109463     
   396.00000000000000        46.973170001970537     
   397.00000000000000        47.266991316724543     
   398.00000000000000        47.590663721866925     
   399.00000000000000        47.918810480765650     
   400.00000000000000        48.237183686263442     
   401.00000000000000        48.536174180263764     
   402.00000000000000        48.815233681958929     
   403.00000000000000        49.092529205340774     
   404.00000000000000        49.365396196460068     
   405.00000000000000        49.638441316318350     
   406.00000000000000        49.918855997794360     
   407.00000000000000        50.205244978126636     
   408.00000000000000        50.481296032580815     
   409.00000000000000        50.770314449340042     
   410.00000000000000        51.050921254307816     
   411.00000000000000        51.303886560887243     
   412.00000000000000        51.550281681831059     
   413.00000000000000        51.785958303397088     
   414.00000000000000        52.018136182839292     
   415.00000000000000        52.259698254935579     
   416.00000000000000        52.524828541270288     
   417.00000000000000        52.779153018162653     
   418.00000000000000        53.024441556867629     
   419.00000000000000        53.301344089787428     
   420.00000000000000        53.571719506650687     
   421.00000000000000        53.835380051602257     
   422.00000000000000        54.083581382230662     
   423.00000000000000        54.309981756938129     
   424.00000000000000        54.529778003387037     
   425.00000000000000        54.748049695716588     
   426.00000000000000        54.983241598845872     
   427.00000000000000        55.247713021647982     
   428.00000000000000        55.493925201636145     
   429.00000000000000        55.726213376509357     
   430.00000000000000        55.982196093554734     
   431.00000000000000        56.257388216550098     
   432.00000000000000        56.504933029987590     
   433.00000000000000        56.753738228845805     
   434.00000000000000        56.995160803030700     
   435.00000000000000        57.226778296574068     
   436.00000000000000        57.470346619208733     
   437.00000000000000        57.711186532429963     
   438.00000000000000        57.941503793652700     
   439.00000000000000        58.167291456846122     
   440.00000000000000        58.394161825994580     
   441.00000000000000        58.646163594609426     
   442.00000000000000        58.912576575157715     
   443.00000000000000        59.198042067820687     
   444.00000000000000        59.478018772204884     
   445.00000000000000        59.761315329080304     
   446.00000000000000        60.055791784802359     
   447.00000000000000        60.345341400274712     
   448.00000000000000        60.621688756273244     
   449.00000000000000        60.902629143084170     
   450.00000000000000        61.197120257997874     
   451.00000000000000        61.467890256830692     
   452.00000000000000        61.733475117192782     
   453.00000000000000        62.020084030466585     
   454.00000000000000        62.296171497736786     
   455.00000000000000        62.561356328027870     
   456.00000000000000        62.818336471242695     
   457.00000000000000        63.048161499529677     
   458.00000000000000        63.276774550661557     
   459.00000000000000        63.520384390501341     
   460.00000000000000        63.773223940002957     
   461.00000000000000        64.044768707957900     
   462.00000000000000        64.311968431104205     
   463.00000000000000        64.561254413496684     
   464.00000000000000        64.815657987135850     
   465.00000000000000        65.079435605549136     
   466.00000000000000        65.337554559443092     
   467.00000000000000        65.609072046472562     
   468.00000000000000        65.889532124824271     
   469.00000000000000        66.172373537826701     
   470.00000000000000        66.459561843897021     
   471.00000000000000        66.747077641836526     
   472.00000000000000        67.027811523624493     
   473.00000000000000        67.295350540243987     
   474.00000000000000        67.555595354731366     
   475.00000000000000        67.827032955577636     
   476.00000000000000        68.097531953438477     
   477.00000000000000        68.360584430710219     
   478.00000000000000        68.652611174376503     
   479.00000000000000        68.975601708100257     
   480.00000000000000        69.301958263142510     
   481.00000000000000        69.616615068500920     
   482.00000000000000        69.902064660543914     
   483.00000000000000        70.182668323578582     
   484.00000000000000        70.468967263903480     
   485.00000000000000        70.759019564391480     
   486.00000000000000        71.033047781477862     
   487.00000000000000        71.311919413680727     
   488.00000000000000        71.625128957816671     
   489.00000000000000        71.930033579257085     
   490.00000000000000        72.249394352649404     
   491.00000000000000        72.558619368793032     
   492.00000000000000        72.843242018391066     
   493.00000000000000        73.128742439931003     
   494.00000000000000        73.389299636604107     
   495.00000000000000        73.651613585644597     
   496.00000000000000        73.922035422199414     
   497.00000000000000        74.189511561298303     
   498.00000000000000        74.482122706089100     
   499.00000000000000        74.795668160849829     
   500.00000000000000        75.131423155935394     
   501.00000000000000        75.473672472847412     
