   1.0000000000000000        1.9021640599565671E-004
   2.0000000000000000        7.9915753800507061E-004
   3.0000000000000000        1.8770319746796039E-003
   4.0000000000000000        3.4143414161247328E-003
   5.0000000000000000        5.4392014551925784E-003
   6.0000000000000000        7.9716085532540257E-003
   7.0000000000000000        1.0977768393654989E-002
   8.0000000000000000        1.4433655798880340E-002
   9.0000000000000000        1.8352316375930447E-002
   10.000000000000000        2.2818131299048864E-002
   11.000000000000000        2.7734375646130169E-002
   12.000000000000000        3.3129129932480607E-002
   13.000000000000000        3.8998881455133402E-002
   14.000000000000000        4.5319194246286054E-002
   15.000000000000000        5.2191895497952508E-002
   16.000000000000000        5.9649440857413284E-002
   17.000000000000000        6.7705880665869883E-002
   18.000000000000000        7.6321916963569492E-002
   19.000000000000000        8.5325678838639785E-002
   20.000000000000000        9.5053443304541407E-002
   21.000000000000000       0.10525543108280550     
   22.000000000000000       0.11585295903750845     
   23.000000000000000       0.12732199922183082     
   24.000000000000000       0.13944071835616476     
   25.000000000000000       0.15200593248523933     
   26.000000000000000       0.16505516595647896     
   27.000000000000000       0.17877561648496593     
   28.000000000000000       0.19325871294398780     
   29.000000000000000       0.20822122945307123     
   30.000000000000000       0.22327436720566929     
   31.000000000000000       0.23864578878416806     
   32.000000000000000       0.25476780936215199     
   33.000000000000000       0.27126803776327807     
   34.000000000000000       0.28819342180102175     
   35.000000000000000       0.30578496925644738     
   36.000000000000000       0.32379408519555869     
   37.000000000000000       0.34232499438488828     
   38.000000000000000       0.36139007129905704     
   39.000000000000000       0.38085167790543556     
   40.000000000000000       0.40101745578013981     
   41.000000000000000       0.42125084987616374     
   42.000000000000000       0.44183300207310722     
   43.000000000000000       0.46289106120076523     
   44.000000000000000       0.48478465443443763     
   45.000000000000000       0.50749349719048531     
   46.000000000000000       0.53076104267536628     
   47.000000000000000       0.55430105007882335     
   48.000000000000000       0.57840439658971987     
   49.000000000000000       0.60302802973170644     
   50.000000000000000       0.62785466472727758     
   51.000000000000000       0.65368065247227314     
   52.000000000000000       0.68066585898357057     
   53.000000000000000       0.70895179239975303     
   54.000000000000000       0.73737487091646514     
   55.000000000000000       0.76513093466953963     
   56.000000000000000       0.79331893112936536     
   57.000000000000000       0.82164696643508239     
   58.000000000000000       0.85020757721417539     
   59.000000000000000       0.87968992902026077     
   60.000000000000000       0.90989359116746782     
   61.000000000000000       0.94012853439076738     
   62.000000000000000       0.97048571932258898     
   63.000000000000000        1.0013741012480530     
   64.000000000000000        1.0320008455148411     
   65.000000000000000        1.0639607772532298     
   66.000000000000000        1.0961858912718208     
   67.000000000000000        1.1287943882041322     
   68.000000000000000        1.1626431508793602     
   69.000000000000000        1.1978729518821760     
   70.000000000000000        1.2339135300508746     
   71.000000000000000        1.2700663251925395     
   72.000000000000000        1.3071537938941438     
   73.000000000000000        1.3443028722939436     
   74.000000000000000        1.3822797283650816     
   75.000000000000000        1.4218580779072363     
   76.000000000000000        1.4612526101757539     
   77.000000000000000        1.5003221380910170     
   78.000000000000000        1.5404608912491788     
   79.000000000000000        1.5818710806218317     
   80.000000000000000        1.6232750255778718     
   81.000000000000000        1.6642985306247668     
   82.000000000000000        1.7056494799488588     
   83.000000000000000        1.7487325504564852     
   84.000000000000000        1.7921309027195473     
   85.000000000000000        1.8356492079590041     
   86.000000000000000        1.8812918807213554     
   87.000000000000000        1.9267680351643650     
   88.000000000000000        1.9715787509139744     
   89.000000000000000        2.0187728191674261     
   90.000000000000000        2.0664099129849700     
   91.000000000000000        2.1152724371331972     
   92.000000000000000        2.1646342186537195     
   93.000000000000000        2.2126561480926745     
   94.000000000000000        2.2609838490398833     
   95.000000000000000        2.3106393319603535     
   96.000000000000000        2.3599371048979161     
   97.000000000000000        2.4070767931121346     
   98.000000000000000        2.4544962623323809     
   99.000000000000000        2.5031291585068094     
   100.00000000000000        2.5538436242674081     
   101.00000000000000        2.6059678039674044     
   102.00000000000000        2.6571420447987357     
   103.00000000000000        2.7091940919974653     
   104.00000000000000        2.7622630975493911     
   105.00000000000000        2.8135531219102825     
   106.00000000000000        2.8667491460829591     
   107.00000000000000        2.9191717751443522     
   108.00000000000000        2.9707170348597174     
   109.00000000000000        3.0253943294185865     
   110.00000000000000        3.0818040425355635     
   111.00000000000000        3.1409358175027862     
   112.00000000000000        3.2030308034368682     
   113.00000000000000        3.2649929512977218     
   114.00000000000000        3.3249808628215236     
   115.00000000000000        3.3841505117295170     
   116.00000000000000        3.4452501972150857     
   117.00000000000000        3.5061454927498374     
   118.00000000000000        3.5663949402281525     
   119.00000000000000        3.6279370092875545     
   120.00000000000000        3.6902267027297899     
   121.00000000000000        3.7487886039805418     
   122.00000000000000        3.8105061883736009     
   123.00000000000000        3.8738920628553335     
   124.00000000000000        3.9380213992565412     
   125.00000000000000        4.0031577359240735     
   126.00000000000000        4.0692840067382203     
   127.00000000000000        4.1344724842396463     
   128.00000000000000        4.1993926610989103     
   129.00000000000000        4.2645365169779090     
   130.00000000000000        4.3321705340903014     
   131.00000000000000        4.4067669940253991     
   132.00000000000000        4.4835505350946603     
   133.00000000000000        4.5592807184710660     
   134.00000000000000        4.6344246237818503     
   135.00000000000000        4.7066093940601199     
   136.00000000000000        4.7724057441276120     
   137.00000000000000        4.8365272816831517     
   138.00000000000000        4.9028737035267387     
   139.00000000000000        4.9740377817199359     
   140.00000000000000        5.0459069939379511     
   141.00000000000000        5.1169524617579576     
   142.00000000000000        5.1935605895252417     
   143.00000000000000        5.2692277060471495     
   144.00000000000000        5.3418032849531958     
   145.00000000000000        5.4160496609544424     
   146.00000000000000        5.4910040111125999     
   147.00000000000000        5.5650990510518863     
   148.00000000000000        5.6389973604641179     
   149.00000000000000        5.7142588129256415     
   150.00000000000000        5.7915526014313734     
   151.00000000000000        5.8701937465688170     
   152.00000000000000        5.9525229586998867     
   153.00000000000000        6.0334086716472486     
   154.00000000000000        6.1110273372814099     
   155.00000000000000        6.1895080760521086     
   156.00000000000000        6.2718487956001541     
   157.00000000000000        6.3511819424746108     
   158.00000000000000        6.4306192233093977     
   159.00000000000000        6.5140639299713277     
   160.00000000000000        6.5979690314677857     
   161.00000000000000        6.6808511471632057     
   162.00000000000000        6.7667339196639151     
   163.00000000000000        6.8492296875418868     
   164.00000000000000        6.9308499940360253     
   165.00000000000000        7.0156263225181119     
   166.00000000000000        7.1014473173876205     
   167.00000000000000        7.1879012370018351     
   168.00000000000000        7.2726659359441825     
   169.00000000000000        7.3575387314007230     
   170.00000000000000        7.4457295325757178     
   171.00000000000000        7.5354549671695130     
   172.00000000000000        7.6263024642000508     
   173.00000000000000        7.7168186582789895     
   174.00000000000000        7.8059262421897992     
   175.00000000000000        7.8989139866887745     
   176.00000000000000        7.9919743172378075     
   177.00000000000000        8.0867057349434006     
   178.00000000000000        8.1818997757417726     
   179.00000000000000        8.2725324357160641     
   180.00000000000000        8.3628495665429750     
   181.00000000000000        8.4539588837073403     
   182.00000000000000        8.5469302149397937     
   183.00000000000000        8.6439325409701020     
   184.00000000000000        8.7402042552824639     
   185.00000000000000        8.8364713208642378     
   186.00000000000000        8.9364400360499108     
   187.00000000000000        9.0398670572417821     
   188.00000000000000        9.1473215549319846     
   189.00000000000000        9.2508260434108802     
   190.00000000000000        9.3520548229064140     
   191.00000000000000        9.4575080696321638     
   192.00000000000000        9.5650567750522821     
   193.00000000000000        9.6702226707060284     
   194.00000000000000        9.7725604263893668     
   195.00000000000000        9.8708755786425346     
   196.00000000000000        9.9680203447511992     
   197.00000000000000        10.076488930441295     
   198.00000000000000        10.190307172315970     
   199.00000000000000        10.303008846120893     
   200.00000000000000        10.410729788519793     
   201.00000000000000        10.518674047658841     
   202.00000000000000        10.628389285601775     
   203.00000000000000        10.733679834369891     
   204.00000000000000        10.840892433988362     
   205.00000000000000        10.943773793001661     
   206.00000000000000        11.048484174423669     
   207.00000000000000        11.153836410577172     
   208.00000000000000        11.261784195739047     
   209.00000000000000        11.374585749752017     
   210.00000000000000        11.491047639283131     
   211.00000000000000        11.612323352380116     
   212.00000000000000        11.722582634946887     
   213.00000000000000        11.835259506864263     
   214.00000000000000        11.953121177248731     
   215.00000000000000        12.066654722486557     
   216.00000000000000        12.183459917732158     
   217.00000000000000        12.302461395097906     
   218.00000000000000        12.420384107356194     
   219.00000000000000        12.537769261986847     
   220.00000000000000        12.658908984017900     
   221.00000000000000        12.785675096609346     
   222.00000000000000        12.909655252425276     
   223.00000000000000        13.031296513975200     
   224.00000000000000        13.156963884161263     
   225.00000000000000        13.286415413073145     
   226.00000000000000        13.412965760070785     
   227.00000000000000        13.536308888599521     
   228.00000000000000        13.663027571185753     
   229.00000000000000        13.796110258949231     
   230.00000000000000        13.926985296936200     
   231.00000000000000        14.060254667656087     
   232.00000000000000        14.191714840947887     
   233.00000000000000        14.323977429431693     
   234.00000000000000        14.456948651725787     
   235.00000000000000        14.589879541424038     
   236.00000000000000        14.729706381394443     
   237.00000000000000        14.867457192989157     
   238.00000000000000        15.000134049501369     
   239.00000000000000        15.138282116107105     
   240.00000000000000        15.279127969777420     
   241.00000000000000        15.425809870542961     
   242.00000000000000        15.565649847633882     
   243.00000000000000        15.699754159912345     
   244.00000000000000        15.838343072714085     
   245.00000000000000        15.983500229205413     
   246.00000000000000        16.131189281963749     
   247.00000000000000        16.288370250139380     
   248.00000000000000        16.451183605412080     
   249.00000000000000        16.603385096144606     
   250.00000000000000        16.756991546046095     
   251.00000000000000        16.912488727867036     
   252.00000000000000        17.066192877224051     
   253.00000000000000        17.214603872785979     
   254.00000000000000        17.372178720877098     
   255.00000000000000        17.534840115428917     
   256.00000000000000        17.693740677113095     
   257.00000000000000        17.852075554484486     
   258.00000000000000        18.003820948187901     
   259.00000000000000        18.160282889673873     
   260.00000000000000        18.312744062953456     
   261.00000000000000        18.460629230539990     
   262.00000000000000        18.609260860738456     
   263.00000000000000        18.754413631531641     
   264.00000000000000        18.895398359177403     
   265.00000000000000        19.038999124875666     
   266.00000000000000        19.191871780976232     
   267.00000000000000        19.343503066331461     
   268.00000000000000        19.486014130092734     
   269.00000000000000        19.623621414980612     
   270.00000000000000        19.772221292710427     
   271.00000000000000        19.933303209785084     
   272.00000000000000        20.090012074671201     
   273.00000000000000        20.236747673681581     
   274.00000000000000        20.378562194995176     
   275.00000000000000        20.527707929330795     
   276.00000000000000        20.684277293179516     
   277.00000000000000        20.839447456437085     
   278.00000000000000        20.988398282413158     
   279.00000000000000        21.137066211100741     
   280.00000000000000        21.291109531649678     
   281.00000000000000        21.447866897363884     
   282.00000000000000        21.609741542127004     
   283.00000000000000        21.776484167998593     
   284.00000000000000        21.943658419533573     
   285.00000000000000        22.120146729858401     
   286.00000000000000        22.298351815940542     
   287.00000000000000        22.454464016477182     
   288.00000000000000        22.602122221035788     
   289.00000000000000        22.758220936299455     
   290.00000000000000        22.917578785599790     
   291.00000000000000        23.066651552893983     
   292.00000000000000        23.204950830097935     
   293.00000000000000        23.351216734259499     
   294.00000000000000        23.511830329019379     
   295.00000000000000        23.669935756257523     
   296.00000000000000        23.831846653893887     
   297.00000000000000        24.006942040045239     
   298.00000000000000        24.174831485275824     
   299.00000000000000        24.341169539093052     
   300.00000000000000        24.494384173480988     
   301.00000000000000        24.646753740537420     
   302.00000000000000        24.799717158442547     
   303.00000000000000        24.949312342963495     
   304.00000000000000        25.098285330611006     
   305.00000000000000        25.247311815751853     
   306.00000000000000        25.399027866950526     
   307.00000000000000        25.558915210399363     
   308.00000000000000        25.728394123863620     
   309.00000000000000        25.896234721633885     
   310.00000000000000        26.059604213784201     
   311.00000000000000        26.228303509833609     
   312.00000000000000        26.387309948632414     
   313.00000000000000        26.531097973298465     
   314.00000000000000        26.676521307062600     
   315.00000000000000        26.836408955859515     
   316.00000000000000        27.014643483830444     
   317.00000000000000        27.213022306304836     
   318.00000000000000        27.411841561238269     
   319.00000000000000        27.603974293378645     
   320.00000000000000        27.792509725225322     
   321.00000000000000        27.985539573841180     
   322.00000000000000        28.181883650505352     
   323.00000000000000        28.375315389543008     
   324.00000000000000        28.566958975433742     
   325.00000000000000        28.749599138534375     
   326.00000000000000        28.916109165938753     
   327.00000000000000        29.074434605714178     
   328.00000000000000        29.223792819580943     
   329.00000000000000        29.379621937090313     
   330.00000000000000        29.547299387268346     
   331.00000000000000        29.728475491992469     
   332.00000000000000        29.917738967983794     
   333.00000000000000        30.114129163645305     
   334.00000000000000        30.323717614753065     
   335.00000000000000        30.546810058651999     
   336.00000000000000        30.764670356981856     
   337.00000000000000        30.969787820137682     
   338.00000000000000        31.167922057805061     
   339.00000000000000        31.367543970934175     
   340.00000000000000        31.565565656035361     
   341.00000000000000        31.763798861308288     
   342.00000000000000        31.964097526572925     
   343.00000000000000        32.161869161849353     
   344.00000000000000        32.345004272570485     
   345.00000000000000        32.513215336027294     
   346.00000000000000        32.680269767679810     
   347.00000000000000        32.873923611465273     
   348.00000000000000        33.085779524052526     
   349.00000000000000        33.300281365418215     
   350.00000000000000        33.523379878354866     
   351.00000000000000        33.756724616751718     
   352.00000000000000        34.003293828360796     
   353.00000000000000        34.251272490530880     
   354.00000000000000        34.499532756756324     
   355.00000000000000        34.752374879454969     
   356.00000000000000        35.000698852454065     
   357.00000000000000        35.234854786880554     
   358.00000000000000        35.457544242047632     
   359.00000000000000        35.663182709809476     
   360.00000000000000        35.889697163890759     
   361.00000000000000        36.122094921353010     
   362.00000000000000        36.340380604560814     
   363.00000000000000        36.574323597724607     
   364.00000000000000        36.819923675062959     
   365.00000000000000        37.043691687214086     
   366.00000000000000        37.244508619618017     
   367.00000000000000        37.452633794736840     
   368.00000000000000        37.661947255912494     
   369.00000000000000        37.861704354683830     
   370.00000000000000        38.071040950338428     
   371.00000000000000        38.299530215001141     
   372.00000000000000        38.537897587445904     
   373.00000000000000        38.750395555575231     
   374.00000000000000        38.959337094608266     
   375.00000000000000        39.163778461832884     
   376.00000000000000        39.368243133977820     
   377.00000000000000        39.573786332228210     
   378.00000000000000        39.785359347257696     
   379.00000000000000        40.019509450402218     
   380.00000000000000        40.260750203412528     
   381.00000000000000        40.512223093836518     
   382.00000000000000        40.770412860921148     
   383.00000000000000        41.011373512041793     
   384.00000000000000        41.234956484987478     
   385.00000000000000        41.453624688091573     
   386.00000000000000        41.658473923359963     
   387.00000000000000        41.872749793380905     
   388.00000000000000        42.104103140773539     
   389.00000000000000        42.360423229760009     
   390.00000000000000        42.615547942535287     
   391.00000000000000        42.855429658674531     
   392.00000000000000        43.088323087312581     
   393.00000000000000        43.323607896958599     
   394.00000000000000        43.560847321622482     
   395.00000000000000        43.796261395482830     
   396.00000000000000        44.055346829168641     
   397.00000000000000        44.357037256885569     
   398.00000000000000        44.682574202807928     
   399.00000000000000        45.026328855534970     
   400.00000000000000        45.347645666762901     
   401.00000000000000        45.636561426501387     
   402.00000000000000        45.906731662928202     
   403.00000000000000        46.148843431840533     
   404.00000000000000        46.397924581643494     
   405.00000000000000        46.667366003502266     
   406.00000000000000        46.943617454735168     
   407.00000000000000        47.224296545924659     
   408.00000000000000        47.499695623656272     
   409.00000000000000        47.773380852841086     
   410.00000000000000        48.041511634210870     
   411.00000000000000        48.274939662331057     
   412.00000000000000        48.500445284405181     
   413.00000000000000        48.742595688172727     
   414.00000000000000        48.994658076342951     
   415.00000000000000        49.246338605227962     
   416.00000000000000        49.489820488130043     
   417.00000000000000        49.725690698215487     
   418.00000000000000        49.957385737962184     
   419.00000000000000        50.208083590231496     
   420.00000000000000        50.480735505766589     
   421.00000000000000        50.731191193177978     
   422.00000000000000        50.948925155049366     
   423.00000000000000        51.152703491669442     
   424.00000000000000        51.339634931121516     
   425.00000000000000        51.543361517908750     
   426.00000000000000        51.765662019108952     
   427.00000000000000        52.009340635047018     
   428.00000000000000        52.242493875863488     
   429.00000000000000        52.475881508903115     
   430.00000000000000        52.715009904604251     
   431.00000000000000        52.950024214669988     
   432.00000000000000        53.182062198635485     
   433.00000000000000        53.412883650340255     
   434.00000000000000        53.633370432586041     
   435.00000000000000        53.845512902384947     
   436.00000000000000        54.064320447725770     
   437.00000000000000        54.295364006947494     
   438.00000000000000        54.508343025623120     
   439.00000000000000        54.733860983580662     
   440.00000000000000        54.962509991024056     
   441.00000000000000        55.219654399809428     
   442.00000000000000        55.472755053098389     
   443.00000000000000        55.720800295741199     
   444.00000000000000        55.997327285463847     
   445.00000000000000        56.286714873316100     
   446.00000000000000        56.592836911630229     
   447.00000000000000        56.897635752231714     
   448.00000000000000        57.170913341116020     
   449.00000000000000        57.426809845046414     
   450.00000000000000        57.684714763253865     
   451.00000000000000        57.945348309825874     
   452.00000000000000        58.218541175421699     
   453.00000000000000        58.497389672337270     
   454.00000000000000        58.767390121596641     
   455.00000000000000        59.013976391803396     
   456.00000000000000        59.242008116552185     
   457.00000000000000        59.477895408414305     
   458.00000000000000        59.706498558753907     
   459.00000000000000        59.920842564074739     
   460.00000000000000        60.166307255915171     
   461.00000000000000        60.416125036836767     
   462.00000000000000        60.680630340436672     
   463.00000000000000        60.941565137007473     
   464.00000000000000        61.188906340066296     
   465.00000000000000        61.422990366045504     
   466.00000000000000        61.666021734315628     
   467.00000000000000        61.916246924500427     
   468.00000000000000        62.182681424310275     
   469.00000000000000        62.468240119833013     
   470.00000000000000        62.757350375649963     
   471.00000000000000        63.017026066573024     
   472.00000000000000        63.281229093604090     
   473.00000000000000        63.530667703845445     
   474.00000000000000        63.765956910096648     
   475.00000000000000        64.005364865872835     
   476.00000000000000        64.261458289802619     
   477.00000000000000        64.510716383713245     
   478.00000000000000        64.766882430725303     
   479.00000000000000        65.062009100204136     
   480.00000000000000        65.375324320245895     
   481.00000000000000        65.683498688086701     
   482.00000000000000        65.961484943016742     
   483.00000000000000        66.225266680957915     
   484.00000000000000        66.473291422582420     
   485.00000000000000        66.726162931644055     
   486.00000000000000        66.995845561841364     
   487.00000000000000        67.276241015284299     
   488.00000000000000        67.572397963796462     
   489.00000000000000        67.846752291827741     
   490.00000000000000        68.138807265986472     
   491.00000000000000        68.436714042460736     
   492.00000000000000        68.702217025052050     
   493.00000000000000        68.960849553543596     
   494.00000000000000        69.193918465195964     
   495.00000000000000        69.424501190697256     
   496.00000000000000        69.669470893245077     
   497.00000000000000        69.923097036240634     
   498.00000000000000        70.194557054259420     
   499.00000000000000        70.499200571617394     
   500.00000000000000        70.841412281927745     
   501.00000000000000        71.171058149540798     
