   1.0000000000000000        5.3668029678115281E-004
   2.0000000000000000        1.8381160741879996E-003
   3.0000000000000000        3.7594765299717040E-003
   4.0000000000000000        6.2917663921161276E-003
   5.0000000000000000        9.4425319779017254E-003
   6.0000000000000000        1.3217852541077940E-002
   7.0000000000000000        1.7575639123899253E-002
   8.0000000000000000        2.2493946575258272E-002
   9.0000000000000000        2.8082923477888030E-002
   10.000000000000000        3.4399184332775556E-002
   11.000000000000000        4.1440464802659435E-002
   12.000000000000000        4.8950333834856953E-002
   13.000000000000000        5.7108562283885798E-002
   14.000000000000000        6.5927505094107205E-002
   15.000000000000000        7.4932290859828998E-002
   16.000000000000000        8.5108965061079928E-002
   17.000000000000000        9.5345624190153286E-002
   18.000000000000000       0.10651270334708492     
   19.000000000000000       0.11845437853773669     
   20.000000000000000       0.13143589467801431     
   21.000000000000000       0.14442533345523206     
   22.000000000000000       0.15855433902703664     
   23.000000000000000       0.17341041835688711     
   24.000000000000000       0.18907908827080552     
   25.000000000000000       0.20522059068890230     
   26.000000000000000       0.22110477820357646     
   27.000000000000000       0.23817062977941100     
   28.000000000000000       0.25629893189673003     
   29.000000000000000       0.27474721903721511     
   30.000000000000000       0.29447109022373646     
   31.000000000000000       0.31429130598708760     
   32.000000000000000       0.33453044331612575     
   33.000000000000000       0.35529919624516243     
   34.000000000000000       0.37742263918283492     
   35.000000000000000       0.40019896693929513     
   36.000000000000000       0.42257772137767546     
   37.000000000000000       0.44569004976484011     
   38.000000000000000       0.46851959228429629     
   39.000000000000000       0.49295554618519405     
   40.000000000000000       0.51722501779039809     
   41.000000000000000       0.54409112704886142     
   42.000000000000000       0.56986273297223133     
   43.000000000000000       0.59569782185387932     
   44.000000000000000       0.62400050725891620     
   45.000000000000000       0.65425350218919187     
   46.000000000000000       0.68297708158833847     
   47.000000000000000       0.71106118877192515     
   48.000000000000000       0.74064294682597764     
   49.000000000000000       0.77195395548330414     
   50.000000000000000       0.80553278238716053     
   51.000000000000000       0.83550570672358526     
   52.000000000000000       0.86686103323274188     
   53.000000000000000       0.90123968389551312     
   54.000000000000000       0.93567565889112347     
   55.000000000000000       0.97036089211252441     
   56.000000000000000        1.0064402912414305     
   57.000000000000000        1.0434112153683697     
   58.000000000000000        1.0808060594302116     
   59.000000000000000        1.1188170189926014     
   60.000000000000000        1.1561852193585564     
   61.000000000000000        1.1940894524957979     
   62.000000000000000        1.2357152272344201     
   63.000000000000000        1.2756367815995560     
   64.000000000000000        1.3139489466872847     
   65.000000000000000        1.3522014344334223     
   66.000000000000000        1.3958412489594321     
   67.000000000000000        1.4367527813170076     
   68.000000000000000        1.4788750475666517     
   69.000000000000000        1.5214315181880234     
   70.000000000000000        1.5688482283962502     
   71.000000000000000        1.6168852472087283     
   72.000000000000000        1.6656567798765500     
   73.000000000000000        1.7135669628855352     
   74.000000000000000        1.7587245605104376     
   75.000000000000000        1.8031018285787286     
   76.000000000000000        1.8522632681500113     
   77.000000000000000        1.9058985900474292     
   78.000000000000000        1.9540965558888368     
   79.000000000000000        2.0037678441037343     
   80.000000000000000        2.0532031887150000     
   81.000000000000000        2.1045952205393132     
   82.000000000000000        2.1556590114266387     
   83.000000000000000        2.2086118230723688     
   84.000000000000000        2.2606158268940937     
   85.000000000000000        2.3086513287084927     
   86.000000000000000        2.3614211521347408     
   87.000000000000000        2.4185298434393685     
   88.000000000000000        2.4766516101245823     
   89.000000000000000        2.5334808260547796     
   90.000000000000000        2.5927291168980964     
   91.000000000000000        2.6543311437086037     
   92.000000000000000        2.7135180252711559     
   93.000000000000000        2.7761886801610740     
   94.000000000000000        2.8342976434833194     
   95.000000000000000        2.8885429856297944     
   96.000000000000000        2.9488544510818961     
   97.000000000000000        3.0109711925962244     
   98.000000000000000        3.0729063849152589     
   99.000000000000000        3.1364867294837433     
   100.00000000000000        3.1986515631373895     
   101.00000000000000        3.2619634058936571     
   102.00000000000000        3.3294133320852621     
   103.00000000000000        3.3938623447440048     
   104.00000000000000        3.4599900525070009     
   105.00000000000000        3.5239602880962866     
   106.00000000000000        3.5917028788685830     
   107.00000000000000        3.6552398549595209     
   108.00000000000000        3.7199125735521630     
   109.00000000000000        3.7921197863649594     
   110.00000000000000        3.8584010960322028     
   111.00000000000000        3.9264088051844275     
   112.00000000000000        3.9990868017324996     
   113.00000000000000        4.0702960189098771     
   114.00000000000000        4.1423392539173181     
   115.00000000000000        4.2138982059619776     
   116.00000000000000        4.2823704200293378     
   117.00000000000000        4.3523946929290247     
   118.00000000000000        4.4254083494617742     
   119.00000000000000        4.4970669838768158     
   120.00000000000000        4.5711367977486352     
   121.00000000000000        4.6457940835456313     
   122.00000000000000        4.7146203402734121     
   123.00000000000000        4.7890561860455838     
   124.00000000000000        4.8648216892500091     
   125.00000000000000        4.9353901649865612     
   126.00000000000000        5.0088872530940689     
   127.00000000000000        5.0879785975017295     
   128.00000000000000        5.1682269488617090     
   129.00000000000000        5.2478953709343523     
   130.00000000000000        5.3303996956363964     
   131.00000000000000        5.4234572610507152     
   132.00000000000000        5.5127181086452719     
   133.00000000000000        5.6025531112964071     
   134.00000000000000        5.6887050939358232     
   135.00000000000000        5.7714478818633967     
   136.00000000000000        5.8583298865432605     
   137.00000000000000        5.9470333013570364     
   138.00000000000000        6.0303326953214222     
   139.00000000000000        6.1112143241398487     
   140.00000000000000        6.1867044400780484     
   141.00000000000000        6.2719050305312516     
   142.00000000000000        6.3641485927891885     
   143.00000000000000        6.4581344043396554     
   144.00000000000000        6.5507450050257461     
   145.00000000000000        6.6455013652421711     
   146.00000000000000        6.7358809824107810     
   147.00000000000000        6.8297820243720064     
   148.00000000000000        6.9197867248410523     
   149.00000000000000        7.0204444859837158     
   150.00000000000000        7.1107351377480388     
   151.00000000000000        7.1993279006790480     
   152.00000000000000        7.2933420981134800     
   153.00000000000000        7.3820126712897691     
   154.00000000000000        7.4705734554030760     
   155.00000000000000        7.5657193590308180     
   156.00000000000000        7.6550068613268714     
   157.00000000000000        7.7574579347335026     
   158.00000000000000        7.8621295747445705     
   159.00000000000000        7.9627010963928004     
   160.00000000000000        8.0664209198530887     
   161.00000000000000        8.1694813271405309     
   162.00000000000000        8.2686263302370442     
   163.00000000000000        8.3668053668563989     
   164.00000000000000        8.4621133324401150     
   165.00000000000000        8.5624252357774164     
   166.00000000000000        8.6608902549655937     
   167.00000000000000        8.7686856301298519     
   168.00000000000000        8.8734884158561300     
   169.00000000000000        8.9775371898582588     
   170.00000000000000        9.0794223903606461     
   171.00000000000000        9.1694621906134106     
   172.00000000000000        9.2742606415309208     
   173.00000000000000        9.3816543852964962     
   174.00000000000000        9.4841894182803514     
   175.00000000000000        9.5864353961650757     
   176.00000000000000        9.6860388908603987     
   177.00000000000000        9.7987733871854275     
   178.00000000000000        9.9087045176175028     
   179.00000000000000        10.023837274560963     
   180.00000000000000        10.143566124368791     
   181.00000000000000        10.267273239705792     
   182.00000000000000        10.373901421942511     
   183.00000000000000        10.469035620788143     
   184.00000000000000        10.578803820498258     
   185.00000000000000        10.685755144805336     
   186.00000000000000        10.793547863706170     
   187.00000000000000        10.917519476685850     
   188.00000000000000        11.038699010979222     
   189.00000000000000        11.156716161507752     
   190.00000000000000        11.279282363421764     
   191.00000000000000        11.408181648020658     
   192.00000000000000        11.514573516954519     
   193.00000000000000        11.647173420153539     
   194.00000000000000        11.782943689091661     
   195.00000000000000        11.899613561259315     
   196.00000000000000        12.017862466369170     
   197.00000000000000        12.151828361004528     
   198.00000000000000        12.279345025176440     
   199.00000000000000        12.390415647376708     
   200.00000000000000        12.522912454909571     
   201.00000000000000        12.655013352693597     
   202.00000000000000        12.794271751558384     
   203.00000000000000        12.937586194063142     
   204.00000000000000        13.067860223371129     
   205.00000000000000        13.199803302139467     
   206.00000000000000        13.322964821521234     
   207.00000000000000        13.450300182563151     
   208.00000000000000        13.578696483798568     
   209.00000000000000        13.711119010845987     
   210.00000000000000        13.844153140541341     
   211.00000000000000        13.984300963718246     
   212.00000000000000        14.116038869207017     
   213.00000000000000        14.261683109426187     
   214.00000000000000        14.402849778400553     
   215.00000000000000        14.531770816807096     
   216.00000000000000        14.660104027223444     
   217.00000000000000        14.810456498996430     
   218.00000000000000        14.950801674005108     
   219.00000000000000        15.088763701883964     
   220.00000000000000        15.232142962220415     
   221.00000000000000        15.357151571467991     
   222.00000000000000        15.502035421195622     
   223.00000000000000        15.645517091649078     
   224.00000000000000        15.789837803969535     
   225.00000000000000        15.936368214267265     
   226.00000000000000        16.072154650632729     
   227.00000000000000        16.209567185966943     
   228.00000000000000        16.362811314593653     
   229.00000000000000        16.505224255821229     
   230.00000000000000        16.641630297401562     
   231.00000000000000        16.789310700857307     
   232.00000000000000        16.961606792625417     
   233.00000000000000        17.112981331816471     
   234.00000000000000        17.281065514809580     
   235.00000000000000        17.434676854543198     
   236.00000000000000        17.587257407820431     
   237.00000000000000        17.742605386577260     
   238.00000000000000        17.911202490420724     
   239.00000000000000        18.068075419504240     
   240.00000000000000        18.219075641062407     
   241.00000000000000        18.387145969627497     
   242.00000000000000        18.550497032951913     
   243.00000000000000        18.719132336529373     
   244.00000000000000        18.886614235537394     
   245.00000000000000        19.068112653624507     
   246.00000000000000        19.256601857782918     
   247.00000000000000        19.426621930791516     
   248.00000000000000        19.590325118557502     
   249.00000000000000        19.757485384842170     
   250.00000000000000        19.932051881897884     
   251.00000000000000        20.124338736903461     
   252.00000000000000        20.305212421368701     
   253.00000000000000        20.474891527417579     
   254.00000000000000        20.654733601443475     
   255.00000000000000        20.850695567057670     
   256.00000000000000        21.051210102617762     
   257.00000000000000        21.271669944003282     
   258.00000000000000        21.460611174367799     
   259.00000000000000        21.625174332164438     
   260.00000000000000        21.823162260020769     
   261.00000000000000        21.992605892164804     
   262.00000000000000        22.163758893407312     
   263.00000000000000        22.356045330490762     
   264.00000000000000        22.514629532232284     
   265.00000000000000        22.684293880249381     
   266.00000000000000        22.862955401361887     
   267.00000000000000        23.048134517004048     
   268.00000000000000        23.234879625852738     
   269.00000000000000        23.430844151770856     
   270.00000000000000        23.589567327131821     
   271.00000000000000        23.761377051889390     
   272.00000000000000        23.943812557094766     
   273.00000000000000        24.121281913266568     
   274.00000000000000        24.304769069026023     
   275.00000000000000        24.488275411009322     
   276.00000000000000        24.664417469814541     
   277.00000000000000        24.853086515352580     
   278.00000000000000        25.038070086500650     
   279.00000000000000        25.234298134541913     
   280.00000000000000        25.433727480046159     
   281.00000000000000        25.626567442474997     
   282.00000000000000        25.800774089909567     
   283.00000000000000        25.992785798245293     
   284.00000000000000        26.195998641491816     
   285.00000000000000        26.398011231238804     
   286.00000000000000        26.590464641605404     
   287.00000000000000        26.783300626968352     
   288.00000000000000        26.975617834824384     
   289.00000000000000        27.142740215184798     
   290.00000000000000        27.302027573776321     
   291.00000000000000        27.484868675208702     
   292.00000000000000        27.679762133816883     
   293.00000000000000        27.875730195899845     
   294.00000000000000        28.059708821170172     
   295.00000000000000        28.236483267068479     
   296.00000000000000        28.432616789620454     
   297.00000000000000        28.664578497507236     
   298.00000000000000        28.886467163685897     
   299.00000000000000        29.075296128682545     
   300.00000000000000        29.269066422322666     
   301.00000000000000        29.459450035805670     
   302.00000000000000        29.636965382063128     
   303.00000000000000        29.823813696936476     
   304.00000000000000        30.014905989275771     
   305.00000000000000        30.212984043788186     
   306.00000000000000        30.447373006984140     
   307.00000000000000        30.638820054770090     
   308.00000000000000        30.826608153269287     
   309.00000000000000        31.003459787293110     
   310.00000000000000        31.185861701692446     
   311.00000000000000        31.404070523281856     
   312.00000000000000        31.603303278788268     
   313.00000000000000        31.814592499837094     
   314.00000000000000        32.005358404004625     
   315.00000000000000        32.187776363325085     
   316.00000000000000        32.408641278742813     
   317.00000000000000        32.647225866844892     
   318.00000000000000        32.887083906951005     
   319.00000000000000        33.143367621544776     
   320.00000000000000        33.386526438305381     
   321.00000000000000        33.616678593651955     
   322.00000000000000        33.832608733340344     
   323.00000000000000        34.037916704075599     
   324.00000000000000        34.238243779252485     
   325.00000000000000        34.462716340575739     
   326.00000000000000        34.696633626469669     
   327.00000000000000        34.875482456539679     
   328.00000000000000        35.044550465428941     
   329.00000000000000        35.234685991277416     
   330.00000000000000        35.434538925847647     
   331.00000000000000        35.657000548037963     
   332.00000000000000        35.909991351888962     
   333.00000000000000        36.151059633940058     
   334.00000000000000        36.397488025505666     
   335.00000000000000        36.666765695975336     
   336.00000000000000        36.906587879422808     
   337.00000000000000        37.142293499685799     
   338.00000000000000        37.357854537283096     
   339.00000000000000        37.568572329992051     
   340.00000000000000        37.774844046432513     
   341.00000000000000        38.008382629503636     
   342.00000000000000        38.225629805055213     
   343.00000000000000        38.430833221140297     
   344.00000000000000        38.632188758131377     
   345.00000000000000        38.868626827328058     
   346.00000000000000        39.133603991830483     
   347.00000000000000        39.357334991756808     
   348.00000000000000        39.557914931812292     
   349.00000000000000        39.807064750991323     
   350.00000000000000        40.077904512867022     
   351.00000000000000        40.348751044535923     
   352.00000000000000        40.608382643596038     
   353.00000000000000        40.857853950966074     
   354.00000000000000        41.141527662382195     
   355.00000000000000        41.430777534491220     
   356.00000000000000        41.699985179241146     
   357.00000000000000        41.936086585659453     
   358.00000000000000        42.176651949853316     
   359.00000000000000        42.411453073887813     
   360.00000000000000        42.649902109449293     
   361.00000000000000        42.923017241338144     
   362.00000000000000        43.200581221984983     
   363.00000000000000        43.455594229962358     
   364.00000000000000        43.731758491855103     
   365.00000000000000        44.019176261029848     
   366.00000000000000        44.319999644635388     
   367.00000000000000        44.566772106591138     
   368.00000000000000        44.784988888891966     
   369.00000000000000        45.022428644639326     
   370.00000000000000        45.309430821288984     
   371.00000000000000        45.568813939638403     
   372.00000000000000        45.864034126999435     
   373.00000000000000        46.169437855003082     
   374.00000000000000        46.426958134476770     
   375.00000000000000        46.717296392369647     
   376.00000000000000        46.975711942319712     
   377.00000000000000        47.205518628642068     
   378.00000000000000        47.479756637423328     
   379.00000000000000        47.751456187978626     
   380.00000000000000        48.028248128370137     
   381.00000000000000        48.294768863353795     
   382.00000000000000        48.554055189537117     
   383.00000000000000        48.791466873992242     
   384.00000000000000        49.037186689238574     
   385.00000000000000        49.314249577664455     
   386.00000000000000        49.564885424481368     
   387.00000000000000        49.860770577466674     
   388.00000000000000        50.114057704463740     
   389.00000000000000        50.382071053532464     
   390.00000000000000        50.679229026806681     
   391.00000000000000        50.950048092511537     
   392.00000000000000        51.217251624386193     
   393.00000000000000        51.479447537123896     
   394.00000000000000        51.719858603249762     
   395.00000000000000        51.981454601978839     
   396.00000000000000        52.259417478650327     
   397.00000000000000        52.567755632071226     
   398.00000000000000        52.891768254077448     
   399.00000000000000        53.219146402109871     
   400.00000000000000        53.579444681544985     
   401.00000000000000        53.902953337207379     
   402.00000000000000        54.211903676872858     
   403.00000000000000        54.541597642453397     
   404.00000000000000        54.862779815097568     
   405.00000000000000        55.173674095063461     
   406.00000000000000        55.481532430394900     
   407.00000000000000        55.795211118397816     
   408.00000000000000        56.109598645879828     
   409.00000000000000        56.418474616681245     
   410.00000000000000        56.711635097205111     
   411.00000000000000        56.989023023850869     
   412.00000000000000        57.266217470884953     
   413.00000000000000        57.499953198719979     
   414.00000000000000        57.726333625770799     
   415.00000000000000        57.946115258001448     
   416.00000000000000        58.223877688122698     
   417.00000000000000        58.499306108359654     
   418.00000000000000        58.757710218501963     
   419.00000000000000        59.071843532411286     
   420.00000000000000        59.366573649296569     
   421.00000000000000        59.633137073304219     
   422.00000000000000        59.887814007043758     
   423.00000000000000        60.128368258846315     
   424.00000000000000        60.395180207345803     
   425.00000000000000        60.642884820789142     
   426.00000000000000        60.861916920431881     
   427.00000000000000        61.153046282202411     
   428.00000000000000        61.443700197657847     
   429.00000000000000        61.707741106574133     
   430.00000000000000        61.983582140469295     
   431.00000000000000        62.281892809114815     
   432.00000000000000        62.542445315869458     
   433.00000000000000        62.820708030349294     
   434.00000000000000        63.110185067447837     
   435.00000000000000        63.377166910576783     
   436.00000000000000        63.655532973558500     
   437.00000000000000        63.918915959836312     
   438.00000000000000        64.189052980127045     
   439.00000000000000        64.459394151991731     
   440.00000000000000        64.713014564396929     
   441.00000000000000        64.979819501570091     
   442.00000000000000        65.296216443375727     
   443.00000000000000        65.629908401163902     
   444.00000000000000        65.933624812425990     
   445.00000000000000        66.222257083850863     
   446.00000000000000        66.525622926735196     
   447.00000000000000        66.860086562289752     
   448.00000000000000        67.129453580626887     
   449.00000000000000        67.430051224062808     
   450.00000000000000        67.788359316342380     
   451.00000000000000        68.051176919751668     
   452.00000000000000        68.300732327203718     
   453.00000000000000        68.616509125208694     
   454.00000000000000        68.898770690428080     
   455.00000000000000        69.190905458301742     
   456.00000000000000        69.482851097193631     
   457.00000000000000        69.724822806061141     
   458.00000000000000        69.947088501050658     
   459.00000000000000        70.185052560774849     
   460.00000000000000        70.449537828269968     
   461.00000000000000        70.758660395906674     
   462.00000000000000        71.042597728821903     
   463.00000000000000        71.312391906560350     
   464.00000000000000        71.588217110322390     
   465.00000000000000        71.893871691977310     
   466.00000000000000        72.187714206476400     
   467.00000000000000        72.506398282458150     
   468.00000000000000        72.830013527339887     
   469.00000000000000        73.104729853484841     
   470.00000000000000        73.393768180884848     
   471.00000000000000        73.721654694957437     
   472.00000000000000        74.040966020661415     
   473.00000000000000        74.382319354095713     
   474.00000000000000        74.710367728205256     
   475.00000000000000        75.017623600471723     
   476.00000000000000        75.310717339333081     
   477.00000000000000        75.566492110632154     
   478.00000000000000        75.887624763484169     
   479.00000000000000        76.300037245814266     
   480.00000000000000        76.691820728837598     
   481.00000000000000        77.070067159021164     
   482.00000000000000        77.412498924001213     
   483.00000000000000        77.750481106205640     
   484.00000000000000        78.102855790912386     
   485.00000000000000        78.450481734804370     
   486.00000000000000        78.773327630795663     
   487.00000000000000        79.049607115894020     
   488.00000000000000        79.394405717708736     
   489.00000000000000        79.743334172425421     
   490.00000000000000        80.071775743278479     
   491.00000000000000        80.380937156441334     
   492.00000000000000        80.704350529129073     
   493.00000000000000        81.018916129176631     
   494.00000000000000        81.277847512345602     
   495.00000000000000        81.564144144372250     
   496.00000000000000        81.880127290848222     
   497.00000000000000        82.187585609326320     
   498.00000000000000        82.537086461196225     
   499.00000000000000        82.911858241895288     
   500.00000000000000        83.263325180103749     
   501.00000000000000        83.628553605144717     
