   1.0000000000000000        3.2190531770890784E-004
   2.0000000000000000        1.2166450282897650E-003
   3.0000000000000000        2.6682878046592725E-003
   4.0000000000000000        4.6504239114096438E-003
   5.0000000000000000        7.1919250361085676E-003
   6.0000000000000000        1.0316639778270631E-002
   7.0000000000000000        1.4005962602182285E-002
   8.0000000000000000        1.8239256530445142E-002
   9.0000000000000000        2.3029635163839813E-002
   10.000000000000000        2.8370486004656664E-002
   11.000000000000000        3.4267461648132928E-002
   12.000000000000000        4.0758308916071385E-002
   13.000000000000000        4.7951086100249660E-002
   14.000000000000000        5.5586897052206569E-002
   15.000000000000000        6.3882309302060084E-002
   16.000000000000000        7.2493643085397311E-002
   17.000000000000000        8.1762994207008818E-002
   18.000000000000000        9.1752541428074694E-002
   19.000000000000000       0.10228908148839097     
   20.000000000000000       0.11333461844803200     
   21.000000000000000       0.12521311819250888     
   22.000000000000000       0.13770756854215818     
   23.000000000000000       0.15084133183443535     
   24.000000000000000       0.16488309868981701     
   25.000000000000000       0.17916095571994006     
   26.000000000000000       0.19406068745169408     
   27.000000000000000       0.20959793342478780     
   28.000000000000000       0.22574957619717129     
   29.000000000000000       0.24257399490758857     
   30.000000000000000       0.26001369919305511     
   31.000000000000000       0.27783439478714034     
   32.000000000000000       0.29611761759033089     
   33.000000000000000       0.31489817190551228     
   34.000000000000000       0.33418120789522904     
   35.000000000000000       0.35436129928790178     
   36.000000000000000       0.37489747594211981     
   37.000000000000000       0.39606621729986041     
   38.000000000000000       0.41703291549826671     
   39.000000000000000       0.43840098873278555     
   40.000000000000000       0.46053710121377522     
   41.000000000000000       0.48326507342369307     
   42.000000000000000       0.50631776934544281     
   43.000000000000000       0.53087669301310392     
   44.000000000000000       0.55643322297544107     
   45.000000000000000       0.58187167890198310     
   46.000000000000000       0.60774666249772891     
   47.000000000000000       0.63530001825381444     
   48.000000000000000       0.66309204866209071     
   49.000000000000000       0.69053066912758487     
   50.000000000000000       0.71748040923382239     
   51.000000000000000       0.74613264080813213     
   52.000000000000000       0.77645307644957784     
   53.000000000000000       0.80715336078956257     
   54.000000000000000       0.83738698516681909     
   55.000000000000000       0.86816493514894966     
   56.000000000000000       0.89891341830966820     
   57.000000000000000       0.93094785885154829     
   58.000000000000000       0.96385072874130784     
   59.000000000000000       0.99760457572170491     
   60.000000000000000        1.0329039220387570     
   61.000000000000000        1.0683457584395504     
   62.000000000000000        1.1038969012849875     
   63.000000000000000        1.1406504313550785     
   64.000000000000000        1.1784870683375532     
   65.000000000000000        1.2165121735718403     
   66.000000000000000        1.2537698679296168     
   67.000000000000000        1.2937603897093837     
   68.000000000000000        1.3345403185726745     
   69.000000000000000        1.3747962352517500     
   70.000000000000000        1.4159281794053122     
   71.000000000000000        1.4604594750685738     
   72.000000000000000        1.5031948843661136     
   73.000000000000000        1.5447551041971506     
   74.000000000000000        1.5870863463242546     
   75.000000000000000        1.6299469289260400     
   76.000000000000000        1.6727460264607008     
   77.000000000000000        1.7171620459209520     
   78.000000000000000        1.7646352657990783     
   79.000000000000000        1.8124754902376758     
   80.000000000000000        1.8609835866474276     
   81.000000000000000        1.9091443448916929     
   82.000000000000000        1.9567285133418051     
   83.000000000000000        2.0049479911868628     
   84.000000000000000        2.0536317518090565     
   85.000000000000000        2.1024395577321084     
   86.000000000000000        2.1503464170250139     
   87.000000000000000        2.1987682654599112     
   88.000000000000000        2.2504486074546213     
   89.000000000000000        2.3051843179014941     
   90.000000000000000        2.3567397113687512     
   91.000000000000000        2.4091272925598268     
   92.000000000000000        2.4634452738344432     
   93.000000000000000        2.5171830114937208     
   94.000000000000000        2.5709194975396721     
   95.000000000000000        2.6266727931456320     
   96.000000000000000        2.6842420319355003     
   97.000000000000000        2.7407741527788323     
   98.000000000000000        2.7984709514815438     
   99.000000000000000        2.8542367266688031     
   100.00000000000000        2.9084342220097010     
   101.00000000000000        2.9685015715661076     
   102.00000000000000        3.0284560364859399     
   103.00000000000000        3.0858052088259575     
   104.00000000000000        3.1400856480811332     
   105.00000000000000        3.1981126529925037     
   106.00000000000000        3.2562667998018862     
   107.00000000000000        3.3116407318073739     
   108.00000000000000        3.3694927656529177     
   109.00000000000000        3.4300269608074938     
   110.00000000000000        3.4933017677379055     
   111.00000000000000        3.5574324614325930     
   112.00000000000000        3.6239975650523184     
   113.00000000000000        3.6917696909146094     
   114.00000000000000        3.7575942704000154     
   115.00000000000000        3.8235684002630550     
   116.00000000000000        3.8914822902911963     
   117.00000000000000        3.9602269200315696     
   118.00000000000000        4.0295253497009913     
   119.00000000000000        4.0954127525383148     
   120.00000000000000        4.1634141656358974     
   121.00000000000000        4.2327237174277803     
   122.00000000000000        4.2978250197263286     
   123.00000000000000        4.3622542535414972     
   124.00000000000000        4.4286666412571094     
   125.00000000000000        4.4992297153102223     
   126.00000000000000        4.5677187776818000     
   127.00000000000000        4.6390527357135731     
   128.00000000000000        4.7131552190760244     
   129.00000000000000        4.7866461800167590     
   130.00000000000000        4.8571075238129708     
   131.00000000000000        4.9320123250129839     
   132.00000000000000        5.0102522942362064     
   133.00000000000000        5.0880874984232163     
   134.00000000000000        5.1700362309620234     
   135.00000000000000        5.2504006245291617     
   136.00000000000000        5.3296069961277954     
   137.00000000000000        5.4097262109882633     
   138.00000000000000        5.4857531910433224     
   139.00000000000000        5.5633128485414334     
   140.00000000000000        5.6450604470291310     
   141.00000000000000        5.7243303983638407     
   142.00000000000000        5.8013087255666438     
   143.00000000000000        5.8786778670657220     
   144.00000000000000        5.9611854682696208     
   145.00000000000000        6.0481224028819964     
   146.00000000000000        6.1312382353030266     
   147.00000000000000        6.2119789369498033     
   148.00000000000000        6.2964766982320342     
   149.00000000000000        6.3794748614708885     
   150.00000000000000        6.4583630225987481     
   151.00000000000000        6.5346597936047424     
   152.00000000000000        6.6151692059924594     
   153.00000000000000        6.6941996268906383     
   154.00000000000000        6.7800053094698347     
   155.00000000000000        6.8669474482169726     
   156.00000000000000        6.9542734620133748     
   157.00000000000000        7.0476458167372344     
   158.00000000000000        7.1372233950441446     
   159.00000000000000        7.2296873492660190     
   160.00000000000000        7.3288080922037366     
   161.00000000000000        7.4248598492592270     
   162.00000000000000        7.5172202946255071     
   163.00000000000000        7.6122038000534102     
   164.00000000000000        7.7089270179979232     
   165.00000000000000        7.8070983813911976     
   166.00000000000000        7.9145025474091160     
   167.00000000000000        8.0144185825984291     
   168.00000000000000        8.1124731850392120     
   169.00000000000000        8.2122112399181706     
   170.00000000000000        8.3071329790362149     
   171.00000000000000        8.4038093300982535     
   172.00000000000000        8.4991742643980146     
   173.00000000000000        8.5963302620501914     
   174.00000000000000        8.6952715835995491     
   175.00000000000000        8.7937078646006448     
   176.00000000000000        8.8884446457346247     
   177.00000000000000        8.9892048693280469     
   178.00000000000000        9.0950813245107156     
   179.00000000000000        9.1893943510277865     
   180.00000000000000        9.2890534159960989     
   181.00000000000000        9.3921936694108084     
   182.00000000000000        9.4960535774856947     
   183.00000000000000        9.6014338656160003     
   184.00000000000000        9.7063545370612658     
   185.00000000000000        9.8223678470175617     
   186.00000000000000        9.9297074652856452     
   187.00000000000000        10.034939137869745     
   188.00000000000000        10.145128304517895     
   189.00000000000000        10.253052868042898     
   190.00000000000000        10.368149936800439     
   191.00000000000000        10.485920895605155     
   192.00000000000000        10.602211734298447     
   193.00000000000000        10.711377385034460     
   194.00000000000000        10.819635197116941     
   195.00000000000000        10.935282174410188     
   196.00000000000000        11.049906498839025     
   197.00000000000000        11.169032859842671     
   198.00000000000000        11.288831817828013     
   199.00000000000000        11.411054756229763     
   200.00000000000000        11.529900565076085     
   201.00000000000000        11.646198179002473     
   202.00000000000000        11.765892707144424     
   203.00000000000000        11.874970031425105     
   204.00000000000000        11.982796354105174     
   205.00000000000000        12.104570320238448     
   206.00000000000000        12.223792752084078     
   207.00000000000000        12.344594338829005     
   208.00000000000000        12.457181581320198     
   209.00000000000000        12.566079203938141     
   210.00000000000000        12.690887880312184     
   211.00000000000000        12.812680973429599     
   212.00000000000000        12.944609367213467     
   213.00000000000000        13.071338899082001     
   214.00000000000000        13.193871602928693     
   215.00000000000000        13.325922325955412     
   216.00000000000000        13.464538133943151     
   217.00000000000000        13.601560631026425     
   218.00000000000000        13.741467981963247     
   219.00000000000000        13.867495457210124     
   220.00000000000000        14.001149174701148     
   221.00000000000000        14.127931249522170     
   222.00000000000000        14.256246184250411     
   223.00000000000000        14.394797500220504     
   224.00000000000000        14.531475124853062     
   225.00000000000000        14.669357580199856     
   226.00000000000000        14.805630028087471     
   227.00000000000000        14.940772657827962     
   228.00000000000000        15.085474261338469     
   229.00000000000000        15.219498573888725     
   230.00000000000000        15.354870832839719     
   231.00000000000000        15.496661887249029     
   232.00000000000000        15.646888563573340     
   233.00000000000000        15.798416387675388     
   234.00000000000000        15.956023463521912     
   235.00000000000000        16.120128545783029     
   236.00000000000000        16.273248441235385     
   237.00000000000000        16.404982886905110     
   238.00000000000000        16.539139562139937     
   239.00000000000000        16.687394061631984     
   240.00000000000000        16.827084343623049     
   241.00000000000000        16.959442986693059     
   242.00000000000000        17.090491098150185     
   243.00000000000000        17.241032210026844     
   244.00000000000000        17.408847026101672     
   245.00000000000000        17.560932897567756     
   246.00000000000000        17.713562283690848     
   247.00000000000000        17.864782951133300     
   248.00000000000000        18.026251789983775     
   249.00000000000000        18.192039736280680     
   250.00000000000000        18.362068154988396     
   251.00000000000000        18.539128505664294     
   252.00000000000000        18.720145757393251     
   253.00000000000000        18.898820514166346     
   254.00000000000000        19.077862472782211     
   255.00000000000000        19.265207702822849     
   256.00000000000000        19.458871947586040     
   257.00000000000000        19.641952211226354     
   258.00000000000000        19.818577295111847     
   259.00000000000000        19.984735171683351     
   260.00000000000000        20.147116716141852     
   261.00000000000000        20.303166838085637     
   262.00000000000000        20.460511886291776     
   263.00000000000000        20.617652932947035     
   264.00000000000000        20.777213103127288     
   265.00000000000000        20.926332063319101     
   266.00000000000000        21.088323891816554     
   267.00000000000000        21.250134356448136     
   268.00000000000000        21.407609444113433     
   269.00000000000000        21.569197855586374     
   270.00000000000000        21.732820464036283     
   271.00000000000000        21.891516287447246     
   272.00000000000000        22.068073951850902     
   273.00000000000000        22.232826444373647     
   274.00000000000000        22.397151523822959     
   275.00000000000000        22.552134039689296     
   276.00000000000000        22.715800925698979     
   277.00000000000000        22.887163434211850     
   278.00000000000000        23.054772574937012     
   279.00000000000000        23.215347690436545     
   280.00000000000000        23.387506963653866     
   281.00000000000000        23.576606275388624     
   282.00000000000000        23.766056597743088     
   283.00000000000000        23.966003862736802     
   284.00000000000000        24.173840794345498     
   285.00000000000000        24.366608740517965     
   286.00000000000000        24.550167545843202     
   287.00000000000000        24.720100454685845     
   288.00000000000000        24.882637267673747     
   289.00000000000000        25.046335579517670     
   290.00000000000000        25.205133038783821     
   291.00000000000000        25.369863033636307     
   292.00000000000000        25.547943266256553     
   293.00000000000000        25.729974831702371     
   294.00000000000000        25.897174930395060     
   295.00000000000000        26.075609810647560     
   296.00000000000000        26.259382485834241     
   297.00000000000000        26.440782271114362     
   298.00000000000000        26.611038499536058     
   299.00000000000000        26.791112176033678     
   300.00000000000000        26.962869270561185     
   301.00000000000000        27.138665943274287     
   302.00000000000000        27.315097187759875     
   303.00000000000000        27.482281326748584     
   304.00000000000000        27.648584578182952     
   305.00000000000000        27.826288991041466     
   306.00000000000000        28.001725233380224     
   307.00000000000000        28.178030693467520     
   308.00000000000000        28.377316896739899     
   309.00000000000000        28.563550387503895     
   310.00000000000000        28.742067098104602     
   311.00000000000000        28.920415891763312     
   312.00000000000000        29.089692723980395     
   313.00000000000000        29.240601426439234     
   314.00000000000000        29.407636121632947     
   315.00000000000000        29.577044091114058     
   316.00000000000000        29.760257861548521     
   317.00000000000000        29.965121162970298     
   318.00000000000000        30.172927637675674     
   319.00000000000000        30.374369318672443     
   320.00000000000000        30.567066155046728     
   321.00000000000000        30.787865073529851     
   322.00000000000000        30.989213169339333     
   323.00000000000000        31.176523997789893     
   324.00000000000000        31.370875475027411     
   325.00000000000000        31.565398198305680     
   326.00000000000000        31.741000396875162     
   327.00000000000000        31.901158873571489     
   328.00000000000000        32.055460989135227     
   329.00000000000000        32.203307377448823     
   330.00000000000000        32.364332832649325     
   331.00000000000000        32.547573225962367     
   332.00000000000000        32.744107225399034     
   333.00000000000000        32.953505267487408     
   334.00000000000000        33.187487068759687     
   335.00000000000000        33.413480728156344     
   336.00000000000000        33.639639226035726     
   337.00000000000000        33.841173764361891     
   338.00000000000000        34.055768985268301     
   339.00000000000000        34.268576589304907     
   340.00000000000000        34.469890715447669     
   341.00000000000000        34.670307572511895     
   342.00000000000000        34.878399102987238     
   343.00000000000000        35.077468626378860     
   344.00000000000000        35.275364951524146     
   345.00000000000000        35.494347861339669     
   346.00000000000000        35.735743129889961     
   347.00000000000000        35.960741334380494     
   348.00000000000000        36.179815634310607     
   349.00000000000000        36.385771327224759     
   350.00000000000000        36.627782116528010     
   351.00000000000000        36.900814646238615     
   352.00000000000000        37.159080367811320     
   353.00000000000000        37.417358737165834     
   354.00000000000000        37.673416387788691     
   355.00000000000000        37.904776693188602     
   356.00000000000000        38.140679253217073     
   357.00000000000000        38.394583756158319     
   358.00000000000000        38.636640461766738     
   359.00000000000000        38.867076965280454     
   360.00000000000000        39.089213723308845     
   361.00000000000000        39.332866561910770     
   362.00000000000000        39.575637411938573     
   363.00000000000000        39.848005352486631     
   364.00000000000000        40.137107079142787     
   365.00000000000000        40.406319115971513     
   366.00000000000000        40.653203331104521     
   367.00000000000000        40.864584041726104     
   368.00000000000000        41.093901667683838     
   369.00000000000000        41.321990162520542     
   370.00000000000000        41.575790399423468     
   371.00000000000000        41.830493633637325     
   372.00000000000000        42.077981742623692     
   373.00000000000000        42.326820999814380     
   374.00000000000000        42.590404430226613     
   375.00000000000000        42.808071457921422     
   376.00000000000000        43.014540025019997     
   377.00000000000000        43.262953210582694     
   378.00000000000000        43.517948993215256     
   379.00000000000000        43.797652746400111     
   380.00000000000000        44.094920744677992     
   381.00000000000000        44.409097368287057     
   382.00000000000000        44.713152886580183     
   383.00000000000000        44.988951122595800     
   384.00000000000000        45.228928235302206     
   385.00000000000000        45.444232364381293     
   386.00000000000000        45.681724824770143     
   387.00000000000000        45.934404618304377     
   388.00000000000000        46.176158704437000     
   389.00000000000000        46.408142087482879     
   390.00000000000000        46.649802786156762     
   391.00000000000000        46.910838080155685     
   392.00000000000000        47.165413649015690     
   393.00000000000000        47.408511131068934     
   394.00000000000000        47.628130446127123     
   395.00000000000000        47.868990431433325     
   396.00000000000000        48.155812504978414     
   397.00000000000000        48.461018555739336     
   398.00000000000000        48.781180158490052     
   399.00000000000000        49.116128404007306     
   400.00000000000000        49.437183975225238     
   401.00000000000000        49.746024589631340     
   402.00000000000000        50.011744409124056     
   403.00000000000000        50.278542812862206     
   404.00000000000000        50.522576122133906     
   405.00000000000000        50.789470599541609     
   406.00000000000000        51.085772812166759     
   407.00000000000000        51.364575775682951     
   408.00000000000000        51.611199717229169     
   409.00000000000000        51.893274315029750     
   410.00000000000000        52.187409799847501     
   411.00000000000000        52.452865733724863     
   412.00000000000000        52.704379972384253     
   413.00000000000000        52.939694456778234     
   414.00000000000000        53.171073287956816     
   415.00000000000000        53.422115077281930     
   416.00000000000000        53.695721318345925     
   417.00000000000000        53.947792314263282     
   418.00000000000000        54.209133540651472     
   419.00000000000000        54.493952097315237     
   420.00000000000000        54.763825800675619     
   421.00000000000000        55.037799393808655     
   422.00000000000000        55.304401884362413     
   423.00000000000000        55.562651692986243     
   424.00000000000000        55.786363999615702     
   425.00000000000000        55.987897969169076     
   426.00000000000000        56.221830579192805     
   427.00000000000000        56.490035002783273     
   428.00000000000000        56.744957129012306     
   429.00000000000000        56.982340987318153     
   430.00000000000000        57.243377759167053     
   431.00000000000000        57.516545081564090     
   432.00000000000000        57.764057616464626     
   433.00000000000000        58.023677335699354     
   434.00000000000000        58.248328842277694     
   435.00000000000000        58.473279908370174     
   436.00000000000000        58.734810554537134     
   437.00000000000000        58.998619602963053     
   438.00000000000000        59.222757149170853     
   439.00000000000000        59.432422391872194     
   440.00000000000000        59.647394206430391     
   441.00000000000000        59.883348417647980     
   442.00000000000000        60.151662204111638     
   443.00000000000000        60.452042024632718     
   444.00000000000000        60.730637579174704     
   445.00000000000000        61.006751512647377     
   446.00000000000000        61.306870484818702     
   447.00000000000000        61.594218660131098     
   448.00000000000000        61.903138512118595     
   449.00000000000000        62.190828674955178     
   450.00000000000000        62.466687176984351     
   451.00000000000000        62.752348765400903     
   452.00000000000000        63.034866495707561     
   453.00000000000000        63.318799803070164     
   454.00000000000000        63.604464844499411     
   455.00000000000000        63.880060492865468     
   456.00000000000000        64.127050640652570     
   457.00000000000000        64.347014288719691     
   458.00000000000000        64.588048016775119     
   459.00000000000000        64.868727111442851     
   460.00000000000000        65.126403823455547     
   461.00000000000000        65.377288992793467     
   462.00000000000000        65.656176757853856     
   463.00000000000000        65.896710195482527     
   464.00000000000000        66.150616427746513     
   465.00000000000000        66.403348832263717     
   466.00000000000000        66.681567090184203     
   467.00000000000000        66.962574058755649     
   468.00000000000000        67.235541703916539     
   469.00000000000000        67.535846821241648     
   470.00000000000000        67.826256553582780     
   471.00000000000000        68.120606393052583     
   472.00000000000000        68.399202896760670     
   473.00000000000000        68.666819089290854     
   474.00000000000000        68.928566949103754     
   475.00000000000000        69.206047201308863     
   476.00000000000000        69.485961487010158     
   477.00000000000000        69.789364943941322     
   478.00000000000000        70.093627192565108     
   479.00000000000000        70.400059183275374     
   480.00000000000000        70.729458719741700     
   481.00000000000000        71.044965310720883     
   482.00000000000000        71.316322396680079     
   483.00000000000000        71.599448630331494     
   484.00000000000000        71.879362994172965     
   485.00000000000000        72.163046549914341     
   486.00000000000000        72.431616629203617     
   487.00000000000000        72.739388192728455     
   488.00000000000000        73.074473739370063     
   489.00000000000000        73.380103370325784     
   490.00000000000000        73.713041822919209     
   491.00000000000000        74.040188620973282     
   492.00000000000000        74.357969479804723     
   493.00000000000000        74.677375010815567     
   494.00000000000000        74.978565939395381     
   495.00000000000000        75.272619678827382     
   496.00000000000000        75.548514502357875     
   497.00000000000000        75.786799066973771     
   498.00000000000000        76.055108347142692     
   499.00000000000000        76.339478106353056     
   500.00000000000000        76.698950856823060     
   501.00000000000000        77.059365381176931     
