   1.0000000000000000        3.1622287396069945E-004
   2.0000000000000000        6.5008368658995696E-004
   3.0000000000000000        9.8380173082635567E-004
   4.0000000000000000        1.3506785743025264E-003
   5.0000000000000000        1.7073913401768276E-003
   6.0000000000000000        2.0401146464487973E-003
   7.0000000000000000        2.3839876752587224E-003
   8.0000000000000000        2.7566935758463781E-003
   9.0000000000000000        3.1332165626888108E-003
   10.000000000000000        3.5525067774864758E-003
   11.000000000000000        3.9351527642953301E-003
   12.000000000000000        4.2945935523264669E-003
   13.000000000000000        4.6690561585936464E-003
   14.000000000000000        5.0230244448107916E-003
   15.000000000000000        5.3654540600779890E-003
   16.000000000000000        5.6763412422796517E-003
   17.000000000000000        6.0041120776825980E-003
   18.000000000000000        6.3337917160154284E-003
   19.000000000000000        6.6984192870262020E-003
   20.000000000000000        7.0596917990443644E-003
   21.000000000000000        7.3763392786823792E-003
   22.000000000000000        7.7560858102071238E-003
   23.000000000000000        8.1622132495368198E-003
   24.000000000000000        8.5364051105183674E-003
   25.000000000000000        8.8766465123596011E-003
   26.000000000000000        9.3151222973165398E-003
   27.000000000000000        9.6179023143884192E-003
   28.000000000000000        9.9071077772638055E-003
   29.000000000000000        1.0268215089690804E-002
   30.000000000000000        1.0535213606826228E-002
   31.000000000000000        1.0871754053527820E-002
   32.000000000000000        1.1286749516144633E-002
   33.000000000000000        1.1671560316622673E-002
   34.000000000000000        1.2122391472822496E-002
   35.000000000000000        1.2435805958337541E-002
   36.000000000000000        1.2796303829602364E-002
   37.000000000000000        1.3085397958764362E-002
   38.000000000000000        1.3476380418801028E-002
   39.000000000000000        1.4013849965898191E-002
   40.000000000000000        1.4390554639396272E-002
   41.000000000000000        1.4651887618928114E-002
   42.000000000000000        1.4925876774598234E-002
   43.000000000000000        1.5079916157981490E-002
   44.000000000000000        1.5468538485692303E-002
   45.000000000000000        1.5698009617246052E-002
   46.000000000000000        1.6027925113556222E-002
   47.000000000000000        1.6436650065065932E-002
   48.000000000000000        1.6897272985750531E-002
   49.000000000000000        1.7436848133329887E-002
   50.000000000000000        1.7660804665784145E-002
   51.000000000000000        1.7843376009494732E-002
   52.000000000000000        1.8164181147565458E-002
   53.000000000000000        1.8532778685881528E-002
   54.000000000000000        1.8902972647511805E-002
   55.000000000000000        1.9330493874430758E-002
   56.000000000000000        1.9688826768530468E-002
   57.000000000000000        2.0223433950447633E-002
   58.000000000000000        2.0621923683930055E-002
   59.000000000000000        2.1181220578079283E-002
   60.000000000000000        2.1531465001011593E-002
   61.000000000000000        2.1744254923896783E-002
   62.000000000000000        2.2166095115012111E-002
   63.000000000000000        2.2395743406058086E-002
   64.000000000000000        2.3073637482513686E-002
   65.000000000000000        2.3850597132496314E-002
   66.000000000000000        2.4312155047843013E-002
   67.000000000000000        2.4622543899873672E-002
   68.000000000000000        2.4575389186701178E-002
   69.000000000000000        2.4482659151824088E-002
   70.000000000000000        2.4549399941427883E-002
   71.000000000000000        2.5010138594018676E-002
   72.000000000000000        2.5543141224755303E-002
   73.000000000000000        2.6257700122019310E-002
   74.000000000000000        2.6744288380307017E-002
   75.000000000000000        2.7005372656918526E-002
   76.000000000000000        2.6993489363892027E-002
   77.000000000000000        2.7084758414675621E-002
   78.000000000000000        2.7293627763192232E-002
   79.000000000000000        2.7964169917878839E-002
   80.000000000000000        2.8455626094990086E-002
   81.000000000000000        2.8724256686976431E-002
   82.000000000000000        2.9033599059970171E-002
   83.000000000000000        2.9345134975456086E-002
   84.000000000000000        2.9573630908820512E-002
   85.000000000000000        3.0031305785194352E-002
   86.000000000000000        3.0513955350319161E-002
   87.000000000000000        3.0813409845002422E-002
   88.000000000000000        3.1124462989026425E-002
   89.000000000000000        3.1343415834080575E-002
   90.000000000000000        3.1887779000841013E-002
   91.000000000000000        3.2159993081520732E-002
   92.000000000000000        3.2325820910651205E-002
   93.000000000000000        3.2745155004608513E-002
   94.000000000000000        3.3310536637760804E-002
   95.000000000000000        3.3723942497592765E-002
   96.000000000000000        3.3799972879077218E-002
   97.000000000000000        3.4205009844443177E-002
   98.000000000000000        3.4231526875692579E-002
   99.000000000000000        3.4605093428170051E-002
   100.00000000000000        3.5213868017015197E-002
   101.00000000000000        3.5435953013514515E-002
   102.00000000000000        3.5763611565119285E-002
   103.00000000000000        3.6063595442268441E-002
   104.00000000000000        3.6275022929110251E-002
   105.00000000000000        3.6761953346961578E-002
   106.00000000000000        3.7370218446044733E-002
   107.00000000000000        3.7847519541579985E-002
   108.00000000000000        3.8220542022368631E-002
   109.00000000000000        3.8741599142193196E-002
   110.00000000000000        3.8826918299174361E-002
   111.00000000000000        3.9449203217484408E-002
   112.00000000000000        3.9499042539774987E-002
   113.00000000000000        3.9950932804769197E-002
   114.00000000000000        4.0073203143009287E-002
   115.00000000000000        4.0464205082644381E-002
   116.00000000000000        4.0771513875680100E-002
   117.00000000000000        4.1137937580856168E-002
   118.00000000000000        4.1719086645666342E-002
   119.00000000000000        4.2286052322222573E-002
   120.00000000000000        4.2544142992378950E-002
   121.00000000000000        4.2659448265718304E-002
   122.00000000000000        4.3065874807569883E-002
   123.00000000000000        4.3274254766432062E-002
   124.00000000000000        4.4044670525496113E-002
   125.00000000000000        4.5298754753567254E-002
   126.00000000000000        4.5598655092924927E-002
   127.00000000000000        4.5332814207809977E-002
   128.00000000000000        4.5493609470932540E-002
   129.00000000000000        4.5690673667185377E-002
   130.00000000000000        4.5601859602611101E-002
   131.00000000000000        4.5690160223331583E-002
   132.00000000000000        4.6077939797367094E-002
   133.00000000000000        4.6505211186380395E-002
   134.00000000000000        4.7021855677385933E-002
   135.00000000000000        4.6994724189178126E-002
   136.00000000000000        4.7837050780840981E-002
   137.00000000000000        4.7850032834027056E-002
   138.00000000000000        4.8337287249183465E-002
   139.00000000000000        4.8725705435965862E-002
   140.00000000000000        4.9327333156253914E-002
   141.00000000000000        4.9643364556331983E-002
   142.00000000000000        5.0230534189547919E-002
   143.00000000000000        5.0492864738256739E-002
   144.00000000000000        5.0756279390747387E-002
   145.00000000000000        5.0952863273249722E-002
   146.00000000000000        5.1223470326707703E-002
   147.00000000000000        5.1659261762805060E-002
   148.00000000000000        5.1548528591411777E-002
   149.00000000000000        5.2575448003398265E-002
   150.00000000000000        5.2919885843951332E-002
   151.00000000000000        5.3543899441109266E-002
   152.00000000000000        5.3738733715140277E-002
   153.00000000000000        5.3894782334197026E-002
   154.00000000000000        5.3611189923062331E-002
   155.00000000000000        5.4130259027724240E-002
   156.00000000000000        5.4384608883870957E-002
   157.00000000000000        5.5409154103040210E-002
   158.00000000000000        5.5765577318322962E-002
   159.00000000000000        5.6181897649174424E-002
   160.00000000000000        5.6249136846723419E-002
   161.00000000000000        5.6493349894994938E-002
   162.00000000000000        5.6814889858667283E-002
   163.00000000000000        5.7391107777095385E-002
   164.00000000000000        5.8516511267798547E-002
   165.00000000000000        5.9135150799752428E-002
   166.00000000000000        5.9413868300200151E-002
   167.00000000000000        5.9586129503502741E-002
   168.00000000000000        5.9286935673554066E-002
   169.00000000000000        5.9593287374431342E-002
   170.00000000000000        5.9426675431711526E-002
   171.00000000000000        5.9981893429330330E-002
   172.00000000000000        6.0791515215470257E-002
   173.00000000000000        6.1444846178853256E-002
   174.00000000000000        6.1797280878558986E-002
   175.00000000000000        6.2453636897310802E-002
   176.00000000000000        6.2127483762794845E-002
   177.00000000000000        6.2379090269043168E-002
   178.00000000000000        6.2377295221256436E-002
   179.00000000000000        6.2173144038265758E-002
   180.00000000000000        6.2637689487375234E-002
   181.00000000000000        6.3336298574280747E-002
   182.00000000000000        6.4035717401002709E-002
   183.00000000000000        6.4639240112083926E-002
   184.00000000000000        6.4734511015418897E-002
   185.00000000000000        6.4785648748794222E-002
   186.00000000000000        6.4810135672235578E-002
   187.00000000000000        6.5229702567208989E-002
   188.00000000000000        6.5365245719330015E-002
   189.00000000000000        6.5889037512217835E-002
   190.00000000000000        6.6143755120335032E-002
   191.00000000000000        6.6756437689562340E-002
   192.00000000000000        6.7055339059276242E-002
   193.00000000000000        6.7226841512120938E-002
   194.00000000000000        6.7621866506113001E-002
   195.00000000000000        6.8345264380527140E-002
   196.00000000000000        6.9081206293843705E-002
   197.00000000000000        6.9514137113383667E-002
   198.00000000000000        6.9928331357559714E-002
   199.00000000000000        7.0725725669598449E-002
   200.00000000000000        7.1004744630831437E-002
   201.00000000000000        7.1204079793962843E-002
   202.00000000000000        7.0724177379167114E-002
   203.00000000000000        7.0955768670742991E-002
   204.00000000000000        7.1515665905111478E-002
   205.00000000000000        7.2111008871994883E-002
   206.00000000000000        7.2423079880726160E-002
   207.00000000000000        7.3090510866497455E-002
   208.00000000000000        7.3311627151529529E-002
   209.00000000000000        7.3557245279427114E-002
   210.00000000000000        7.3969958752173229E-002
   211.00000000000000        7.3892524412192087E-002
   212.00000000000000        7.4288169574255589E-002
   213.00000000000000        7.4456073697468553E-002
   214.00000000000000        7.5207589706401817E-002
   215.00000000000000        7.6084099711478725E-002
   216.00000000000000        7.6114831602801969E-002
   217.00000000000000        7.5796270920309050E-002
   218.00000000000000        7.6429760441180078E-002
   219.00000000000000        7.6376654187215592E-002
   220.00000000000000        7.7188039263789213E-002
   221.00000000000000        7.8074999635161693E-002
   222.00000000000000        7.8878549007943291E-002
   223.00000000000000        7.9166908457260890E-002
   224.00000000000000        7.8953649247057001E-002
   225.00000000000000        7.8803885482363403E-002
   226.00000000000000        7.8705798511437011E-002
   227.00000000000000        7.8941977582206779E-002
   228.00000000000000        7.9642559911922040E-002
   229.00000000000000        8.0116907240437657E-002
   230.00000000000000        8.0637031125858391E-002
   231.00000000000000        8.0594162079405493E-002
   232.00000000000000        8.0659521738121451E-002
   233.00000000000000        8.0743818558408398E-002
   234.00000000000000        8.1031858378220148E-002
   235.00000000000000        8.1764368418896838E-002
   236.00000000000000        8.3084261946313812E-002
   237.00000000000000        8.4577783929797964E-002
   238.00000000000000        8.6170127643740047E-002
   239.00000000000000        8.6598360761645107E-002
   240.00000000000000        8.6805786974230525E-002
   241.00000000000000        8.6045384111290771E-002
   242.00000000000000        8.6059135625306551E-002
   243.00000000000000        8.5026755274178398E-002
   244.00000000000000        8.5918316065764569E-002
   245.00000000000000        8.6267158201420446E-002
   246.00000000000000        8.7492385556806274E-002
   247.00000000000000        8.8262398961245492E-002
   248.00000000000000        8.8434690538383931E-002
   249.00000000000000        8.8325026474892543E-002
   250.00000000000000        8.8388003527769807E-002
   251.00000000000000        8.9461647971339084E-002
   252.00000000000000        9.1008751040041413E-002
   253.00000000000000        9.2266054791244834E-002
   254.00000000000000        9.2029425489318820E-002
   255.00000000000000        9.2466377375974435E-002
   256.00000000000000        9.1657210015687843E-002
   257.00000000000000        9.0586052274239104E-002
   258.00000000000000        9.0541694540978684E-002
   259.00000000000000        9.1814308466819108E-002
   260.00000000000000        9.3424965777830909E-002
   261.00000000000000        9.4960919209173100E-002
   262.00000000000000        9.5282900471240037E-002
   263.00000000000000        9.5407079820537616E-002
   264.00000000000000        9.4081217125734681E-002
   265.00000000000000        9.3028469773756756E-002
   266.00000000000000        9.3525394506741397E-002
   267.00000000000000        9.3699081128250192E-002
   268.00000000000000        9.4964168025155157E-002
   269.00000000000000        9.5896104099093410E-002
   270.00000000000000        9.6106104342403104E-002
   271.00000000000000        9.6086891048991083E-002
   272.00000000000000        9.6157644794974018E-002
   273.00000000000000        9.6329354197111819E-002
   274.00000000000000        9.6525018824317160E-002
   275.00000000000000        9.6152951230883757E-002
   276.00000000000000        9.7063641403630760E-002
   277.00000000000000        9.7862673515915599E-002
   278.00000000000000        9.7902847507637877E-002
   279.00000000000000        9.8330821074024063E-002
   280.00000000000000        9.8286551031823433E-002
   281.00000000000000        9.8198419277355925E-002
   282.00000000000000        9.8733696184898023E-002
   283.00000000000000        9.9210369526164369E-002
   284.00000000000000       0.10054145447715650     
   285.00000000000000       0.10083199559861376     
   286.00000000000000       0.10163442040224441     
   287.00000000000000       0.10156517927831871     
   288.00000000000000       0.10171605670813022     
   289.00000000000000       0.10163887324167437     
   290.00000000000000       0.10157466715047846     
   291.00000000000000       0.10244440598208211     
   292.00000000000000       0.10308072837583956     
   293.00000000000000       0.10427308146848326     
   294.00000000000000       0.10489730128279352     
   295.00000000000000       0.10489277184818517     
   296.00000000000000       0.10452155863932391     
   297.00000000000000       0.10502672953445019     
   298.00000000000000       0.10527651813118546     
   299.00000000000000       0.10568271050351764     
   300.00000000000000       0.10619131044371220     
   301.00000000000000       0.10655658621997086     
   302.00000000000000       0.10578154860658576     
   303.00000000000000       0.10588316188970093     
   304.00000000000000       0.10594634644228276     
   305.00000000000000       0.10651823504533008     
   306.00000000000000       0.10696995529853594     
   307.00000000000000       0.10811416283105139     
   308.00000000000000       0.10926553250087731     
   309.00000000000000       0.11077927552636740     
   310.00000000000000       0.11039179393262705     
   311.00000000000000       0.10987370904846908     
   312.00000000000000       0.10970910074128663     
   313.00000000000000       0.10937540755023557     
   314.00000000000000       0.10957085643074850     
   315.00000000000000       0.11064894980365092     
   316.00000000000000       0.11208090286549457     
   317.00000000000000       0.11209890326733574     
   318.00000000000000       0.11220236704649053     
   319.00000000000000       0.11204236033141897     
   320.00000000000000       0.11185860792491401     
   321.00000000000000       0.11226045886751743     
   322.00000000000000       0.11354915239530870     
   323.00000000000000       0.11449730495036926     
   324.00000000000000       0.11581765181019725     
   325.00000000000000       0.11562336957250349     
   326.00000000000000       0.11587512961170622     
   327.00000000000000       0.11558407438011928     
   328.00000000000000       0.11514200039332208     
   329.00000000000000       0.11563706506262923     
   330.00000000000000       0.11708497972837231     
   331.00000000000000       0.11821668858971507     
   332.00000000000000       0.11804317111205608     
   333.00000000000000       0.11863612559527330     
   334.00000000000000       0.11853746998151947     
   335.00000000000000       0.11835370768511386     
   336.00000000000000       0.11788279715202045     
   337.00000000000000       0.11803483877618519     
   338.00000000000000       0.11897548566119380     
   339.00000000000000       0.11893293706216611     
   340.00000000000000       0.11884006481950578     
   341.00000000000000       0.11925634662345691     
   342.00000000000000       0.11952336452207861     
   343.00000000000000       0.12006250050787075     
   344.00000000000000       0.12052150761315041     
   345.00000000000000       0.12096497386872736     
   346.00000000000000       0.12158520746841257     
   347.00000000000000       0.12168135312747785     
   348.00000000000000       0.12183220878971381     
   349.00000000000000       0.12215987391150028     
   350.00000000000000       0.12258422194273953     
   351.00000000000000       0.12350926067013283     
   352.00000000000000       0.12353977743851945     
   353.00000000000000       0.12384332465519392     
   354.00000000000000       0.12488987366636280     
   355.00000000000000       0.12525519971191570     
   356.00000000000000       0.12491367992092833     
   357.00000000000000       0.12589640949005027     
   358.00000000000000       0.12548429551864188     
   359.00000000000000       0.12669711273887535     
   360.00000000000000       0.12701568475857505     
   361.00000000000000       0.12724536312610488     
   362.00000000000000       0.12756350033371708     
   363.00000000000000       0.12923714046709800     
   364.00000000000000       0.12903198111208844     
   365.00000000000000       0.12973649812815477     
   366.00000000000000       0.13001908018947905     
   367.00000000000000       0.12953031937189677     
   368.00000000000000       0.13018770360428583     
   369.00000000000000       0.12920460062284236     
   370.00000000000000       0.12919745654092749     
   371.00000000000000       0.12968610386956636     
   372.00000000000000       0.13037580837606857     
   373.00000000000000       0.13026146851064013     
   374.00000000000000       0.13082783938547365     
   375.00000000000000       0.13157190856780285     
   376.00000000000000       0.13076095156366821     
   377.00000000000000       0.13022607641286402     
   378.00000000000000       0.13138394665854783     
   379.00000000000000       0.13113194444123288     
   380.00000000000000       0.13334269350322162     
   381.00000000000000       0.13383926847429570     
   382.00000000000000       0.13536084018668226     
   383.00000000000000       0.13531853037092767     
   384.00000000000000       0.13535007739509927     
   385.00000000000000       0.13486053438160245     
   386.00000000000000       0.13430537333384582     
   387.00000000000000       0.13516750309237835     
   388.00000000000000       0.13565236234394062     
   389.00000000000000       0.13663467131161591     
   390.00000000000000       0.13712808094567727     
   391.00000000000000       0.13847675495748013     
   392.00000000000000       0.13820104138579700     
   393.00000000000000       0.13808697258594660     
   394.00000000000000       0.13861833208191568     
   395.00000000000000       0.13948599066982503     
   396.00000000000000       0.13897611750172539     
   397.00000000000000       0.14099207059002636     
   398.00000000000000       0.14099582021264725     
   399.00000000000000       0.14208891012833780     
   400.00000000000000       0.14222302807242723     
   401.00000000000000       0.14268289302216391     
   402.00000000000000       0.14265112261704818     
   403.00000000000000       0.14369791186883824     
   404.00000000000000       0.14322576111587548     
   405.00000000000000       0.14411887043158769     
   406.00000000000000       0.14431005611152542     
   407.00000000000000       0.14431401066896715     
   408.00000000000000       0.14495637292779098     
   409.00000000000000       0.14457349214926260     
   410.00000000000000       0.14513295136914361     
   411.00000000000000       0.14469129095298866     
   412.00000000000000       0.14494474998993959     
   413.00000000000000       0.14432204400751650     
   414.00000000000000       0.14541316972657736     
   415.00000000000000       0.14559674284171023     
   416.00000000000000       0.14674030983910877     
   417.00000000000000       0.14664415378438536     
   418.00000000000000       0.14678583021611827     
   419.00000000000000       0.14594934039300472     
   420.00000000000000       0.14644163171764041     
   421.00000000000000       0.14674497191316707     
   422.00000000000000       0.14719086647094473     
   423.00000000000000       0.14770411202533348     
   424.00000000000000       0.14821788836577582     
   425.00000000000000       0.14825559033640734     
   426.00000000000000       0.14762732161493880     
   427.00000000000000       0.14798995356541617     
   428.00000000000000       0.14909813463108104     
   429.00000000000000       0.14990302536274552     
   430.00000000000000       0.15186360006332056     
   431.00000000000000       0.15249276937710327     
   432.00000000000000       0.15301217112970980     
   433.00000000000000       0.15251932262325685     
   434.00000000000000       0.15224617765322868     
   435.00000000000000       0.15291825341034973     
   436.00000000000000       0.15368430366364638     
   437.00000000000000       0.15423999901348179     
   438.00000000000000       0.15586758528802122     
   439.00000000000000       0.15573153762051936     
   440.00000000000000       0.15673949099323281     
   441.00000000000000       0.15672973356965009     
   442.00000000000000       0.15760505498647284     
   443.00000000000000       0.15642836392526827     
   444.00000000000000       0.15703270538891465     
   445.00000000000000       0.15656065224875931     
   446.00000000000000       0.15810211046563319     
   447.00000000000000       0.15972584759082270     
   448.00000000000000       0.15969412615594286     
   449.00000000000000       0.15839993940797770     
   450.00000000000000       0.15796552058886612     
   451.00000000000000       0.15769228181324960     
   452.00000000000000       0.15915784898992136     
   453.00000000000000       0.16088662117700894     
   454.00000000000000       0.16108903543037234     
   455.00000000000000       0.16199709806793836     
   456.00000000000000       0.16389346856409873     
   457.00000000000000       0.16287844020931050     
   458.00000000000000       0.16238042749823750     
   459.00000000000000       0.16113804267392573     
   460.00000000000000       0.16086015963106590     
   461.00000000000000       0.16238043628317944     
   462.00000000000000       0.16281086241196577     
   463.00000000000000       0.16282728874771821     
   464.00000000000000       0.16263899274572982     
   465.00000000000000       0.16275788543192229     
   466.00000000000000       0.16321292791491132     
   467.00000000000000       0.16383383171781088     
   468.00000000000000       0.16303390143328961     
   469.00000000000000       0.16418714845852217     
   470.00000000000000       0.16545955356613443     
   471.00000000000000       0.16537611189352175     
   472.00000000000000       0.16652622718090968     
   473.00000000000000       0.16665412610497429     
   474.00000000000000       0.16701849057704760     
   475.00000000000000       0.16760732234248571     
   476.00000000000000       0.16770556372486836     
   477.00000000000000       0.16743902976476563     
   478.00000000000000       0.16872398043567721     
   479.00000000000000       0.16838274621299826     
   480.00000000000000       0.16801030875960532     
   481.00000000000000       0.16935449013685011     
   482.00000000000000       0.16975685707176147     
   483.00000000000000       0.17070725620297195     
   484.00000000000000       0.16912050178994292     
   485.00000000000000       0.16938851171805908     
   486.00000000000000       0.17059308781200735     
   487.00000000000000       0.17179807711677950     
   488.00000000000000       0.17132501084954521     
   489.00000000000000       0.17277417588621022     
   490.00000000000000       0.17256735480878518     
   491.00000000000000       0.17307379149225194     
   492.00000000000000       0.17467686016618414     
   493.00000000000000       0.17447492037937171     
   494.00000000000000       0.17420833137603584     
   495.00000000000000       0.17437909807434418     
   496.00000000000000       0.17459229946431595     
   497.00000000000000       0.17563506194968762     
   498.00000000000000       0.17518423085791707     
   499.00000000000000       0.17455712643151924     
   500.00000000000000       0.17627930426624802     
   501.00000000000000       0.17559599697753811     
