   1.0000000000000000        2.0742673626640009E-004
   2.0000000000000000        5.3298364183703123E-004
   3.0000000000000000        8.3188307371245417E-004
   4.0000000000000000        1.1397057428168223E-003
   5.0000000000000000        1.4532144353744485E-003
   6.0000000000000000        1.7495132185790987E-003
   7.0000000000000000        2.0456616884998715E-003
   8.0000000000000000        2.3629075014794301E-003
   9.0000000000000000        2.6888516624523741E-003
   10.000000000000000        3.0305155644671749E-003
   11.000000000000000        3.3988463865942376E-003
   12.000000000000000        3.7186380232724636E-003
   13.000000000000000        4.0474132421565723E-003
   14.000000000000000        4.3375124128774640E-003
   15.000000000000000        4.6347031195113093E-003
   16.000000000000000        4.9025914575215974E-003
   17.000000000000000        5.1817784657837455E-003
   18.000000000000000        5.4781207926534129E-003
   19.000000000000000        5.7359483147247994E-003
   20.000000000000000        6.0396732132441851E-003
   21.000000000000000        6.3514700132073715E-003
   22.000000000000000        6.6981033786494256E-003
   23.000000000000000        7.0377242856244525E-003
   24.000000000000000        7.3565166913871511E-003
   25.000000000000000        7.6844912092980805E-003
   26.000000000000000        8.0065829017972982E-003
   27.000000000000000        8.3034202823115202E-003
   28.000000000000000        8.5944796787098977E-003
   29.000000000000000        8.8236037300975147E-003
   30.000000000000000        9.1125847602143428E-003
   31.000000000000000        9.3577253895773625E-003
   32.000000000000000        9.7398425659771387E-003
   33.000000000000000        1.0082330744758028E-002
   34.000000000000000        1.0398194310225366E-002
   35.000000000000000        1.0734035159619192E-002
   36.000000000000000        1.1030657156147141E-002
   37.000000000000000        1.1368564939747120E-002
   38.000000000000000        1.1714152555839555E-002
   39.000000000000000        1.2086218443793609E-002
   40.000000000000000        1.2337714498117802E-002
   41.000000000000000        1.2683780128282082E-002
   42.000000000000000        1.2864261728258703E-002
   43.000000000000000        1.3096321527369512E-002
   44.000000000000000        1.3340283908146847E-002
   45.000000000000000        1.3551992646042666E-002
   46.000000000000000        1.3848254879447987E-002
   47.000000000000000        1.4212169417542659E-002
   48.000000000000000        1.4570222775425487E-002
   49.000000000000000        1.4908360976981347E-002
   50.000000000000000        1.5127752532080005E-002
   51.000000000000000        1.5442167716060176E-002
   52.000000000000000        1.5758183134297034E-002
   53.000000000000000        1.6026792486720655E-002
   54.000000000000000        1.6346636267977173E-002
   55.000000000000000        1.6704295873256527E-002
   56.000000000000000        1.7086027324432082E-002
   57.000000000000000        1.7467102764523103E-002
   58.000000000000000        1.7934312385578237E-002
   59.000000000000000        1.8293899503586463E-002
   60.000000000000000        1.8668346439859713E-002
   61.000000000000000        1.8811402323980014E-002
   62.000000000000000        1.9033879846022908E-002
   63.000000000000000        1.9415527641682480E-002
   64.000000000000000        2.0017103535136454E-002
   65.000000000000000        2.0580689484662972E-002
   66.000000000000000        2.1176194509800770E-002
   67.000000000000000        2.1393000682159272E-002
   68.000000000000000        2.1366893561526198E-002
   69.000000000000000        2.1159284780062407E-002
   70.000000000000000        2.1221018434807878E-002
   71.000000000000000        2.1504643374595234E-002
   72.000000000000000        2.2021426603992252E-002
   73.000000000000000        2.2668426360843069E-002
   74.000000000000000        2.3315503937380772E-002
   75.000000000000000        2.3368170500772292E-002
   76.000000000000000        2.3402967471431127E-002
   77.000000000000000        2.3408334138606861E-002
   78.000000000000000        2.3630435157340798E-002
   79.000000000000000        2.4049951891838200E-002
   80.000000000000000        2.4455301333541794E-002
   81.000000000000000        2.4838188304261963E-002
   82.000000000000000        2.5153792748120244E-002
   83.000000000000000        2.5255544964140654E-002
   84.000000000000000        2.5435931238356926E-002
   85.000000000000000        2.5830532777438860E-002
   86.000000000000000        2.6197700298302914E-002
   87.000000000000000        2.6613794997163941E-002
   88.000000000000000        2.6833942752114769E-002
   89.000000000000000        2.7077968064516393E-002
   90.000000000000000        2.7323196272145876E-002
   91.000000000000000        2.7707712539239357E-002
   92.000000000000000        2.8160173228653849E-002
   93.000000000000000        2.8350465519133942E-002
   94.000000000000000        2.8796691712755722E-002
   95.000000000000000        2.9219543973098176E-002
   96.000000000000000        2.9387325497626324E-002
   97.000000000000000        2.9368780692319726E-002
   98.000000000000000        2.9577615006338064E-002
   99.000000000000000        2.9972063378988095E-002
   100.00000000000000        3.0076656423132710E-002
   101.00000000000000        3.0712968955595221E-002
   102.00000000000000        3.0869487546300992E-002
   103.00000000000000        3.1079187375686077E-002
   104.00000000000000        3.1532769286629410E-002
   105.00000000000000        3.1983210052699808E-002
   106.00000000000000        3.2320753024624310E-002
   107.00000000000000        3.2881269690553168E-002
   108.00000000000000        3.2999886684955480E-002
   109.00000000000000        3.3470100010346476E-002
   110.00000000000000        3.3704635513452832E-002
   111.00000000000000        3.4029890558870228E-002
   112.00000000000000        3.4365748695525430E-002
   113.00000000000000        3.4394876757922022E-002
   114.00000000000000        3.4594675268987969E-002
   115.00000000000000        3.5010017338730229E-002
   116.00000000000000        3.5249234235337289E-002
   117.00000000000000        3.5494901997331740E-002
   118.00000000000000        3.5981016086510338E-002
   119.00000000000000        3.6459841310423166E-002
   120.00000000000000        3.6684308635957313E-002
   121.00000000000000        3.6984737363473852E-002
   122.00000000000000        3.7016166368129821E-002
   123.00000000000000        3.7392406524034354E-002
   124.00000000000000        3.8238944699890177E-002
   125.00000000000000        3.9004353176436975E-002
   126.00000000000000        3.9632505053298822E-002
   127.00000000000000        3.9529848199241192E-002
   128.00000000000000        3.9236873985962165E-002
   129.00000000000000        3.9170490224356022E-002
   130.00000000000000        3.9052066612005366E-002
   131.00000000000000        3.9450767701418976E-002
   132.00000000000000        3.9798125852392174E-002
   133.00000000000000        4.0058084431359997E-002
   134.00000000000000        4.0523821896447695E-002
   135.00000000000000        4.0664360315546134E-002
   136.00000000000000        4.1079651083392642E-002
   137.00000000000000        4.1418920919922497E-002
   138.00000000000000        4.1798589201050146E-002
   139.00000000000000        4.1966450392077997E-002
   140.00000000000000        4.2498133180922715E-002
   141.00000000000000        4.2782914228733690E-002
   142.00000000000000        4.3297776540130901E-002
   143.00000000000000        4.3714401922270815E-002
   144.00000000000000        4.3622356205525875E-002
   145.00000000000000        4.3908024836436951E-002
   146.00000000000000        4.4129979027783650E-002
   147.00000000000000        4.4613823022849018E-002
   148.00000000000000        4.4913788165419105E-002
   149.00000000000000        4.5107964312239728E-002
   150.00000000000000        4.5866675572553625E-002
   151.00000000000000        4.6270917888265872E-002
   152.00000000000000        4.6656172281119700E-002
   153.00000000000000        4.6154045273633586E-002
   154.00000000000000        4.6591321655053981E-002
   155.00000000000000        4.6721522247449770E-002
   156.00000000000000        4.7349638430436145E-002
   157.00000000000000        4.7806960795231820E-002
   158.00000000000000        4.8537458123987846E-002
   159.00000000000000        4.8769887004743134E-002
   160.00000000000000        4.8623687691926071E-002
   161.00000000000000        4.8880713120647394E-002
   162.00000000000000        4.9097179352899777E-002
   163.00000000000000        4.9682333517855337E-002
   164.00000000000000        5.0477004766785724E-002
   165.00000000000000        5.1567856592365999E-002
   166.00000000000000        5.1494564369685997E-002
   167.00000000000000        5.1380218503574104E-002
   168.00000000000000        5.1100154082013856E-002
   169.00000000000000        5.1177135456280741E-002
   170.00000000000000        5.1149624428341478E-002
   171.00000000000000        5.1502917823273806E-002
   172.00000000000000        5.2376260323628208E-002
   173.00000000000000        5.3277153056659608E-002
   174.00000000000000        5.3527038645236696E-002
   175.00000000000000        5.3908356964814219E-002
   176.00000000000000        5.3830510094325539E-002
   177.00000000000000        5.3829705072500046E-002
   178.00000000000000        5.3684904319088768E-002
   179.00000000000000        5.3996487733105281E-002
   180.00000000000000        5.4251426021658895E-002
   181.00000000000000        5.4728900104617673E-002
   182.00000000000000        5.5523795190699679E-002
   183.00000000000000        5.5751029429918567E-002
   184.00000000000000        5.6042595910662865E-002
   185.00000000000000        5.5748841858538026E-002
   186.00000000000000        5.6034515771307407E-002
   187.00000000000000        5.6432396193219742E-002
   188.00000000000000        5.6787341068611587E-002
   189.00000000000000        5.7177285948981665E-002
   190.00000000000000        5.7299728079608071E-002
   191.00000000000000        5.7478736824042052E-002
   192.00000000000000        5.7843754632369300E-002
   193.00000000000000        5.8404881675347270E-002
   194.00000000000000        5.8550534549758698E-002
   195.00000000000000        5.8886311570986012E-002
   196.00000000000000        5.9295050155382688E-002
   197.00000000000000        5.9795510270773927E-002
   198.00000000000000        6.0384758393665430E-002
   199.00000000000000        6.1180958352501778E-002
   200.00000000000000        6.0918254244573894E-002
   201.00000000000000        6.1077111450843866E-002
   202.00000000000000        6.0817609592653962E-002
   203.00000000000000        6.1141259231440127E-002
   204.00000000000000        6.1605907317041519E-002
   205.00000000000000        6.2156641329797528E-002
   206.00000000000000        6.2733589759448427E-002
   207.00000000000000        6.2749135532785730E-002
   208.00000000000000        6.3613451668654578E-002
   209.00000000000000        6.3860443583603224E-002
   210.00000000000000        6.4009673098201228E-002
   211.00000000000000        6.3882067549542620E-002
   212.00000000000000        6.4181040038330417E-002
   213.00000000000000        6.4268407269375105E-002
   214.00000000000000        6.5190751962429599E-002
   215.00000000000000        6.5701062387781062E-002
   216.00000000000000        6.6104867355733982E-002
   217.00000000000000        6.5703296855589857E-002
   218.00000000000000        6.5820455440416578E-002
   219.00000000000000        6.6598847623918933E-002
   220.00000000000000        6.7167696899635601E-002
   221.00000000000000        6.7317982875546523E-002
   222.00000000000000        6.7866874641794361E-002
   223.00000000000000        6.8238933960844642E-002
   224.00000000000000        6.7941220346779713E-002
   225.00000000000000        6.8331622601743927E-002
   226.00000000000000        6.8202538544184371E-002
   227.00000000000000        6.8311378175834686E-002
   228.00000000000000        6.8810255137225704E-002
   229.00000000000000        6.9212295118363465E-002
   230.00000000000000        6.9786557290008308E-002
   231.00000000000000        6.9758426872978382E-002
   232.00000000000000        6.9715623739291646E-002
   233.00000000000000        7.0090872686876554E-002
   234.00000000000000        6.9929540118367203E-002
   235.00000000000000        7.0196120478798960E-002
   236.00000000000000        7.1619991827600163E-002
   237.00000000000000        7.3358290474866153E-002
   238.00000000000000        7.4079530850209463E-002
   239.00000000000000        7.5072535196041387E-002
   240.00000000000000        7.5373732598067206E-002
   241.00000000000000        7.4848793130550997E-002
   242.00000000000000        7.3804906798718165E-002
   243.00000000000000        7.3207202615736280E-002
   244.00000000000000        7.3840982842408892E-002
   245.00000000000000        7.4707755071360266E-002
   246.00000000000000        7.6215426133729225E-002
   247.00000000000000        7.6570246807947745E-002
   248.00000000000000        7.6548316229239299E-002
   249.00000000000000        7.6061272793672932E-002
   250.00000000000000        7.6191143690463398E-002
   251.00000000000000        7.6933827213156974E-002
   252.00000000000000        7.8826509482843782E-002
   253.00000000000000        7.9589129876974890E-002
   254.00000000000000        7.9601249471402416E-002
   255.00000000000000        7.9751605503881218E-002
   256.00000000000000        7.8716582921722900E-002
   257.00000000000000        7.8073817458921890E-002
   258.00000000000000        7.8382456232973435E-002
   259.00000000000000        7.9086521317560318E-002
   260.00000000000000        8.0840122461957820E-002
   261.00000000000000        8.2189893524427474E-002
   262.00000000000000        8.2861523369365281E-002
   263.00000000000000        8.2736751828294236E-002
   264.00000000000000        8.1587611931497023E-002
   265.00000000000000        8.0358509231112041E-002
   266.00000000000000        7.9988988474531730E-002
   267.00000000000000        8.0742179517052107E-002
   268.00000000000000        8.1669398638011051E-002
   269.00000000000000        8.3035424653353188E-002
   270.00000000000000        8.3035194788511929E-002
   271.00000000000000        8.3379428806102940E-002
   272.00000000000000        8.3171243267332370E-002
   273.00000000000000        8.3285057285787029E-002
   274.00000000000000        8.3198203776653434E-002
   275.00000000000000        8.3148007743079858E-002
   276.00000000000000        8.3797305700675132E-002
   277.00000000000000        8.4459233218316707E-002
   278.00000000000000        8.4843393567469880E-002
   279.00000000000000        8.5060715970653039E-002
   280.00000000000000        8.5042561317898765E-002
   281.00000000000000        8.4847249086748927E-002
   282.00000000000000        8.5024382225745307E-002
   283.00000000000000        8.5558607834595193E-002
   284.00000000000000        8.6445466810493352E-002
   285.00000000000000        8.7540054408209014E-002
   286.00000000000000        8.7831607573330042E-002
   287.00000000000000        8.7619556866432954E-002
   288.00000000000000        8.7247647961260735E-002
   289.00000000000000        8.7670125981115177E-002
   290.00000000000000        8.7238759203023333E-002
   291.00000000000000        8.8277585012590296E-002
   292.00000000000000        8.9030515275044672E-002
   293.00000000000000        8.9869753679979847E-002
   294.00000000000000        9.1005983593921980E-002
   295.00000000000000        9.0367511099880435E-002
   296.00000000000000        9.1008119437316182E-002
   297.00000000000000        9.0950043571159822E-002
   298.00000000000000        9.1607880901091732E-002
   299.00000000000000        9.1707416123917737E-002
   300.00000000000000        9.1945372217332580E-002
   301.00000000000000        9.2167101558655540E-002
   302.00000000000000        9.1824574937009601E-002
   303.00000000000000        9.1517737495053819E-002
   304.00000000000000        9.1502991242611964E-002
   305.00000000000000        9.2343838450398230E-002
   306.00000000000000        9.2693206024835439E-002
   307.00000000000000        9.3510948974375521E-002
   308.00000000000000        9.5001826795952579E-002
   309.00000000000000        9.5605673896657889E-002
   310.00000000000000        9.5689790013371329E-002
   311.00000000000000        9.5136292937282929E-002
   312.00000000000000        9.4430944678545140E-002
   313.00000000000000        9.4779895913771298E-002
   314.00000000000000        9.5282975700660730E-002
   315.00000000000000        9.5573739094326746E-002
   316.00000000000000        9.6620170118585091E-002
   317.00000000000000        9.7677870615024087E-002
   318.00000000000000        9.7222201835503869E-002
   319.00000000000000        9.6780579607493394E-002
   320.00000000000000        9.6335952195922378E-002
   321.00000000000000        9.7295000670450243E-002
   322.00000000000000        9.7595957977055142E-002
   323.00000000000000        9.8773749548517392E-002
   324.00000000000000       0.10070889203143805     
   325.00000000000000       0.10052633276511323     
   326.00000000000000       0.10037022821385336     
   327.00000000000000        9.9878821916499771E-002
   328.00000000000000        9.9293246349078379E-002
   329.00000000000000       0.10026068562179483     
   330.00000000000000       0.10133899885573831     
   331.00000000000000       0.10240221308494704     
   332.00000000000000       0.10267634681410519     
   333.00000000000000       0.10235696010181214     
   334.00000000000000       0.10293993374081464     
   335.00000000000000       0.10180790948862248     
   336.00000000000000       0.10212021085441259     
   337.00000000000000       0.10228004515667101     
   338.00000000000000       0.10213154746814901     
   339.00000000000000       0.10223587683039700     
   340.00000000000000       0.10256771355888361     
   341.00000000000000       0.10257824945133573     
   342.00000000000000       0.10308059560967056     
   343.00000000000000       0.10312006831004525     
   344.00000000000000       0.10381628241227679     
   345.00000000000000       0.10409159394213181     
   346.00000000000000       0.10494773562168523     
   347.00000000000000       0.10567328878024106     
   348.00000000000000       0.10526099910981258     
   349.00000000000000       0.10550260327411870     
   350.00000000000000       0.10566659607440890     
   351.00000000000000       0.10651643124907012     
   352.00000000000000       0.10671585800347307     
   353.00000000000000       0.10672298239232662     
   354.00000000000000       0.10692690933845542     
   355.00000000000000       0.10763285479438625     
   356.00000000000000       0.10811474498174979     
   357.00000000000000       0.10875588505773093     
   358.00000000000000       0.10871414280017928     
   359.00000000000000       0.10869213333187380     
   360.00000000000000       0.10957177499820449     
   361.00000000000000       0.10986614576184003     
   362.00000000000000       0.11105907873835452     
   363.00000000000000       0.11088939738183475     
   364.00000000000000       0.11212555257188662     
   365.00000000000000       0.11197747891672204     
   366.00000000000000       0.11253871537328805     
   367.00000000000000       0.11293698184032187     
   368.00000000000000       0.11207384341402250     
   369.00000000000000       0.11207644409589225     
   370.00000000000000       0.11143261559954623     
   371.00000000000000       0.11225676251890067     
   372.00000000000000       0.11231808095259062     
   373.00000000000000       0.11232819141256366     
   374.00000000000000       0.11334698901100837     
   375.00000000000000       0.11306879238683776     
   376.00000000000000       0.11292505963084463     
   377.00000000000000       0.11310880956099655     
   378.00000000000000       0.11265476246044130     
   379.00000000000000       0.11358036574289311     
   380.00000000000000       0.11467589860724910     
   381.00000000000000       0.11575502118893510     
   382.00000000000000       0.11664847597439354     
   383.00000000000000       0.11680970016637751     
   384.00000000000000       0.11666587308686539     
   385.00000000000000       0.11633458921925759     
   386.00000000000000       0.11589056652014784     
   387.00000000000000       0.11608350427400894     
   388.00000000000000       0.11654456852541026     
   389.00000000000000       0.11742168940054719     
   390.00000000000000       0.11936705540465024     
   391.00000000000000       0.11929786379183027     
   392.00000000000000       0.11931114664999103     
   393.00000000000000       0.11995974682761355     
   394.00000000000000       0.11975103546914705     
   395.00000000000000       0.12045735043315992     
   396.00000000000000       0.12058014713397613     
   397.00000000000000       0.12102105276318775     
   398.00000000000000       0.12238115901377944     
   399.00000000000000       0.12172714125177625     
   400.00000000000000       0.12285022999771379     
   401.00000000000000       0.12341611633152620     
   402.00000000000000       0.12393096816608233     
   403.00000000000000       0.12395195405091776     
   404.00000000000000       0.12396366290354301     
   405.00000000000000       0.12455954238248286     
   406.00000000000000       0.12494237193511112     
   407.00000000000000       0.12494081541144564     
   408.00000000000000       0.12529913264393203     
   409.00000000000000       0.12480499730363685     
   410.00000000000000       0.12554004219569639     
   411.00000000000000       0.12505741456455710     
   412.00000000000000       0.12469376700970476     
   413.00000000000000       0.12499077443614846     
   414.00000000000000       0.12498005638550931     
   415.00000000000000       0.12624718163300055     
   416.00000000000000       0.12582854562534096     
   417.00000000000000       0.12636048463574717     
   418.00000000000000       0.12618034363701719     
   419.00000000000000       0.12514837893687406     
   420.00000000000000       0.12593449611672361     
   421.00000000000000       0.12633934633006083     
   422.00000000000000       0.12777743170949168     
   423.00000000000000       0.12760917580332728     
   424.00000000000000       0.12761174583018384     
   425.00000000000000       0.12754737932473256     
   426.00000000000000       0.12815413135316342     
   427.00000000000000       0.12800539199001779     
   428.00000000000000       0.12875513315828557     
   429.00000000000000       0.12986580545617851     
   430.00000000000000       0.13016638113384604     
   431.00000000000000       0.13180174976736880     
   432.00000000000000       0.13217743231248005     
   433.00000000000000       0.13179831439497930     
   434.00000000000000       0.13183502498415706     
   435.00000000000000       0.13260847820547136     
   436.00000000000000       0.13247211236156015     
   437.00000000000000       0.13398256608722026     
   438.00000000000000       0.13393233945574395     
   439.00000000000000       0.13484200088829895     
   440.00000000000000       0.13512452363710725     
   441.00000000000000       0.13580355262163191     
   442.00000000000000       0.13601128284985095     
   443.00000000000000       0.13582779976127746     
   444.00000000000000       0.13500882496987829     
   445.00000000000000       0.13628673460585600     
   446.00000000000000       0.13686497359726246     
   447.00000000000000       0.13821859121030813     
   448.00000000000000       0.13790230417335581     
   449.00000000000000       0.13711564976762086     
   450.00000000000000       0.13696830495285950     
   451.00000000000000       0.13658231362072243     
   452.00000000000000       0.13738930815326847     
   453.00000000000000       0.13835624289738890     
   454.00000000000000       0.13969262687782927     
   455.00000000000000       0.13995908784734748     
   456.00000000000000       0.14127443158090935     
   457.00000000000000       0.14124571485042303     
   458.00000000000000       0.14072003566560490     
   459.00000000000000       0.13947091292978600     
   460.00000000000000       0.13917184132797256     
   461.00000000000000       0.13985261894069384     
   462.00000000000000       0.14057778646372357     
   463.00000000000000       0.14084836240518755     
   464.00000000000000       0.14071538783972645     
   465.00000000000000       0.14080860952940316     
   466.00000000000000       0.14028180590715639     
   467.00000000000000       0.14028440106322890     
   468.00000000000000       0.14120295102028693     
   469.00000000000000       0.14193521988452981     
   470.00000000000000       0.14175008689338806     
   471.00000000000000       0.14340840497974683     
   472.00000000000000       0.14399500370882407     
   473.00000000000000       0.14338961538743789     
   474.00000000000000       0.14442497474000462     
   475.00000000000000       0.14498292692246390     
   476.00000000000000       0.14443193261741660     
   477.00000000000000       0.14485140794544660     
   478.00000000000000       0.14559262638893880     
   479.00000000000000       0.14509863034156925     
   480.00000000000000       0.14580043283836924     
   481.00000000000000       0.14587376760079804     
   482.00000000000000       0.14643656443274075     
   483.00000000000000       0.14641351238245057     
   484.00000000000000       0.14651043382867865     
   485.00000000000000       0.14684136568512432     
   486.00000000000000       0.14699225017826864     
   487.00000000000000       0.14774979824636483     
   488.00000000000000       0.14807379379941166     
   489.00000000000000       0.14890966045676410     
   490.00000000000000       0.14898799613998168     
   491.00000000000000       0.14979155521514445     
   492.00000000000000       0.14974677136550926     
   493.00000000000000       0.15046146789800208     
   494.00000000000000       0.15113320984646933     
   495.00000000000000       0.15174886899760032     
   496.00000000000000       0.15141545456522482     
   497.00000000000000       0.15124995690668491     
   498.00000000000000       0.15070674727815053     
   499.00000000000000       0.15113305532280055     
   500.00000000000000       0.15168943225262099     
   501.00000000000000       0.15226790020434214     
