   1.0000000000000000        2.0847298861370952E-004
   2.0000000000000000        5.1455366725058904E-004
   3.0000000000000000        8.1198758881646609E-004
   4.0000000000000000        1.1113142662609609E-003
   5.0000000000000000        1.4001798409833488E-003
   6.0000000000000000        1.6768739731463183E-003
   7.0000000000000000        1.9679477893671492E-003
   8.0000000000000000        2.2639081360732029E-003
   9.0000000000000000        2.6026132660802877E-003
   10.000000000000000        2.9239360583162232E-003
   11.000000000000000        3.2676258722647662E-003
   12.000000000000000        3.5845769074695872E-003
   13.000000000000000        3.8986394790368204E-003
   14.000000000000000        4.1800584494503905E-003
   15.000000000000000        4.4396051848259880E-003
   16.000000000000000        4.7047710452273661E-003
   17.000000000000000        4.9618131141747068E-003
   18.000000000000000        5.2582256366721395E-003
   19.000000000000000        5.5576736400476893E-003
   20.000000000000000        5.7978367466917143E-003
   21.000000000000000        6.1037790330859655E-003
   22.000000000000000        6.4640773984972841E-003
   23.000000000000000        6.7442453812418812E-003
   24.000000000000000        7.0800281150554473E-003
   25.000000000000000        7.3567979882104761E-003
   26.000000000000000        7.6835988649113160E-003
   27.000000000000000        7.9383215821205513E-003
   28.000000000000000        8.2337522224081115E-003
   29.000000000000000        8.4750046946190389E-003
   30.000000000000000        8.7502869401281276E-003
   31.000000000000000        8.9954774020342739E-003
   32.000000000000000        9.3753014323283788E-003
   33.000000000000000        9.6656598191722370E-003
   34.000000000000000        9.9814623655773670E-003
   35.000000000000000        1.0305291434705632E-002
   36.000000000000000        1.0591149741348369E-002
   37.000000000000000        1.0918837803867102E-002
   38.000000000000000        1.1216191898132765E-002
   39.000000000000000        1.1562557556042147E-002
   40.000000000000000        1.1907911837871493E-002
   41.000000000000000        1.2152995305794801E-002
   42.000000000000000        1.2387039355667080E-002
   43.000000000000000        1.2606580478633635E-002
   44.000000000000000        1.2835893684156382E-002
   45.000000000000000        1.2983337607009305E-002
   46.000000000000000        1.3258305059014677E-002
   47.000000000000000        1.3587185994424463E-002
   48.000000000000000        1.3984772561414369E-002
   49.000000000000000        1.4283850375164931E-002
   50.000000000000000        1.4501766568044997E-002
   51.000000000000000        1.4738048997829151E-002
   52.000000000000000        1.5004929703295696E-002
   53.000000000000000        1.5374812629166739E-002
   54.000000000000000        1.5573629370272834E-002
   55.000000000000000        1.6017259930362678E-002
   56.000000000000000        1.6325689015202191E-002
   57.000000000000000        1.6683913573357717E-002
   58.000000000000000        1.7136573723859742E-002
   59.000000000000000        1.7587336095731321E-002
   60.000000000000000        1.7908815448400218E-002
   61.000000000000000        1.8191086974219416E-002
   62.000000000000000        1.8259897681761703E-002
   63.000000000000000        1.8623525828356611E-002
   64.000000000000000        1.9141086859328804E-002
   65.000000000000000        1.9774428044648500E-002
   66.000000000000000        2.0347250695071310E-002
   67.000000000000000        2.0568229588970383E-002
   68.000000000000000        2.0407152499935442E-002
   69.000000000000000        2.0386011501362395E-002
   70.000000000000000        2.0330378983629546E-002
   71.000000000000000        2.0565439413549869E-002
   72.000000000000000        2.1236142261118873E-002
   73.000000000000000        2.1861689064425417E-002
   74.000000000000000        2.2317783172460665E-002
   75.000000000000000        2.2439382806247812E-002
   76.000000000000000        2.2354637227070463E-002
   77.000000000000000        2.2479375423060052E-002
   78.000000000000000        2.2597515284661644E-002
   79.000000000000000        2.2958557258298668E-002
   80.000000000000000        2.3456801394635962E-002
   81.000000000000000        2.3850431711076241E-002
   82.000000000000000        2.4089103033946489E-002
   83.000000000000000        2.4188137560745483E-002
   84.000000000000000        2.4377405965630681E-002
   85.000000000000000        2.4750413914060302E-002
   86.000000000000000        2.5184051413459828E-002
   87.000000000000000        2.5442305578412150E-002
   88.000000000000000        2.5661173094826108E-002
   89.000000000000000        2.6046552975480655E-002
   90.000000000000000        2.6230192876902470E-002
   91.000000000000000        2.6625498616903120E-002
   92.000000000000000        2.6939222440868972E-002
   93.000000000000000        2.7232970766392087E-002
   94.000000000000000        2.7542978611220691E-002
   95.000000000000000        2.7973530123584063E-002
   96.000000000000000        2.8163002773213593E-002
   97.000000000000000        2.8225324834990372E-002
   98.000000000000000        2.8279742152592990E-002
   99.000000000000000        2.8528806498458393E-002
   100.00000000000000        2.9002586555930417E-002
   101.00000000000000        2.9285854563991784E-002
   102.00000000000000        2.9557037195541310E-002
   103.00000000000000        2.9755615349337412E-002
   104.00000000000000        3.0078294487400025E-002
   105.00000000000000        3.0618156263216401E-002
   106.00000000000000        3.1115409128432595E-002
   107.00000000000000        3.1270930969735419E-002
   108.00000000000000        3.1618993198915021E-002
   109.00000000000000        3.1927175829205075E-002
   110.00000000000000        3.2346383604677752E-002
   111.00000000000000        3.2597548111844565E-002
   112.00000000000000        3.2906397658461713E-002
   113.00000000000000        3.3035456832010333E-002
   114.00000000000000        3.3301959794365003E-002
   115.00000000000000        3.3277011884986198E-002
   116.00000000000000        3.3760415819206573E-002
   117.00000000000000        3.4099819335144131E-002
   118.00000000000000        3.4553308891865857E-002
   119.00000000000000        3.4872458686017051E-002
   120.00000000000000        3.5257722852184897E-002
   121.00000000000000        3.5522017157005342E-002
   122.00000000000000        3.5769076660193785E-002
   123.00000000000000        3.5753233239573801E-002
   124.00000000000000        3.6749836276832377E-002
   125.00000000000000        3.7600498561174582E-002
   126.00000000000000        3.7887533976970228E-002
   127.00000000000000        3.7851793514411161E-002
   128.00000000000000        3.7677676558815931E-002
   129.00000000000000        3.7651760403220109E-002
   130.00000000000000        3.7674125167894534E-002
   131.00000000000000        3.7761175118981700E-002
   132.00000000000000        3.8108822974898988E-002
   133.00000000000000        3.8615050248657350E-002
   134.00000000000000        3.8847282509276125E-002
   135.00000000000000        3.8898220876609511E-002
   136.00000000000000        3.9309993673032714E-002
   137.00000000000000        3.9661641144786736E-002
   138.00000000000000        3.9752073129347011E-002
   139.00000000000000        4.0269981505872417E-002
   140.00000000000000        4.0808151297992305E-002
   141.00000000000000        4.1221268329287956E-002
   142.00000000000000        4.1383032436078063E-002
   143.00000000000000        4.1820725648000046E-002
   144.00000000000000        4.1919667264426599E-002
   145.00000000000000        4.2151372183988331E-002
   146.00000000000000        4.2231415113558192E-002
   147.00000000000000        4.2508547136544561E-002
   148.00000000000000        4.2801891248051199E-002
   149.00000000000000        4.3258901918218684E-002
   150.00000000000000        4.3726377785110862E-002
   151.00000000000000        4.4452620047630474E-002
   152.00000000000000        4.4480877331887429E-002
   153.00000000000000        4.4564469571816721E-002
   154.00000000000000        4.4859627534896696E-002
   155.00000000000000        4.4741154910720400E-002
   156.00000000000000        4.5056432818097833E-002
   157.00000000000000        4.5840244989327185E-002
   158.00000000000000        4.6433142009541746E-002
   159.00000000000000        4.6515942370970009E-002
   160.00000000000000        4.6635604744162638E-002
   161.00000000000000        4.6663050892418116E-002
   162.00000000000000        4.6846234748439262E-002
   163.00000000000000        4.7431717194111024E-002
   164.00000000000000        4.8063476767242860E-002
   165.00000000000000        4.8994020330821515E-002
   166.00000000000000        4.9460623218586908E-002
   167.00000000000000        4.9289956081651966E-002
   168.00000000000000        4.9064607120878616E-002
   169.00000000000000        4.8944345071948780E-002
   170.00000000000000        4.9106824314953404E-002
   171.00000000000000        4.9335778230384125E-002
   172.00000000000000        5.0259082725487639E-002
   173.00000000000000        5.0884602162381137E-002
   174.00000000000000        5.1531723539368510E-002
   175.00000000000000        5.1483202380719191E-002
   176.00000000000000        5.1340654801695945E-002
   177.00000000000000        5.1493369634542346E-002
   178.00000000000000        5.1343364351532243E-002
   179.00000000000000        5.1507543206872598E-002
   180.00000000000000        5.1763705817933735E-002
   181.00000000000000        5.2508989652036597E-002
   182.00000000000000        5.3132590970159432E-002
   183.00000000000000        5.3262399033340818E-002
   184.00000000000000        5.3524485614652728E-002
   185.00000000000000        5.3679523726009627E-002
   186.00000000000000        5.3726666035985929E-002
   187.00000000000000        5.3825458093926526E-002
   188.00000000000000        5.4453654772578408E-002
   189.00000000000000        5.4742529043818648E-002
   190.00000000000000        5.5003073590338319E-002
   191.00000000000000        5.5101417230660067E-002
   192.00000000000000        5.5658522316003205E-002
   193.00000000000000        5.5592872202664845E-002
   194.00000000000000        5.5831244583701117E-002
   195.00000000000000        5.6153496760642782E-002
   196.00000000000000        5.6753881530395373E-002
   197.00000000000000        5.7340287739240388E-002
   198.00000000000000        5.7895830057776182E-002
   199.00000000000000        5.8256866531006112E-002
   200.00000000000000        5.8812712765157260E-002
   201.00000000000000        5.8663576472401932E-002
   202.00000000000000        5.8552257769589708E-002
   203.00000000000000        5.8673385390542190E-002
   204.00000000000000        5.9125709608463153E-002
   205.00000000000000        5.9411344410011092E-002
   206.00000000000000        5.9936581815471478E-002
   207.00000000000000        6.0520009940191584E-002
   208.00000000000000        6.0784153316920185E-002
   209.00000000000000        6.0860133710000465E-002
   210.00000000000000        6.1270720913448158E-002
   211.00000000000000        6.1260064326533470E-002
   212.00000000000000        6.1257169486537318E-002
   213.00000000000000        6.1616466789695859E-002
   214.00000000000000        6.2532222801076259E-002
   215.00000000000000        6.2872376542713354E-002
   216.00000000000000        6.3369779562251705E-002
   217.00000000000000        6.3067384427576034E-002
   218.00000000000000        6.3201571081203223E-002
   219.00000000000000        6.3230967227434570E-002
   220.00000000000000        6.3720823016508638E-002
   221.00000000000000        6.4624870203445470E-002
   222.00000000000000        6.5195436821030656E-002
   223.00000000000000        6.5337866481582949E-002
   224.00000000000000        6.5723028165662153E-002
   225.00000000000000        6.4998299726200859E-002
   226.00000000000000        6.5300254039334996E-002
   227.00000000000000        6.4990766214347281E-002
   228.00000000000000        6.5879348903471441E-002
   229.00000000000000        6.6491717040835743E-002
   230.00000000000000        6.6770165028857797E-002
   231.00000000000000        6.6883663449130382E-002
   232.00000000000000        6.6746471234902960E-002
   233.00000000000000        6.6839545331198791E-002
   234.00000000000000        6.6750119707667921E-002
   235.00000000000000        6.7490618643455319E-002
   236.00000000000000        6.8253791650790652E-002
   237.00000000000000        7.0235044317451353E-002
   238.00000000000000        7.1304932705309881E-002
   239.00000000000000        7.2182491075130251E-002
   240.00000000000000        7.1915021928543724E-002
   241.00000000000000        7.1475812809799866E-002
   242.00000000000000        7.0425179051280970E-002
   243.00000000000000        7.0281948046060624E-002
   244.00000000000000        7.0809805687990057E-002
   245.00000000000000        7.1547745225169809E-002
   246.00000000000000        7.2866539742804409E-002
   247.00000000000000        7.3630033912490692E-002
   248.00000000000000        7.3590898750199640E-002
   249.00000000000000        7.2894307436005112E-002
   250.00000000000000        7.3364399567129993E-002
   251.00000000000000        7.3587207400615293E-002
   252.00000000000000        7.5300272388578712E-002
   253.00000000000000        7.6306013947385926E-002
   254.00000000000000        7.6436500545887603E-002
   255.00000000000000        7.6427804005130051E-002
   256.00000000000000        7.5651584162922433E-002
   257.00000000000000        7.4778533265479327E-002
   258.00000000000000        7.4585025386539813E-002
   259.00000000000000        7.5962497205764257E-002
   260.00000000000000        7.7338240982463460E-002
   261.00000000000000        7.9065108452193486E-002
   262.00000000000000        7.9436331560238604E-002
   263.00000000000000        7.8812872648388627E-002
   264.00000000000000        7.7780101123997122E-002
   265.00000000000000        7.7214625608844081E-002
   266.00000000000000        7.6514460221134714E-002
   267.00000000000000        7.7354207202673705E-002
   268.00000000000000        7.8466722272398495E-002
   269.00000000000000        7.9582020560643424E-002
   270.00000000000000        7.9857655028350516E-002
   271.00000000000000        7.9960074329195954E-002
   272.00000000000000        7.9627564880267412E-002
   273.00000000000000        7.9102807538586187E-002
   274.00000000000000        7.9076164338897845E-002
   275.00000000000000        7.9612747697498418E-002
   276.00000000000000        8.0178268823092647E-002
   277.00000000000000        8.0804839560963390E-002
   278.00000000000000        8.1164142496478214E-002
   279.00000000000000        8.1292067591786824E-002
   280.00000000000000        8.1130801975706712E-002
   281.00000000000000        8.1168920978757025E-002
   282.00000000000000        8.1111642004128945E-002
   283.00000000000000        8.2009655172036150E-002
   284.00000000000000        8.2802034508646330E-002
   285.00000000000000        8.3160291093185165E-002
   286.00000000000000        8.3813604353141946E-002
   287.00000000000000        8.3552892428052375E-002
   288.00000000000000        8.3843843724407563E-002
   289.00000000000000        8.3827606775000202E-002
   290.00000000000000        8.4213217837348045E-002
   291.00000000000000        8.4203932351264776E-002
   292.00000000000000        8.4780252239204282E-002
   293.00000000000000        8.6316428191829123E-002
   294.00000000000000        8.6505123521511545E-002
   295.00000000000000        8.6915178520749120E-002
   296.00000000000000        8.6642685831749514E-002
   297.00000000000000        8.6913783131338351E-002
   298.00000000000000        8.7529096268021855E-002
   299.00000000000000        8.7881383301648311E-002
   300.00000000000000        8.8145622367994780E-002
   301.00000000000000        8.8275635490245266E-002
   302.00000000000000        8.8067477588856344E-002
   303.00000000000000        8.7926688288025495E-002
   304.00000000000000        8.7767708267240035E-002
   305.00000000000000        8.8082464708693839E-002
   306.00000000000000        8.8633187607570982E-002
   307.00000000000000        8.9600003393026775E-002
   308.00000000000000        9.0984331253215187E-002
   309.00000000000000        9.1395533710230681E-002
   310.00000000000000        9.1568790198385805E-002
   311.00000000000000        9.0933766322430581E-002
   312.00000000000000        9.0657299800176214E-002
   313.00000000000000        9.0705859766719105E-002
   314.00000000000000        9.0873128794965577E-002
   315.00000000000000        9.1477125372169302E-002
   316.00000000000000        9.2514762215316390E-002
   317.00000000000000        9.2756370349025646E-002
   318.00000000000000        9.3046223458709165E-002
   319.00000000000000        9.2464999848141965E-002
   320.00000000000000        9.2451451939437865E-002
   321.00000000000000        9.2741027989141633E-002
   322.00000000000000        9.3713849570717628E-002
   323.00000000000000        9.5051775154700716E-002
   324.00000000000000        9.5895554509389677E-002
   325.00000000000000        9.6331876337078792E-002
   326.00000000000000        9.5991684601047983E-002
   327.00000000000000        9.5440038716439232E-002
   328.00000000000000        9.5320085358721954E-002
   329.00000000000000        9.6053233344993064E-002
   330.00000000000000        9.7215183439259834E-002
   331.00000000000000        9.8478215210043712E-002
   332.00000000000000        9.8388171713656977E-002
   333.00000000000000        9.8676879622243238E-002
   334.00000000000000        9.7755097226429388E-002
   335.00000000000000        9.7831425129748212E-002
   336.00000000000000        9.7588396007815492E-002
   337.00000000000000        9.7887209588617768E-002
   338.00000000000000        9.7821138541581046E-002
   339.00000000000000        9.8026276394810499E-002
   340.00000000000000        9.8480555577909426E-002
   341.00000000000000        9.8653461267723466E-002
   342.00000000000000        9.8393844345628534E-002
   343.00000000000000        9.9074490774454738E-002
   344.00000000000000        9.9861321434777495E-002
   345.00000000000000       0.10007723942663124     
   346.00000000000000       0.10022178338972124     
   347.00000000000000       0.10082260008096612     
   348.00000000000000       0.10073848572857329     
   349.00000000000000       0.10122145912116071     
   350.00000000000000       0.10153332793728548     
   351.00000000000000       0.10173767256439592     
   352.00000000000000       0.10258746594927469     
   353.00000000000000       0.10264453779175015     
   354.00000000000000       0.10298162835124765     
   355.00000000000000       0.10325730693995203     
   356.00000000000000       0.10367604695969915     
   357.00000000000000       0.10354840885254217     
   358.00000000000000       0.10383428267623918     
   359.00000000000000       0.10421527791642049     
   360.00000000000000       0.10489424686440632     
   361.00000000000000       0.10577805733125180     
   362.00000000000000       0.10595845092617064     
   363.00000000000000       0.10668796023782939     
   364.00000000000000       0.10748470594135713     
   365.00000000000000       0.10730291097811932     
   366.00000000000000       0.10791300994690968     
   367.00000000000000       0.10867323164460635     
   368.00000000000000       0.10756358742676175     
   369.00000000000000       0.10664002674729067     
   370.00000000000000       0.10629578312957433     
   371.00000000000000       0.10757465687097276     
   372.00000000000000       0.10733336356057167     
   373.00000000000000       0.10778633742405581     
   374.00000000000000       0.10825936002703235     
   375.00000000000000       0.10818037880660474     
   376.00000000000000       0.10818251707345068     
   377.00000000000000       0.10833800721702838     
   378.00000000000000       0.10854582469653720     
   379.00000000000000       0.10892506887575631     
   380.00000000000000       0.10974992049861672     
   381.00000000000000       0.11102966963226203     
   382.00000000000000       0.11178357509002083     
   383.00000000000000       0.11167011721948196     
   384.00000000000000       0.11198084888004899     
   385.00000000000000       0.11100287991294039     
   386.00000000000000       0.11104648631000565     
   387.00000000000000       0.11132774118468783     
   388.00000000000000       0.11187006271912277     
   389.00000000000000       0.11297474788699316     
   390.00000000000000       0.11388835147380084     
   391.00000000000000       0.11407852605328998     
   392.00000000000000       0.11434045253119500     
   393.00000000000000       0.11419660342418050     
   394.00000000000000       0.11486867189046703     
   395.00000000000000       0.11503798730672411     
   396.00000000000000       0.11480291293795188     
   397.00000000000000       0.11596561370857274     
   398.00000000000000       0.11669309322988888     
   399.00000000000000       0.11763248911074629     
   400.00000000000000       0.11761761651997811     
   401.00000000000000       0.11832952095255264     
   402.00000000000000       0.11883604112638838     
   403.00000000000000       0.11875257062147540     
   404.00000000000000       0.11884345990617312     
   405.00000000000000       0.11919584029243342     
   406.00000000000000       0.11897696558388775     
   407.00000000000000       0.11901605562025337     
   408.00000000000000       0.11997972134968450     
   409.00000000000000       0.12010088667873689     
   410.00000000000000       0.11980976030693512     
   411.00000000000000       0.11969300227547511     
   412.00000000000000       0.11916927810855912     
   413.00000000000000       0.11917243089518485     
   414.00000000000000       0.12047991302707618     
   415.00000000000000       0.12085459237766477     
   416.00000000000000       0.12140794910588627     
   417.00000000000000       0.12124952321481258     
   418.00000000000000       0.12138687759328427     
   419.00000000000000       0.12104075367540755     
   420.00000000000000       0.12040314337484308     
   421.00000000000000       0.12138633224929291     
   422.00000000000000       0.12146340531344349     
   423.00000000000000       0.12212408613367186     
   424.00000000000000       0.12230615416095900     
   425.00000000000000       0.12293872207993940     
   426.00000000000000       0.12247762220365471     
   427.00000000000000       0.12283004853075742     
   428.00000000000000       0.12307571119344848     
   429.00000000000000       0.12464918689782702     
   430.00000000000000       0.12572956435961441     
   431.00000000000000       0.12696098418046753     
   432.00000000000000       0.12620245968425073     
   433.00000000000000       0.12654550134001352     
   434.00000000000000       0.12646732762231522     
   435.00000000000000       0.12621496935121351     
   436.00000000000000       0.12635449248678807     
   437.00000000000000       0.12714952416537281     
   438.00000000000000       0.12817143669807191     
   439.00000000000000       0.12923813855404129     
   440.00000000000000       0.12930339757927881     
   441.00000000000000       0.13029258355790366     
   442.00000000000000       0.13003752276705605     
   443.00000000000000       0.12997339245261932     
   444.00000000000000       0.12964414258535006     
   445.00000000000000       0.13032651657591504     
   446.00000000000000       0.13114402185280527     
   447.00000000000000       0.13203459007115850     
   448.00000000000000       0.13175529760603244     
   449.00000000000000       0.13197991746895230     
   450.00000000000000       0.13134832551760317     
   451.00000000000000       0.13137932343995135     
   452.00000000000000       0.13251866745184934     
   453.00000000000000       0.13303261031203398     
   454.00000000000000       0.13401226101181143     
   455.00000000000000       0.13451340816112733     
   456.00000000000000       0.13538796049422441     
   457.00000000000000       0.13513066430318235     
   458.00000000000000       0.13402229255458462     
   459.00000000000000       0.13324348126586946     
   460.00000000000000       0.13347216976185922     
   461.00000000000000       0.13352584662200936     
   462.00000000000000       0.13462954126770765     
   463.00000000000000       0.13433359018403482     
   464.00000000000000       0.13440838490458396     
   465.00000000000000       0.13453573625356441     
   466.00000000000000       0.13416130249918329     
   467.00000000000000       0.13415160009060723     
   468.00000000000000       0.13548783917225049     
   469.00000000000000       0.13561079701339598     
   470.00000000000000       0.13655271997296251     
   471.00000000000000       0.13667219236855327     
   472.00000000000000       0.13744520325696227     
   473.00000000000000       0.13812598265040590     
   474.00000000000000       0.13801784186741212     
   475.00000000000000       0.13806551881874443     
   476.00000000000000       0.13856010321129916     
   477.00000000000000       0.13868923400454711     
   478.00000000000000       0.13865314998750600     
   479.00000000000000       0.13957456847369373     
   480.00000000000000       0.13962717098786206     
   481.00000000000000       0.13997755744300863     
   482.00000000000000       0.13999108128198787     
   483.00000000000000       0.14099474999450617     
   484.00000000000000       0.13983923546673488     
   485.00000000000000       0.14054142650565252     
   486.00000000000000       0.14109575488846626     
   487.00000000000000       0.14177608445229153     
   488.00000000000000       0.14208838700640089     
   489.00000000000000       0.14203501005929325     
   490.00000000000000       0.14285406976598525     
   491.00000000000000       0.14407498573166047     
   492.00000000000000       0.14405697920095770     
   493.00000000000000       0.14445051689551797     
   494.00000000000000       0.14425391540293056     
   495.00000000000000       0.14446018918556119     
   496.00000000000000       0.14454984727826359     
   497.00000000000000       0.14445700696118197     
   498.00000000000000       0.14468742965881279     
   499.00000000000000       0.14462257839634352     
   500.00000000000000       0.14591106161326309     
   501.00000000000000       0.14570285703402189     
