   1.0000000000000000        1.3565823816751965E-004
   2.0000000000000000        4.5485483397196948E-004
   3.0000000000000000        8.2638531979634187E-004
   4.0000000000000000        1.1455379681338707E-003
   5.0000000000000000        1.4149743067208237E-003
   6.0000000000000000        1.6729212863826380E-003
   7.0000000000000000        1.9611203907515511E-003
   8.0000000000000000        2.2731742231922205E-003
   9.0000000000000000        2.5921650714707746E-003
   10.000000000000000        2.9321939297666556E-003
   11.000000000000000        3.2699405279486820E-003
   12.000000000000000        3.6012525911061763E-003
   13.000000000000000        3.9106905586250001E-003
   14.000000000000000        4.2001304336622336E-003
   15.000000000000000        4.4579593331778309E-003
   16.000000000000000        4.7256292856072005E-003
   17.000000000000000        4.9845103911478113E-003
   18.000000000000000        5.2811695574441252E-003
   19.000000000000000        5.5777586038977516E-003
   20.000000000000000        5.8429206305285310E-003
   21.000000000000000        6.1043617669300863E-003
   22.000000000000000        6.4390226092964275E-003
   23.000000000000000        6.7659288398893881E-003
   24.000000000000000        7.0716444283187956E-003
   25.000000000000000        7.3919821605602648E-003
   26.000000000000000        7.6789197727542965E-003
   27.000000000000000        7.9989292219744875E-003
   28.000000000000000        8.2622648697311257E-003
   29.000000000000000        8.5118510721379579E-003
   30.000000000000000        8.7642098444941155E-003
   31.000000000000000        9.0466695694237202E-003
   32.000000000000000        9.3766415547268007E-003
   33.000000000000000        9.7577526787877410E-003
   34.000000000000000        1.0065350665040841E-002
   35.000000000000000        1.0344770903058249E-002
   36.000000000000000        1.0593215125001058E-002
   37.000000000000000        1.0969605998356755E-002
   38.000000000000000        1.1252684094200634E-002
   39.000000000000000        1.1647195067498305E-002
   40.000000000000000        1.1991775865319005E-002
   41.000000000000000        1.2182648572268653E-002
   42.000000000000000        1.2386226071159802E-002
   43.000000000000000        1.2617492149596109E-002
   44.000000000000000        1.2774031067002225E-002
   45.000000000000000        1.3046409478945076E-002
   46.000000000000000        1.3283665145949025E-002
   47.000000000000000        1.3696298685913573E-002
   48.000000000000000        1.4104477377866463E-002
   49.000000000000000        1.4355981297418788E-002
   50.000000000000000        1.4598272059014976E-002
   51.000000000000000        1.4760196231571418E-002
   52.000000000000000        1.5055944792322756E-002
   53.000000000000000        1.5358583362171408E-002
   54.000000000000000        1.5723861383673588E-002
   55.000000000000000        1.6048540990192751E-002
   56.000000000000000        1.6429376676054461E-002
   57.000000000000000        1.6801063553009705E-002
   58.000000000000000        1.7210362747124359E-002
   59.000000000000000        1.7619197075625714E-002
   60.000000000000000        1.7969360566616351E-002
   61.000000000000000        1.8199106219017189E-002
   62.000000000000000        1.8364734649851111E-002
   63.000000000000000        1.8647194681260450E-002
   64.000000000000000        1.9222651560625036E-002
   65.000000000000000        1.9954930404482683E-002
   66.000000000000000        2.0397722105235563E-002
   67.000000000000000        2.0677059798697290E-002
   68.000000000000000        2.0536027327663846E-002
   69.000000000000000        2.0424766586934869E-002
   70.000000000000000        2.0324412286946637E-002
   71.000000000000000        2.0761496995650972E-002
   72.000000000000000        2.1340476517901781E-002
   73.000000000000000        2.1889909397699903E-002
   74.000000000000000        2.2319990849085633E-002
   75.000000000000000        2.2416012946436702E-002
   76.000000000000000        2.2444943197939750E-002
   77.000000000000000        2.2521793719741189E-002
   78.000000000000000        2.2753155478577487E-002
   79.000000000000000        2.3125913427466525E-002
   80.000000000000000        2.3609932264090645E-002
   81.000000000000000        2.4043923462992396E-002
   82.000000000000000        2.4116127071311604E-002
   83.000000000000000        2.4338355250750482E-002
   84.000000000000000        2.4483177185108718E-002
   85.000000000000000        2.4823592747510746E-002
   86.000000000000000        2.5230503306096198E-002
   87.000000000000000        2.5645305452007817E-002
   88.000000000000000        2.5781244021945763E-002
   89.000000000000000        2.5967195778385882E-002
   90.000000000000000        2.6313101729103394E-002
   91.000000000000000        2.6768945283541082E-002
   92.000000000000000        2.7023691319749219E-002
   93.000000000000000        2.7284451887696744E-002
   94.000000000000000        2.7661241201215235E-002
   95.000000000000000        2.7899758653273259E-002
   96.000000000000000        2.8217861071319690E-002
   97.000000000000000        2.8297877668800299E-002
   98.000000000000000        2.8532286292893987E-002
   99.000000000000000        2.8719198485199469E-002
   100.00000000000000        2.9070740738913334E-002
   101.00000000000000        2.9430211069453066E-002
   102.00000000000000        2.9736997251196703E-002
   103.00000000000000        2.9966347822034004E-002
   104.00000000000000        3.0305411213468306E-002
   105.00000000000000        3.0654399370899005E-002
   106.00000000000000        3.1011741028840672E-002
   107.00000000000000        3.1455063839771279E-002
   108.00000000000000        3.1812662366456676E-002
   109.00000000000000        3.2045978377456222E-002
   110.00000000000000        3.2438206049040630E-002
   111.00000000000000        3.2638515189636549E-002
   112.00000000000000        3.2874625881112507E-002
   113.00000000000000        3.3087612422782450E-002
   114.00000000000000        3.3249320153059890E-002
   115.00000000000000        3.3661519473404927E-002
   116.00000000000000        3.3953241380338603E-002
   117.00000000000000        3.4199655440644718E-002
   118.00000000000000        3.4695925880217422E-002
   119.00000000000000        3.5091262269985699E-002
   120.00000000000000        3.5493267618795316E-002
   121.00000000000000        3.5493524212935043E-002
   122.00000000000000        3.5778063945517122E-002
   123.00000000000000        3.6240733236789724E-002
   124.00000000000000        3.6926591645320257E-002
   125.00000000000000        3.7661362784202485E-002
   126.00000000000000        3.8162665349433675E-002
   127.00000000000000        3.8221388947001125E-002
   128.00000000000000        3.7980228321144449E-002
   129.00000000000000        3.7721370483601351E-002
   130.00000000000000        3.7925264170278111E-002
   131.00000000000000        3.7887758223870235E-002
   132.00000000000000        3.8179780323453032E-002
   133.00000000000000        3.8694729689657946E-002
   134.00000000000000        3.9003984236472382E-002
   135.00000000000000        3.9188525593717619E-002
   136.00000000000000        3.9389489527821113E-002
   137.00000000000000        3.9868933313801765E-002
   138.00000000000000        4.0239554320789489E-002
   139.00000000000000        4.0575990359846312E-002
   140.00000000000000        4.0751794988850808E-002
   141.00000000000000        4.1242119202966700E-002
   142.00000000000000        4.1772995474738568E-002
   143.00000000000000        4.1951193930284875E-002
   144.00000000000000        4.2021205692194398E-002
   145.00000000000000        4.2083989683016132E-002
   146.00000000000000        4.2471282188673819E-002
   147.00000000000000        4.2676239073152114E-002
   148.00000000000000        4.3187576128321491E-002
   149.00000000000000        4.3636458290502396E-002
   150.00000000000000        4.4083969435988121E-002
   151.00000000000000        4.4511239895601851E-002
   152.00000000000000        4.4977727341434882E-002
   153.00000000000000        4.4972298738017329E-002
   154.00000000000000        4.4883532745427231E-002
   155.00000000000000        4.5101943721130563E-002
   156.00000000000000        4.5346832960062165E-002
   157.00000000000000        4.6208906408379768E-002
   158.00000000000000        4.6862504761697676E-002
   159.00000000000000        4.6893430943251956E-002
   160.00000000000000        4.7146347194608619E-002
   161.00000000000000        4.7074203571783359E-002
   162.00000000000000        4.7133278249073769E-002
   163.00000000000000        4.7742779372638842E-002
   164.00000000000000        4.8506228939966395E-002
   165.00000000000000        4.9342377255156632E-002
   166.00000000000000        4.9758710287910318E-002
   167.00000000000000        4.9486395665666559E-002
   168.00000000000000        4.9278566920971649E-002
   169.00000000000000        4.9126189347776905E-002
   170.00000000000000        4.9622367400745292E-002
   171.00000000000000        4.9869995170750255E-002
   172.00000000000000        5.0555305405398668E-002
   173.00000000000000        5.1130056547119627E-002
   174.00000000000000        5.1596718738247643E-002
   175.00000000000000        5.1553599730166780E-002
   176.00000000000000        5.1731019491001187E-002
   177.00000000000000        5.1479900016897222E-002
   178.00000000000000        5.1598802632053492E-002
   179.00000000000000        5.1696331006973455E-002
   180.00000000000000        5.2073199410554098E-002
   181.00000000000000        5.2669238702621975E-002
   182.00000000000000        5.3604804888793572E-002
   183.00000000000000        5.4021142890980110E-002
   184.00000000000000        5.3710713132786470E-002
   185.00000000000000        5.3896789501374422E-002
   186.00000000000000        5.3949057803311121E-002
   187.00000000000000        5.4225687266929196E-002
   188.00000000000000        5.4659719807540134E-002
   189.00000000000000        5.5058159961161375E-002
   190.00000000000000        5.5161272941583142E-002
   191.00000000000000        5.5605541090378109E-002
   192.00000000000000        5.5925316544154613E-002
   193.00000000000000        5.6063363001146546E-002
   194.00000000000000        5.6293422920983306E-002
   195.00000000000000        5.6827155787758800E-002
   196.00000000000000        5.7083307507961811E-002
   197.00000000000000        5.7747008844290730E-002
   198.00000000000000        5.8242487606277073E-002
   199.00000000000000        5.8572754395039020E-002
   200.00000000000000        5.9182639355775564E-002
   201.00000000000000        5.9085626512960558E-002
   202.00000000000000        5.8623519434752740E-002
   203.00000000000000        5.8668263918236117E-002
   204.00000000000000        5.9151305659616377E-002
   205.00000000000000        5.9916528215312348E-002
   206.00000000000000        6.0214043556729754E-002
   207.00000000000000        6.0269538758539187E-002
   208.00000000000000        6.1066295131868009E-002
   209.00000000000000        6.1400951414500693E-002
   210.00000000000000        6.1390151703003305E-002
   211.00000000000000        6.1491985269692365E-002
   212.00000000000000        6.1963497694530613E-002
   213.00000000000000        6.2089982887759659E-002
   214.00000000000000        6.2513603143417903E-002
   215.00000000000000        6.3229179884871825E-002
   216.00000000000000        6.3245395978391281E-002
   217.00000000000000        6.3348024270431402E-002
   218.00000000000000        6.3567073940401425E-002
   219.00000000000000        6.4024611646398236E-002
   220.00000000000000        6.4517943374940670E-002
   221.00000000000000        6.4875423680500061E-002
   222.00000000000000        6.5585269995410103E-002
   223.00000000000000        6.5836560290443755E-002
   224.00000000000000        6.5626724624324589E-002
   225.00000000000000        6.5669222708471628E-002
   226.00000000000000        6.5444775306293779E-002
   227.00000000000000        6.5973189584161665E-002
   228.00000000000000        6.6055880944531006E-002
   229.00000000000000        6.6392459743803089E-002
   230.00000000000000        6.7163039108023181E-002
   231.00000000000000        6.7034874358795696E-002
   232.00000000000000        6.7304678757377265E-002
   233.00000000000000        6.7248388761540448E-002
   234.00000000000000        6.7368135903153603E-002
   235.00000000000000        6.7684625985810654E-002
   236.00000000000000        6.8887606126769682E-002
   237.00000000000000        7.0325357123431215E-002
   238.00000000000000        7.1929092707627124E-002
   239.00000000000000        7.2592958726146656E-002
   240.00000000000000        7.2658718370734066E-002
   241.00000000000000        7.2031483224452492E-002
   242.00000000000000        7.1214267869160824E-002
   243.00000000000000        7.0570971812436559E-002
   244.00000000000000        7.1085880743837981E-002
   245.00000000000000        7.2254286900498760E-002
   246.00000000000000        7.3139983808614875E-002
   247.00000000000000        7.3893982704250447E-002
   248.00000000000000        7.4019568436500427E-002
   249.00000000000000        7.3542816535979050E-002
   250.00000000000000        7.3110702367402955E-002
   251.00000000000000        7.4287221689509922E-002
   252.00000000000000        7.5868033320121542E-002
   253.00000000000000        7.6544509008054804E-002
   254.00000000000000        7.6706753569901420E-002
   255.00000000000000        7.6461559132640924E-002
   256.00000000000000        7.6024764623531721E-002
   257.00000000000000        7.5400978489080867E-002
   258.00000000000000        7.5158676813188566E-002
   259.00000000000000        7.5991966656516127E-002
   260.00000000000000        7.8079348606092572E-002
   261.00000000000000        7.9167928202754090E-002
   262.00000000000000        7.9652132539816817E-002
   263.00000000000000        7.9306087667281575E-002
   264.00000000000000        7.8203600493348180E-002
   265.00000000000000        7.7169201130818973E-002
   266.00000000000000        7.6827270878738640E-002
   267.00000000000000        7.7740561891583071E-002
   268.00000000000000        7.8474581342408131E-002
   269.00000000000000        7.9391739644365883E-002
   270.00000000000000        8.0212525430192624E-002
   271.00000000000000        8.0084617283167001E-002
   272.00000000000000        7.9910449756442237E-002
   273.00000000000000        7.9790585344963513E-002
   274.00000000000000        7.9512549221089662E-002
   275.00000000000000        8.0285724401942593E-002
   276.00000000000000        8.0652166303488815E-002
   277.00000000000000        8.0980455024527304E-002
   278.00000000000000        8.1305151012815630E-002
   279.00000000000000        8.1546509148914509E-002
   280.00000000000000        8.1392771273109427E-002
   281.00000000000000        8.1408844757558205E-002
   282.00000000000000        8.2292462099824618E-002
   283.00000000000000        8.2873291377884059E-002
   284.00000000000000        8.3552901230560750E-002
   285.00000000000000        8.4087759979542348E-002
   286.00000000000000        8.4461777992893478E-002
   287.00000000000000        8.4403527178299464E-002
   288.00000000000000        8.4393548180652075E-002
   289.00000000000000        8.4349552205202183E-002
   290.00000000000000        8.4392600999643547E-002
   291.00000000000000        8.4641493199507978E-002
   292.00000000000000        8.6004060461231269E-002
   293.00000000000000        8.6860335405071029E-002
   294.00000000000000        8.7053285232929573E-002
   295.00000000000000        8.7330045297270509E-002
   296.00000000000000        8.7448238720007107E-002
   297.00000000000000        8.7477143690865469E-002
   298.00000000000000        8.7854027742308202E-002
   299.00000000000000        8.8273789871306393E-002
   300.00000000000000        8.8360550325485676E-002
   301.00000000000000        8.8477979772039750E-002
   302.00000000000000        8.8064183598502793E-002
   303.00000000000000        8.8173796377342975E-002
   304.00000000000000        8.8349237526190783E-002
   305.00000000000000        8.8724333161986718E-002
   306.00000000000000        8.9176506392730115E-002
   307.00000000000000        9.0324530554859159E-002
   308.00000000000000        9.1034126256063677E-002
   309.00000000000000        9.2384718387178377E-002
   310.00000000000000        9.1982739740782540E-002
   311.00000000000000        9.1253343538028428E-002
   312.00000000000000        9.1247353018510002E-002
   313.00000000000000        9.1188765792007312E-002
   314.00000000000000        9.1502587732175983E-002
   315.00000000000000        9.1974461949249312E-002
   316.00000000000000        9.3129498740150890E-002
   317.00000000000000        9.3786495743247864E-002
   318.00000000000000        9.3268061504155592E-002
   319.00000000000000        9.3069015898726321E-002
   320.00000000000000        9.2822787323913108E-002
   321.00000000000000        9.3038681480445973E-002
   322.00000000000000        9.4562868709424180E-002
   323.00000000000000        9.5628943773707717E-002
   324.00000000000000        9.6531423029763752E-002
   325.00000000000000        9.7013176523044933E-002
   326.00000000000000        9.6988714044618229E-002
   327.00000000000000        9.6478748723243746E-002
   328.00000000000000        9.6520608307403027E-002
   329.00000000000000        9.6831052556337532E-002
   330.00000000000000        9.7791018249247394E-002
   331.00000000000000        9.8497500316988909E-002
   332.00000000000000        9.8818003181816202E-002
   333.00000000000000        9.9081881919228038E-002
   334.00000000000000        9.8632000301346556E-002
   335.00000000000000        9.8700127803858367E-002
   336.00000000000000        9.8622324254509369E-002
   337.00000000000000        9.8970057862248523E-002
   338.00000000000000        9.8874041805430468E-002
   339.00000000000000        9.8339228307836674E-002
   340.00000000000000        9.9137595056431979E-002
   341.00000000000000        9.9095876949826980E-002
   342.00000000000000        9.9332482016200416E-002
   343.00000000000000        9.9842405720751426E-002
   344.00000000000000       0.10027387043255581     
   345.00000000000000       0.10116631490456686     
   346.00000000000000       0.10111696355387483     
   347.00000000000000       0.10105748244813137     
   348.00000000000000       0.10166475046841883     
   349.00000000000000       0.10115462126835431     
   350.00000000000000       0.10178128476446492     
   351.00000000000000       0.10275400632776618     
   352.00000000000000       0.10324874940796641     
   353.00000000000000       0.10314593861424354     
   354.00000000000000       0.10325420788259700     
   355.00000000000000       0.10378104725174395     
   356.00000000000000       0.10447193978919554     
   357.00000000000000       0.10405162449244233     
   358.00000000000000       0.10365645749148227     
   359.00000000000000       0.10407680919070610     
   360.00000000000000       0.10564218404563881     
   361.00000000000000       0.10610709657710232     
   362.00000000000000       0.10672422609083865     
   363.00000000000000       0.10745112658602557     
   364.00000000000000       0.10734063198897807     
   365.00000000000000       0.10821797298748920     
   366.00000000000000       0.10851490099915440     
   367.00000000000000       0.10803491056775855     
   368.00000000000000       0.10768332253222232     
   369.00000000000000       0.10726850966853886     
   370.00000000000000       0.10751558736895146     
   371.00000000000000       0.10811337784045072     
   372.00000000000000       0.10797940141844205     
   373.00000000000000       0.10822123364100848     
   374.00000000000000       0.10843135961138761     
   375.00000000000000       0.10889587428109546     
   376.00000000000000       0.10847923598621488     
   377.00000000000000       0.10865227412486242     
   378.00000000000000       0.10874403013846180     
   379.00000000000000       0.10941667004574411     
   380.00000000000000       0.11026317011623150     
   381.00000000000000       0.11185808985542756     
   382.00000000000000       0.11181980177324514     
   383.00000000000000       0.11280227633644058     
   384.00000000000000       0.11221254687143879     
   385.00000000000000       0.11185321543598226     
   386.00000000000000       0.11225352001657797     
   387.00000000000000       0.11253593919589025     
   388.00000000000000       0.11226811311532951     
   389.00000000000000       0.11345613330902225     
   390.00000000000000       0.11452988227725561     
   391.00000000000000       0.11458450523916934     
   392.00000000000000       0.11499971592066868     
   393.00000000000000       0.11576960661450660     
   394.00000000000000       0.11527280430038432     
   395.00000000000000       0.11557683250506563     
   396.00000000000000       0.11582611900395980     
   397.00000000000000       0.11656722673535565     
   398.00000000000000       0.11695903066182560     
   399.00000000000000       0.11718563670336375     
   400.00000000000000       0.11760268017781821     
   401.00000000000000       0.11839110478070539     
   402.00000000000000       0.11932506322349729     
   403.00000000000000       0.11942140148685708     
   404.00000000000000       0.11947575569347411     
   405.00000000000000       0.11985012147644090     
   406.00000000000000       0.12027276885324988     
   407.00000000000000       0.12011236358059453     
   408.00000000000000       0.12022422207983627     
   409.00000000000000       0.12036420974734731     
   410.00000000000000       0.12060528308395110     
   411.00000000000000       0.12049270759052874     
   412.00000000000000       0.12023155382158003     
   413.00000000000000       0.12076289966221006     
   414.00000000000000       0.12121308323170643     
   415.00000000000000       0.12078365555145648     
   416.00000000000000       0.12152768719930879     
   417.00000000000000       0.12230750490286640     
   418.00000000000000       0.12168231567040212     
   419.00000000000000       0.12163137778262563     
   420.00000000000000       0.12108325488730924     
   421.00000000000000       0.12163171194786884     
   422.00000000000000       0.12241206761432584     
   423.00000000000000       0.12261181702335995     
   424.00000000000000       0.12299778675144800     
   425.00000000000000       0.12331926071473108     
   426.00000000000000       0.12339722328631776     
   427.00000000000000       0.12270436671292148     
   428.00000000000000       0.12388822216695483     
   429.00000000000000       0.12495948780036034     
   430.00000000000000       0.12609930583605661     
   431.00000000000000       0.12686254798985039     
   432.00000000000000       0.12733734418301457     
   433.00000000000000       0.12651308604882533     
   434.00000000000000       0.12713578948262430     
   435.00000000000000       0.12765444373504994     
   436.00000000000000       0.12773527662200929     
   437.00000000000000       0.12825876063844766     
   438.00000000000000       0.12920584839342966     
   439.00000000000000       0.12925782994365059     
   440.00000000000000       0.13039198678905384     
   441.00000000000000       0.13063370915205486     
   442.00000000000000       0.13060789593044711     
   443.00000000000000       0.13047457776741470     
   444.00000000000000       0.13033748526336297     
   445.00000000000000       0.13063239889049616     
   446.00000000000000       0.13121008524307348     
   447.00000000000000       0.13269207790775486     
   448.00000000000000       0.13299636139489807     
   449.00000000000000       0.13223175018241651     
   450.00000000000000       0.13143375896665285     
   451.00000000000000       0.13198088979468017     
   452.00000000000000       0.13336120375531599     
   453.00000000000000       0.13449731356163985     
   454.00000000000000       0.13445645308265694     
   455.00000000000000       0.13499143219910209     
   456.00000000000000       0.13608136875642105     
   457.00000000000000       0.13620630104895504     
   458.00000000000000       0.13504390706155558     
   459.00000000000000       0.13381402777276105     
   460.00000000000000       0.13434598440766918     
   461.00000000000000       0.13481982880765667     
   462.00000000000000       0.13513529519699455     
   463.00000000000000       0.13564269957618949     
   464.00000000000000       0.13550738640492022     
   465.00000000000000       0.13468576438229338     
   466.00000000000000       0.13544022342737216     
   467.00000000000000       0.13561300548066785     
   468.00000000000000       0.13569255096498498     
   469.00000000000000       0.13617151169027542     
   470.00000000000000       0.13761544790218011     
   471.00000000000000       0.13854088237868833     
   472.00000000000000       0.13792218001269993     
   473.00000000000000       0.13806183984331880     
   474.00000000000000       0.13867203191116523     
   475.00000000000000       0.13896848599301842     
   476.00000000000000       0.13907342566314324     
   477.00000000000000       0.13948870025718937     
   478.00000000000000       0.13961819240355355     
   479.00000000000000       0.13983991340879648     
   480.00000000000000       0.13979844424207458     
   481.00000000000000       0.14094838993168535     
   482.00000000000000       0.14128428370731153     
   483.00000000000000       0.14087339325154230     
   484.00000000000000       0.14146699758002929     
   485.00000000000000       0.14102426634827367     
   486.00000000000000       0.14163273069185758     
   487.00000000000000       0.14241079410679902     
   488.00000000000000       0.14310420490538495     
   489.00000000000000       0.14312480510142583     
   490.00000000000000       0.14331581307761634     
   491.00000000000000       0.14390680990506902     
   492.00000000000000       0.14424442559347203     
   493.00000000000000       0.14444267528131105     
   494.00000000000000       0.14520444912437394     
   495.00000000000000       0.14509160334014257     
   496.00000000000000       0.14567416159129484     
   497.00000000000000       0.14583566478459858     
   498.00000000000000       0.14544667738865905     
   499.00000000000000       0.14586903380478111     
   500.00000000000000       0.14636086879823318     
   501.00000000000000       0.14631835673050600     
