   1.0000000000000000        2.3551263167529516E-004
   2.0000000000000000        6.0305861903804203E-004
   3.0000000000000000        9.8973860694061798E-004
   4.0000000000000000        1.3848074647032115E-003
   5.0000000000000000        1.7710337376107205E-003
   6.0000000000000000        2.1555249891792778E-003
   7.0000000000000000        2.5299856799235712E-003
   8.0000000000000000        2.9018412774466143E-003
   9.0000000000000000        3.2661298302218340E-003
   10.000000000000000        3.6467224507811080E-003
   11.000000000000000        4.0353624920083627E-003
   12.000000000000000        4.4240999200366388E-003
   13.000000000000000        4.8288137002858115E-003
   14.000000000000000        5.2026688422641037E-003
   15.000000000000000        5.5927898512183900E-003
   16.000000000000000        5.9914180890153559E-003
   17.000000000000000        6.4042131574063845E-003
   18.000000000000000        6.8117022302385038E-003
   19.000000000000000        7.1798952773888015E-003
   20.000000000000000        7.5851924156489833E-003
   21.000000000000000        8.0071690810087515E-003
   22.000000000000000        8.4116775034185753E-003
   23.000000000000000        8.8024643595917169E-003
   24.000000000000000        9.2040760897057049E-003
   25.000000000000000        9.5629431093376353E-003
   26.000000000000000        9.8956762769583598E-003
   27.000000000000000        1.0281784638719264E-002
   28.000000000000000        1.0661142020778521E-002
   29.000000000000000        1.1026464681307418E-002
   30.000000000000000        1.1391769102454263E-002
   31.000000000000000        1.1790653183297259E-002
   32.000000000000000        1.2273226226718628E-002
   33.000000000000000        1.2772360174577297E-002
   34.000000000000000        1.3193062966309361E-002
   35.000000000000000        1.3519654910511719E-002
   36.000000000000000        1.3830333670240785E-002
   37.000000000000000        1.4234921474470585E-002
   38.000000000000000        1.4660186136603559E-002
   39.000000000000000        1.5044515603044931E-002
   40.000000000000000        1.5381913819085172E-002
   41.000000000000000        1.5704618542206113E-002
   42.000000000000000        1.6011207076484808E-002
   43.000000000000000        1.6295401434186643E-002
   44.000000000000000        1.6535569651048812E-002
   45.000000000000000        1.6878765179591408E-002
   46.000000000000000        1.7316042685718354E-002
   47.000000000000000        1.7683326233091597E-002
   48.000000000000000        1.8063765274236771E-002
   49.000000000000000        1.8543082368519204E-002
   50.000000000000000        1.8941236422950404E-002
   51.000000000000000        1.9327354815881527E-002
   52.000000000000000        1.9764598295271468E-002
   53.000000000000000        2.0176551076578498E-002
   54.000000000000000        2.0557046814109307E-002
   55.000000000000000        2.0869553723725565E-002
   56.000000000000000        2.1218859976298826E-002
   57.000000000000000        2.1633681079353421E-002
   58.000000000000000        2.2120104152161563E-002
   59.000000000000000        2.2646000587228536E-002
   60.000000000000000        2.3179262194688122E-002
   61.000000000000000        2.3721304254234084E-002
   62.000000000000000        2.4204306991513363E-002
   63.000000000000000        2.4396503951616143E-002
   64.000000000000000        2.4712324000973566E-002
   65.000000000000000        2.5045594519152701E-002
   66.000000000000000        2.5367621382405409E-002
   67.000000000000000        2.5786596883553840E-002
   68.000000000000000        2.6361765440286438E-002
   69.000000000000000        2.6718776120047649E-002
   70.000000000000000        2.7153291908101944E-002
   71.000000000000000        2.7654790088571603E-002
   72.000000000000000        2.8153816962000606E-002
   73.000000000000000        2.8595899764148270E-002
   74.000000000000000        2.8926311763027616E-002
   75.000000000000000        2.9204255743107886E-002
   76.000000000000000        2.9518322303539006E-002
   77.000000000000000        2.9977066415691693E-002
   78.000000000000000        3.0453976120572327E-002
   79.000000000000000        3.0803425832649264E-002
   80.000000000000000        3.1007705734458008E-002
   81.000000000000000        3.1204423629951746E-002
   82.000000000000000        3.1495218436913899E-002
   83.000000000000000        3.1932450375199269E-002
   84.000000000000000        3.2272823364734408E-002
   85.000000000000000        3.2578793550478949E-002
   86.000000000000000        3.2743362129931605E-002
   87.000000000000000        3.2977615880068520E-002
   88.000000000000000        3.3356870968247875E-002
   89.000000000000000        3.3770515794677859E-002
   90.000000000000000        3.4107707462020777E-002
   91.000000000000000        3.4512287513179418E-002
   92.000000000000000        3.5064378579432648E-002
   93.000000000000000        3.5539329023236102E-002
   94.000000000000000        3.6005720297196363E-002
   95.000000000000000        3.6214225213808807E-002
   96.000000000000000        3.6403511482034669E-002
   97.000000000000000        3.6751003371580021E-002
   98.000000000000000        3.7158544152080759E-002
   99.000000000000000        3.7644103588956201E-002
   100.00000000000000        3.8198458565265804E-002
   101.00000000000000        3.8767786625344490E-002
   102.00000000000000        3.9352169482324638E-002
   103.00000000000000        3.9770849615477590E-002
   104.00000000000000        3.9896635700815711E-002
   105.00000000000000        3.9860352267173133E-002
   106.00000000000000        4.0044565839113207E-002
   107.00000000000000        4.0409032141548083E-002
   108.00000000000000        4.0958490978441599E-002
   109.00000000000000        4.1698711927549773E-002
   110.00000000000000        4.2474495635670247E-002
   111.00000000000000        4.2860280624273987E-002
   112.00000000000000        4.3118306354057279E-002
   113.00000000000000        4.3297699653561124E-002
   114.00000000000000        4.3530954008671137E-002
   115.00000000000000        4.3952227644686766E-002
   116.00000000000000        4.4692363426213036E-002
   117.00000000000000        4.5398874487398017E-002
   118.00000000000000        4.5981831826902381E-002
   119.00000000000000        4.6420919999946277E-002
   120.00000000000000        4.6697083550211370E-002
   121.00000000000000        4.6665018119935592E-002
   122.00000000000000        4.6398738935095010E-002
   123.00000000000000        4.6496506389503187E-002
   124.00000000000000        4.6660073125759149E-002
   125.00000000000000        4.7045590745697030E-002
   126.00000000000000        4.7576621907569776E-002
   127.00000000000000        4.8221493847828964E-002
   128.00000000000000        4.8820223708440920E-002
   129.00000000000000        4.9464110459902941E-002
   130.00000000000000        5.0063118336068545E-002
   131.00000000000000        5.0245046369653594E-002
   132.00000000000000        5.0423298907416370E-002
   133.00000000000000        5.0649999948348033E-002
   134.00000000000000        5.0865150354138168E-002
   135.00000000000000        5.1167804446492347E-002
   136.00000000000000        5.1391064776921090E-002
   137.00000000000000        5.1821003967436205E-002
   138.00000000000000        5.2257564569300786E-002
   139.00000000000000        5.2671257283752750E-002
   140.00000000000000        5.3122625125145422E-002
   141.00000000000000        5.3407743889646600E-002
   142.00000000000000        5.3861727585441388E-002
   143.00000000000000        5.4634024419544493E-002
   144.00000000000000        5.5553485607708265E-002
   145.00000000000000        5.6455945571791788E-002
   146.00000000000000        5.7041919792077990E-002
   147.00000000000000        5.7393716085790331E-002
   148.00000000000000        5.7759317048720622E-002
   149.00000000000000        5.7698734649854713E-002
   150.00000000000000        5.7602725123686783E-002
   151.00000000000000        5.7779716626337303E-002
   152.00000000000000        5.8282234066408728E-002
   153.00000000000000        5.9034354885957874E-002
   154.00000000000000        5.9558996571183527E-002
   155.00000000000000        5.9675284457998905E-002
   156.00000000000000        5.9834142392924484E-002
   157.00000000000000        5.9890716975168241E-002
   158.00000000000000        6.0272410742681838E-002
   159.00000000000000        6.1218063562435893E-002
   160.00000000000000        6.2414350604126645E-002
   161.00000000000000        6.3858836392938309E-002
   162.00000000000000        6.4787000989450325E-002
   163.00000000000000        6.4844233474256038E-002
   164.00000000000000        6.4464402671567000E-002
   165.00000000000000        6.3919495960272313E-002
   166.00000000000000        6.3916643235067266E-002
   167.00000000000000        6.4663971490397112E-002
   168.00000000000000        6.5308658707120923E-002
   169.00000000000000        6.5885610629684371E-002
   170.00000000000000        6.5983859790115854E-002
   171.00000000000000        6.5609191491771621E-002
   172.00000000000000        6.5373174056021957E-002
   173.00000000000000        6.5617792621421242E-002
   174.00000000000000        6.6087256003725600E-002
   175.00000000000000        6.6690707832741822E-002
   176.00000000000000        6.7141477606008415E-002
   177.00000000000000        6.8005388022486776E-002
   178.00000000000000        6.8682501221599995E-002
   179.00000000000000        6.9183286840429112E-002
   180.00000000000000        6.9341987664225196E-002
   181.00000000000000        6.9499092072232801E-002
   182.00000000000000        6.9472555264989147E-002
   183.00000000000000        6.9484018105260406E-002
   184.00000000000000        6.9711852007042441E-002
   185.00000000000000        7.0181483211264120E-002
   186.00000000000000        7.0806846703309376E-002
   187.00000000000000        7.1519776908824356E-002
   188.00000000000000        7.1896786321428721E-002
   189.00000000000000        7.2258063498071082E-002
   190.00000000000000        7.2321685054593174E-002
   191.00000000000000        7.2544703825148091E-002
   192.00000000000000        7.2925003650129036E-002
   193.00000000000000        7.3470535940933987E-002
   194.00000000000000        7.4380259493315309E-002
   195.00000000000000        7.5173156595578314E-002
   196.00000000000000        7.5523766529472236E-002
   197.00000000000000        7.5391887825257742E-002
   198.00000000000000        7.5100414544293767E-002
   199.00000000000000        7.5085031429543161E-002
   200.00000000000000        7.5086353056930052E-002
   201.00000000000000        7.5743369252161186E-002
   202.00000000000000        7.6826631882777122E-002
   203.00000000000000        7.7848407238766279E-002
   204.00000000000000        7.8706026963814874E-002
   205.00000000000000        7.9052246054209199E-002
   206.00000000000000        7.9387358499419886E-002
   207.00000000000000        7.9988111807935400E-002
   208.00000000000000        8.0171712137643070E-002
   209.00000000000000        8.0492539457637596E-002
   210.00000000000000        8.0638061032244635E-002
   211.00000000000000        8.1062431383169736E-002
   212.00000000000000        8.1931881476317331E-002
   213.00000000000000        8.2854399556117550E-002
   214.00000000000000        8.3566673311413833E-002
   215.00000000000000        8.3727286154731961E-002
   216.00000000000000        8.3351377588943482E-002
   217.00000000000000        8.3079387468878149E-002
   218.00000000000000        8.3333441521567811E-002
   219.00000000000000        8.3933340237696066E-002
   220.00000000000000        8.5095194972250932E-002
   221.00000000000000        8.5995308330037823E-002
   222.00000000000000        8.6308969374150987E-002
   223.00000000000000        8.5936054606448903E-002
   224.00000000000000        8.5928242091754578E-002
   225.00000000000000        8.5686448128941564E-002
   226.00000000000000        8.6190522546930881E-002
   227.00000000000000        8.6742601664470995E-002
   228.00000000000000        8.7765829385066177E-002
   229.00000000000000        8.8629035681598536E-002
   230.00000000000000        8.8791181415077372E-002
   231.00000000000000        8.8387423050378500E-002
   232.00000000000000        8.7770638507933485E-002
   233.00000000000000        8.7836310178639646E-002
   234.00000000000000        8.8264908426565564E-002
   235.00000000000000        8.9293690066927250E-002
   236.00000000000000        9.0522234339771829E-002
   237.00000000000000        9.1862497965865320E-002
   238.00000000000000        9.2459504020431696E-002
   239.00000000000000        9.2390301162954519E-002
   240.00000000000000        9.2314743550505063E-002
   241.00000000000000        9.2637200007215981E-002
   242.00000000000000        9.2467512120390741E-002
   243.00000000000000        9.2707708690249510E-002
   244.00000000000000        9.3209355907448679E-002
   245.00000000000000        9.3321570753071431E-002
   246.00000000000000        9.3638717603848648E-002
   247.00000000000000        9.4289308977950778E-002
   248.00000000000000        9.4528292498225072E-002
   249.00000000000000        9.4479078867631516E-002
   250.00000000000000        9.4626953371201500E-002
   251.00000000000000        9.5127274462720235E-002
   252.00000000000000        9.6074725558488200E-002
   253.00000000000000        9.7283873469331858E-002
   254.00000000000000        9.8318563217004523E-002
   255.00000000000000        9.9490864714669572E-002
   256.00000000000000       0.10003319892927345     
   257.00000000000000       0.10091031272793115     
   258.00000000000000       0.10208366452059708     
   259.00000000000000       0.10236333208585663     
   260.00000000000000       0.10234715001216753     
   261.00000000000000       0.10256831676529488     
   262.00000000000000       0.10328103732252146     
   263.00000000000000       0.10385281432764523     
   264.00000000000000       0.10402644710570842     
   265.00000000000000       0.10444726361272820     
   266.00000000000000       0.10537487047720265     
   267.00000000000000       0.10522573060753236     
   268.00000000000000       0.10471497175816753     
   269.00000000000000       0.10424280308142443     
   270.00000000000000       0.10373229962495595     
   271.00000000000000       0.10334204432013774     
   272.00000000000000       0.10308632181566682     
   273.00000000000000       0.10340692906797586     
   274.00000000000000       0.10422880204545462     
   275.00000000000000       0.10506211753162741     
   276.00000000000000       0.10598158244336495     
   277.00000000000000       0.10657488188790731     
   278.00000000000000       0.10733322663644730     
   279.00000000000000       0.10727687780535908     
   280.00000000000000       0.10691007850267895     
   281.00000000000000       0.10648685531475055     
   282.00000000000000       0.10642479240965677     
   283.00000000000000       0.10668471212704481     
   284.00000000000000       0.10712891864277584     
   285.00000000000000       0.10732767476371097     
   286.00000000000000       0.10761937840405095     
   287.00000000000000       0.10824776577918455     
   288.00000000000000       0.10845513597883487     
   289.00000000000000       0.10855407830666476     
   290.00000000000000       0.10901073225258456     
   291.00000000000000       0.10938914327270768     
   292.00000000000000       0.11006740044655905     
   293.00000000000000       0.11122358503643502     
   294.00000000000000       0.11204494798503117     
   295.00000000000000       0.11299465073972949     
   296.00000000000000       0.11419565037917827     
   297.00000000000000       0.11471165556203876     
   298.00000000000000       0.11498389430098141     
   299.00000000000000       0.11472081756576313     
   300.00000000000000       0.11422189054143624     
   301.00000000000000       0.11435664454938393     
   302.00000000000000       0.11471064285965597     
   303.00000000000000       0.11513051105280173     
   304.00000000000000       0.11580679153249714     
   305.00000000000000       0.11613089661884179     
   306.00000000000000       0.11642078665512914     
   307.00000000000000       0.11665644559069863     
   308.00000000000000       0.11742627259167508     
   309.00000000000000       0.11774214058552969     
   310.00000000000000       0.11842437764582503     
   311.00000000000000       0.11944708882423839     
   312.00000000000000       0.11980809943070962     
   313.00000000000000       0.12023791017079617     
   314.00000000000000       0.12038945049388934     
   315.00000000000000       0.12061052236830629     
   316.00000000000000       0.12074234521768043     
   317.00000000000000       0.12069848048307855     
   318.00000000000000       0.12084803016220484     
   319.00000000000000       0.12123403155266795     
   320.00000000000000       0.12188173038163683     
   321.00000000000000       0.12215652036954885     
   322.00000000000000       0.12226354438757615     
   323.00000000000000       0.12250731203186198     
   324.00000000000000       0.12256450459214956     
   325.00000000000000       0.12267791725699463     
   326.00000000000000       0.12322878563847692     
   327.00000000000000       0.12331197305412395     
   328.00000000000000       0.12350684813531754     
   329.00000000000000       0.12367532330561552     
   330.00000000000000       0.12376990711918806     
   331.00000000000000       0.12437364043307135     
   332.00000000000000       0.12493641461112118     
   333.00000000000000       0.12516102872443641     
   334.00000000000000       0.12575903416393469     
   335.00000000000000       0.12645209593349804     
   336.00000000000000       0.12663830599318410     
   337.00000000000000       0.12756026202454213     
   338.00000000000000       0.12859544841673043     
   339.00000000000000       0.12870406630886305     
   340.00000000000000       0.12911694662063528     
   341.00000000000000       0.12975435749773559     
   342.00000000000000       0.13076889537366337     
   343.00000000000000       0.13111509691272374     
   344.00000000000000       0.13079874375121708     
   345.00000000000000       0.13052976052634152     
   346.00000000000000       0.13140904701587633     
   347.00000000000000       0.13171788521934424     
   348.00000000000000       0.13185172032577533     
   349.00000000000000       0.13279409068618572     
   350.00000000000000       0.13426111585315201     
   351.00000000000000       0.13615612115106818     
   352.00000000000000       0.13789168415818817     
   353.00000000000000       0.13866141358000691     
   354.00000000000000       0.13836476587770424     
   355.00000000000000       0.13717381559982869     
   356.00000000000000       0.13558010786120911     
   357.00000000000000       0.13465868500085659     
   358.00000000000000       0.13516239416024636     
   359.00000000000000       0.13629137273777125     
   360.00000000000000       0.13769781979554338     
   361.00000000000000       0.13890979140252230     
   362.00000000000000       0.13961010954571157     
   363.00000000000000       0.13973659812091221     
   364.00000000000000       0.13865288430189943     
   365.00000000000000       0.13830570486424867     
   366.00000000000000       0.13786255254629770     
   367.00000000000000       0.13861574118890588     
   368.00000000000000       0.13934210687997095     
   369.00000000000000       0.13989320880441947     
   370.00000000000000       0.14122164474343521     
   371.00000000000000       0.14164309325047753     
   372.00000000000000       0.14106384542219125     
   373.00000000000000       0.14133606354361880     
   374.00000000000000       0.14147552941683458     
   375.00000000000000       0.14168441049420732     
   376.00000000000000       0.14175952791594809     
   377.00000000000000       0.14200357309530792     
   378.00000000000000       0.14199501114065002     
   379.00000000000000       0.14183254156371469     
   380.00000000000000       0.14235828753373367     
   381.00000000000000       0.14312986793322721     
   382.00000000000000       0.14363706099986021     
   383.00000000000000       0.14435459203196144     
   384.00000000000000       0.14509727278273349     
   385.00000000000000       0.14542940146959227     
   386.00000000000000       0.14633728233698179     
   387.00000000000000       0.14697488641825945     
   388.00000000000000       0.14708740652633917     
   389.00000000000000       0.14770922469236869     
   390.00000000000000       0.14873503601844562     
   391.00000000000000       0.14937889678265698     
   392.00000000000000       0.14944551578988857     
   393.00000000000000       0.15000230600920775     
   394.00000000000000       0.15057616832927825     
   395.00000000000000       0.15062870783472834     
   396.00000000000000       0.15001039488852250     
   397.00000000000000       0.14963702649412108     
   398.00000000000000       0.15045448322942986     
   399.00000000000000       0.15124088107339698     
   400.00000000000000       0.15160113344656931     
   401.00000000000000       0.15211083630013081     
   402.00000000000000       0.15277477128960920     
   403.00000000000000       0.15368303218817292     
   404.00000000000000       0.15435069857654662     
   405.00000000000000       0.15426661946859277     
   406.00000000000000       0.15451126743208082     
   407.00000000000000       0.15518088267348279     
   408.00000000000000       0.15524831278714077     
   409.00000000000000       0.15491128798083653     
   410.00000000000000       0.15465882503629819     
   411.00000000000000       0.15535757985879373     
   412.00000000000000       0.15564364807338865     
   413.00000000000000       0.15528337743124176     
   414.00000000000000       0.15530371056425482     
   415.00000000000000       0.15559380393898606     
   416.00000000000000       0.15619645235455842     
   417.00000000000000       0.15688402687416333     
   418.00000000000000       0.15778292105812911     
   419.00000000000000       0.15880983027938203     
   420.00000000000000       0.15955295235247083     
   421.00000000000000       0.15976660303218501     
   422.00000000000000       0.15964515068007307     
   423.00000000000000       0.15993543583632092     
   424.00000000000000       0.16074559449805237     
   425.00000000000000       0.16229663979245365     
   426.00000000000000       0.16305589100629961     
   427.00000000000000       0.16360817374766359     
   428.00000000000000       0.16411695468900703     
   429.00000000000000       0.16404871404881433     
   430.00000000000000       0.16412135806299200     
   431.00000000000000       0.16445564635911414     
   432.00000000000000       0.16487142870643362     
   433.00000000000000       0.16439844458611688     
   434.00000000000000       0.16459206113587699     
   435.00000000000000       0.16571617434210012     
   436.00000000000000       0.16639792490374344     
   437.00000000000000       0.16695135949062126     
   438.00000000000000       0.16714353990298300     
   439.00000000000000       0.16705038179680051     
   440.00000000000000       0.16699478886302513     
   441.00000000000000       0.16643689380761892     
   442.00000000000000       0.16704548459031407     
   443.00000000000000       0.16862235695716804     
   444.00000000000000       0.17109964499184754     
   445.00000000000000       0.17415795617460764     
   446.00000000000000       0.17578832219600121     
   447.00000000000000       0.17562200425849411     
   448.00000000000000       0.17451603332034615     
   449.00000000000000       0.17224311968198058     
   450.00000000000000       0.17130045472515659     
   451.00000000000000       0.17173912178551134     
   452.00000000000000       0.17211822500252197     
   453.00000000000000       0.17344384849683200     
   454.00000000000000       0.17432412191737270     
   455.00000000000000       0.17442152904006070     
   456.00000000000000       0.17416140002938810     
   457.00000000000000       0.17440148653744644     
   458.00000000000000       0.17455072856026774     
   459.00000000000000       0.17484614213731578     
   460.00000000000000       0.17629626094139275     
   461.00000000000000       0.17776844063699418     
   462.00000000000000       0.17803008627072578     
   463.00000000000000       0.17743143846478618     
   464.00000000000000       0.17731121757647780     
   465.00000000000000       0.17658839915728569     
   466.00000000000000       0.17673246367185358     
   467.00000000000000       0.17711567841955725     
   468.00000000000000       0.17778459834397153     
   469.00000000000000       0.17893117965274202     
   470.00000000000000       0.17926081952691353     
   471.00000000000000       0.17929023236551081     
   472.00000000000000       0.17869277200386888     
   473.00000000000000       0.17868151800224499     
   474.00000000000000       0.17919344014944960     
   475.00000000000000       0.18000490729570548     
   476.00000000000000       0.18118626524442233     
   477.00000000000000       0.18168366264790303     
   478.00000000000000       0.18331140821726352     
   479.00000000000000       0.18506107139444564     
   480.00000000000000       0.18615157463414916     
   481.00000000000000       0.18603926157042378     
   482.00000000000000       0.18540992177931784     
   483.00000000000000       0.18535318759323405     
   484.00000000000000       0.18510010658323478     
   485.00000000000000       0.18531262729936024     
   486.00000000000000       0.18628562212043256     
   487.00000000000000       0.18800581366510566     
   488.00000000000000       0.18857599515083487     
   489.00000000000000       0.18772616728337177     
   490.00000000000000       0.18644968592799122     
   491.00000000000000       0.18644563484844995     
   492.00000000000000       0.18695347179262972     
   493.00000000000000       0.18725226152384758     
   494.00000000000000       0.18808884376715851     
   495.00000000000000       0.18940836191280139     
   496.00000000000000       0.19112143208136204     
   497.00000000000000       0.19171002455876282     
   498.00000000000000       0.19272353305573503     
   499.00000000000000       0.19277729041486147     
   500.00000000000000       0.19192343242454502     
   501.00000000000000       0.19082582616393942     
