   1.0000000000000000        2.2557954785340655E-004
   2.0000000000000000        6.0311957334797321E-004
   3.0000000000000000        9.6115554128724777E-004
   4.0000000000000000        1.3395660195491016E-003
   5.0000000000000000        1.7401169210588478E-003
   6.0000000000000000        2.1226204620639890E-003
   7.0000000000000000        2.4815340729704583E-003
   8.0000000000000000        2.8513124541309125E-003
   9.0000000000000000        3.2138025797809897E-003
   10.000000000000000        3.5871856834777593E-003
   11.000000000000000        3.9529381652765438E-003
   12.000000000000000        4.3528745484793605E-003
   13.000000000000000        4.7518421905698559E-003
   14.000000000000000        5.1433512581502789E-003
   15.000000000000000        5.5096162551013890E-003
   16.000000000000000        5.8951944222979209E-003
   17.000000000000000        6.2704236780654040E-003
   18.000000000000000        6.6885366339943207E-003
   19.000000000000000        7.0724230799745005E-003
   20.000000000000000        7.4615402639415188E-003
   21.000000000000000        7.8591283724317729E-003
   22.000000000000000        8.2755050774442254E-003
   23.000000000000000        8.6650774221738152E-003
   24.000000000000000        9.0813888063556482E-003
   25.000000000000000        9.4298910105915755E-003
   26.000000000000000        9.7338449370453078E-003
   27.000000000000000        1.0080852185986224E-002
   28.000000000000000        1.0473502239995198E-002
   29.000000000000000        1.0861245649150275E-002
   30.000000000000000        1.1229434688918251E-002
   31.000000000000000        1.1606363195225622E-002
   32.000000000000000        1.2094310541486717E-002
   33.000000000000000        1.2598904224517779E-002
   34.000000000000000        1.2975669305484470E-002
   35.000000000000000        1.3307246873256766E-002
   36.000000000000000        1.3591073743011727E-002
   37.000000000000000        1.4011727265627478E-002
   38.000000000000000        1.4392688308517294E-002
   39.000000000000000        1.4804966028074044E-002
   40.000000000000000        1.5146124758611866E-002
   41.000000000000000        1.5472989423055855E-002
   42.000000000000000        1.5745714235920531E-002
   43.000000000000000        1.5928176174215453E-002
   44.000000000000000        1.6252323745457566E-002
   45.000000000000000        1.6582211029119661E-002
   46.000000000000000        1.6959973437268207E-002
   47.000000000000000        1.7395871216540824E-002
   48.000000000000000        1.7776268416991429E-002
   49.000000000000000        1.8212914742861266E-002
   50.000000000000000        1.8672374938944143E-002
   51.000000000000000        1.8994733197058831E-002
   52.000000000000000        1.9376103847494122E-002
   53.000000000000000        1.9902649483076275E-002
   54.000000000000000        2.0195355569274417E-002
   55.000000000000000        2.0570197911624944E-002
   56.000000000000000        2.0839176965072585E-002
   57.000000000000000        2.1344032248714249E-002
   58.000000000000000        2.1710408679979271E-002
   59.000000000000000        2.2252128339051689E-002
   60.000000000000000        2.2830515571530048E-002
   61.000000000000000        2.3383938993006902E-002
   62.000000000000000        2.3788117199800004E-002
   63.000000000000000        2.3979053865163174E-002
   64.000000000000000        2.4377781397283946E-002
   65.000000000000000        2.4627531410191326E-002
   66.000000000000000        2.4985403585010453E-002
   67.000000000000000        2.5417873655393049E-002
   68.000000000000000        2.5999228548667958E-002
   69.000000000000000        2.6206845182734528E-002
   70.000000000000000        2.6797600482737726E-002
   71.000000000000000        2.7218164187888059E-002
   72.000000000000000        2.7675144094839906E-002
   73.000000000000000        2.8046592514774735E-002
   74.000000000000000        2.8388353599868285E-002
   75.000000000000000        2.8783225684764102E-002
   76.000000000000000        2.9003547372462069E-002
   77.000000000000000        2.9448127674949441E-002
   78.000000000000000        2.9979007548346037E-002
   79.000000000000000        3.0334926286994315E-002
   80.000000000000000        3.0415992282343998E-002
   81.000000000000000        3.0616441751956859E-002
   82.000000000000000        3.1034788715966277E-002
   83.000000000000000        3.1396829658107160E-002
   84.000000000000000        3.1802500008966963E-002
   85.000000000000000        3.2003076545095752E-002
   86.000000000000000        3.2123790721279896E-002
   87.000000000000000        3.2288742742166636E-002
   88.000000000000000        3.2766950941055868E-002
   89.000000000000000        3.3256658516321591E-002
   90.000000000000000        3.3470959011086279E-002
   91.000000000000000        3.3906855518313635E-002
   92.000000000000000        3.4615865278732554E-002
   93.000000000000000        3.4989145655193128E-002
   94.000000000000000        3.5385572115522332E-002
   95.000000000000000        3.5612174063443698E-002
   96.000000000000000        3.5758327179840357E-002
   97.000000000000000        3.5953893176584949E-002
   98.000000000000000        3.6513115399695088E-002
   99.000000000000000        3.6835068700411547E-002
   100.00000000000000        3.7574777229033685E-002
   101.00000000000000        3.8155782076780650E-002
   102.00000000000000        3.8739145447992389E-002
   103.00000000000000        3.9216136116057836E-002
   104.00000000000000        3.9037770992155309E-002
   105.00000000000000        3.9212272941733052E-002
   106.00000000000000        3.9292041332828299E-002
   107.00000000000000        3.9620004275978435E-002
   108.00000000000000        4.0284270298284977E-002
   109.00000000000000        4.1019259907371278E-002
   110.00000000000000        4.1860036242015390E-002
   111.00000000000000        4.2110473672668708E-002
   112.00000000000000        4.2378055577571225E-002
   113.00000000000000        4.2570473630835430E-002
   114.00000000000000        4.2904096739024795E-002
   115.00000000000000        4.3321102656209955E-002
   116.00000000000000        4.3986100340135149E-002
   117.00000000000000        4.4842924289596686E-002
   118.00000000000000        4.5273190272760576E-002
   119.00000000000000        4.5705644211356748E-002
   120.00000000000000        4.6080094186277405E-002
   121.00000000000000        4.5886629667718407E-002
   122.00000000000000        4.5491848948656294E-002
   123.00000000000000        4.5706280482393884E-002
   124.00000000000000        4.5984955955961408E-002
   125.00000000000000        4.6419563421521828E-002
   126.00000000000000        4.6852195205845437E-002
   127.00000000000000        4.7458219939524871E-002
   128.00000000000000        4.8015964614409920E-002
   129.00000000000000        4.8742901278210397E-002
   130.00000000000000        4.9462140163920802E-002
   131.00000000000000        4.9514859545077651E-002
   132.00000000000000        4.9349656738671546E-002
   133.00000000000000        4.9618908518453138E-002
   134.00000000000000        4.9967428571269241E-002
   135.00000000000000        5.0426155087094526E-002
   136.00000000000000        5.0563753571627110E-002
   137.00000000000000        5.0824699266888873E-002
   138.00000000000000        5.1428704720716222E-002
   139.00000000000000        5.1737319366399019E-002
   140.00000000000000        5.2314043818698128E-002
   141.00000000000000        5.2548352072296439E-002
   142.00000000000000        5.2889046460365567E-002
   143.00000000000000        5.3746366020359967E-002
   144.00000000000000        5.4635117495343791E-002
   145.00000000000000        5.5394815984449793E-002
   146.00000000000000        5.5835378772846798E-002
   147.00000000000000        5.6196532485694728E-002
   148.00000000000000        5.6917993482688632E-002
   149.00000000000000        5.6718499453910207E-002
   150.00000000000000        5.6594650281022021E-002
   151.00000000000000        5.7016607322118697E-002
   152.00000000000000        5.7286715059226861E-002
   153.00000000000000        5.7993406946334737E-002
   154.00000000000000        5.8421507254940809E-002
   155.00000000000000        5.8661764882928479E-002
   156.00000000000000        5.8915545870559499E-002
   157.00000000000000        5.8854443032435463E-002
   158.00000000000000        5.9293779442980379E-002
   159.00000000000000        6.0245781635341687E-002
   160.00000000000000        6.1248492030945199E-002
   161.00000000000000        6.2614278764906689E-002
   162.00000000000000        6.3604609130201425E-002
   163.00000000000000        6.3669532977297605E-002
   164.00000000000000        6.3407376600014137E-002
   165.00000000000000        6.2745305049578454E-002
   166.00000000000000        6.3001017366933046E-002
   167.00000000000000        6.3272220348939340E-002
   168.00000000000000        6.4307750466071942E-002
   169.00000000000000        6.4809004342612095E-002
   170.00000000000000        6.5001985059876283E-002
   171.00000000000000        6.4451393984024608E-002
   172.00000000000000        6.4421059205058112E-002
   173.00000000000000        6.4333649886652064E-002
   174.00000000000000        6.4949252829586371E-002
   175.00000000000000        6.5473288769890281E-002
   176.00000000000000        6.5798046623327569E-002
   177.00000000000000        6.6770509341942466E-002
   178.00000000000000        6.7586989031103328E-002
   179.00000000000000        6.7983382609361417E-002
   180.00000000000000        6.8190506510885790E-002
   181.00000000000000        6.8504575569452109E-002
   182.00000000000000        6.8571983032656283E-002
   183.00000000000000        6.8625987205465658E-002
   184.00000000000000        6.8604132376533469E-002
   185.00000000000000        6.8950647562116746E-002
   186.00000000000000        7.0034651831635555E-002
   187.00000000000000        7.0433666545154594E-002
   188.00000000000000        7.0966242875087418E-002
   189.00000000000000        7.1319690141791778E-002
   190.00000000000000        7.0995182966237774E-002
   191.00000000000000        7.1361909442564375E-002
   192.00000000000000        7.1842285759848259E-002
   193.00000000000000        7.2312447877848310E-002
   194.00000000000000        7.3201933602849698E-002
   195.00000000000000        7.4250965602826666E-002
   196.00000000000000        7.4621233157730477E-002
   197.00000000000000        7.4110844588338248E-002
   198.00000000000000        7.3864583083066454E-002
   199.00000000000000        7.3726748523129104E-002
   200.00000000000000        7.3495968019193461E-002
   201.00000000000000        7.4671620058529189E-002
   202.00000000000000        7.5744064391616267E-002
   203.00000000000000        7.6398841545989207E-002
   204.00000000000000        7.7250508051308051E-002
   205.00000000000000        7.7637776096422750E-002
   206.00000000000000        7.8191334317161312E-002
   207.00000000000000        7.8434808377497653E-002
   208.00000000000000        7.9019945313925616E-002
   209.00000000000000        7.9210375301584438E-002
   210.00000000000000        7.9556340414322718E-002
   211.00000000000000        7.9528602822677458E-002
   212.00000000000000        8.0511658335277597E-002
   213.00000000000000        8.1341290217057216E-002
   214.00000000000000        8.2024305393728680E-002
   215.00000000000000        8.2308152901597445E-002
   216.00000000000000        8.1934200766278845E-002
   217.00000000000000        8.1866692195613516E-002
   218.00000000000000        8.1816418953153405E-002
   219.00000000000000        8.2525929737295722E-002
   220.00000000000000        8.3341348858422704E-002
   221.00000000000000        8.4765705091785701E-002
   222.00000000000000        8.5052050303892429E-002
   223.00000000000000        8.4431219314925449E-002
   224.00000000000000        8.4470416259780620E-002
   225.00000000000000        8.3981970273494522E-002
   226.00000000000000        8.4886961512010514E-002
   227.00000000000000        8.5309417121691544E-002
   228.00000000000000        8.6463933773100118E-002
   229.00000000000000        8.7299671818307098E-002
   230.00000000000000        8.7516556386371264E-002
   231.00000000000000        8.6556922540464432E-002
   232.00000000000000        8.6187671249620110E-002
   233.00000000000000        8.6300550385300823E-002
   234.00000000000000        8.6334197140444088E-002
   235.00000000000000        8.8015753129668320E-002
   236.00000000000000        8.8969899613419307E-002
   237.00000000000000        9.0306942983792771E-002
   238.00000000000000        9.1297554240984444E-002
   239.00000000000000        9.0948891031580520E-002
   240.00000000000000        9.0837090147822666E-002
   241.00000000000000        9.1176981841212673E-002
   242.00000000000000        9.0642197793836463E-002
   243.00000000000000        9.1319418577620520E-002
   244.00000000000000        9.1523600464746668E-002
   245.00000000000000        9.2129293973805954E-002
   246.00000000000000        9.1865965235347291E-002
   247.00000000000000        9.2725472352187657E-002
   248.00000000000000        9.2850746131404732E-002
   249.00000000000000        9.2859402058332416E-002
   250.00000000000000        9.2954367859292397E-002
   251.00000000000000        9.3125056386202110E-002
   252.00000000000000        9.4512550133335704E-002
   253.00000000000000        9.6142270946293365E-002
   254.00000000000000        9.6962021454965255E-002
   255.00000000000000        9.7571280426639345E-002
   256.00000000000000        9.8569763721540360E-002
   257.00000000000000        9.9199789501778352E-002
   258.00000000000000       0.10056041619175866     
   259.00000000000000       0.10066230225706203     
   260.00000000000000       0.10068120379494766     
   261.00000000000000       0.10093684711633807     
   262.00000000000000       0.10177042018584032     
   263.00000000000000       0.10150261595125745     
   264.00000000000000       0.10201170059870045     
   265.00000000000000       0.10310110089895150     
   266.00000000000000       0.10362233382835405     
   267.00000000000000       0.10345130577011545     
   268.00000000000000       0.10291096484038480     
   269.00000000000000       0.10239176920251883     
   270.00000000000000       0.10210329755863681     
   271.00000000000000       0.10179746322858234     
   272.00000000000000       0.10122048633956006     
   273.00000000000000       0.10129216073309062     
   274.00000000000000       0.10230238445552418     
   275.00000000000000       0.10342656676018468     
   276.00000000000000       0.10395867875146685     
   277.00000000000000       0.10502608262234886     
   278.00000000000000       0.10547460643478865     
   279.00000000000000       0.10535651156136062     
   280.00000000000000       0.10481544753757750     
   281.00000000000000       0.10461134112278750     
   282.00000000000000       0.10465625147374151     
   283.00000000000000       0.10481719252435899     
   284.00000000000000       0.10535606220200742     
   285.00000000000000       0.10517669023981753     
   286.00000000000000       0.10575059829026308     
   287.00000000000000       0.10695471577626327     
   288.00000000000000       0.10699063681816064     
   289.00000000000000       0.10710262653490435     
   290.00000000000000       0.10738154607737657     
   291.00000000000000       0.10769280003282571     
   292.00000000000000       0.10808624200430515     
   293.00000000000000       0.10912223014997470     
   294.00000000000000       0.11015639160331116     
   295.00000000000000       0.11100150258349495     
   296.00000000000000       0.11196495471929113     
   297.00000000000000       0.11295745257379851     
   298.00000000000000       0.11291909816784558     
   299.00000000000000       0.11297263289789079     
   300.00000000000000       0.11206206872738235     
   301.00000000000000       0.11209549557665727     
   302.00000000000000       0.11278404017618456     
   303.00000000000000       0.11322577669386651     
   304.00000000000000       0.11397076500115545     
   305.00000000000000       0.11428424001794173     
   306.00000000000000       0.11403373342536489     
   307.00000000000000       0.11454976920952871     
   308.00000000000000       0.11511678134648237     
   309.00000000000000       0.11533114417266171     
   310.00000000000000       0.11635899766116437     
   311.00000000000000       0.11740710035870300     
   312.00000000000000       0.11763695039093865     
   313.00000000000000       0.11838459324612241     
   314.00000000000000       0.11856702238226612     
   315.00000000000000       0.11891642641443761     
   316.00000000000000       0.11900490966711809     
   317.00000000000000       0.11870786901977749     
   318.00000000000000       0.11886602541537845     
   319.00000000000000       0.11909850694661063     
   320.00000000000000       0.12029257853135243     
   321.00000000000000       0.12006205831490081     
   322.00000000000000       0.12012949875663152     
   323.00000000000000       0.12064531813681419     
   324.00000000000000       0.12051779151659474     
   325.00000000000000       0.12112098270375744     
   326.00000000000000       0.12137195143855609     
   327.00000000000000       0.12144680604635365     
   328.00000000000000       0.12125197085902405     
   329.00000000000000       0.12179616215674596     
   330.00000000000000       0.12190839491333133     
   331.00000000000000       0.12173332747824203     
   332.00000000000000       0.12306581616844933     
   333.00000000000000       0.12278856765430084     
   334.00000000000000       0.12377464976843226     
   335.00000000000000       0.12424553617427132     
   336.00000000000000       0.12438158252858317     
   337.00000000000000       0.12547888423601070     
   338.00000000000000       0.12601233678977058     
   339.00000000000000       0.12593318367259884     
   340.00000000000000       0.12700354737613170     
   341.00000000000000       0.12786125971579135     
   342.00000000000000       0.12852061474644999     
   343.00000000000000       0.12887069812249854     
   344.00000000000000       0.12874881536584520     
   345.00000000000000       0.12829333092832429     
   346.00000000000000       0.12958312473058792     
   347.00000000000000       0.12958163184358434     
   348.00000000000000       0.12955705462139355     
   349.00000000000000       0.12993796832326718     
   350.00000000000000       0.13216654566426014     
   351.00000000000000       0.13426224631615385     
   352.00000000000000       0.13539730982618423     
   353.00000000000000       0.13630476454013804     
   354.00000000000000       0.13622175009961629     
   355.00000000000000       0.13494307338395536     
   356.00000000000000       0.13292722346130700     
   357.00000000000000       0.13253905300842322     
   358.00000000000000       0.13336030519250025     
   359.00000000000000       0.13350585688313396     
   360.00000000000000       0.13518595426738017     
   361.00000000000000       0.13631740742565870     
   362.00000000000000       0.13738843125189082     
   363.00000000000000       0.13741550783109546     
   364.00000000000000       0.13633069852309904     
   365.00000000000000       0.13615629815678593     
   366.00000000000000       0.13504751359246320     
   367.00000000000000       0.13627104281080687     
   368.00000000000000       0.13721089480173967     
   369.00000000000000       0.13795529325335787     
   370.00000000000000       0.13889803185261718     
   371.00000000000000       0.13928744428201170     
   372.00000000000000       0.13887612110896291     
   373.00000000000000       0.13886175708281939     
   374.00000000000000       0.13907966674165276     
   375.00000000000000       0.13953021781399513     
   376.00000000000000       0.13911541752556295     
   377.00000000000000       0.13881977678697255     
   378.00000000000000       0.13902713079947054     
   379.00000000000000       0.13862193616555279     
   380.00000000000000       0.13987002460118772     
   381.00000000000000       0.14124978251391454     
   382.00000000000000       0.14123108954474781     
   383.00000000000000       0.14162513670709179     
   384.00000000000000       0.14249885019700281     
   385.00000000000000       0.14339897489579231     
   386.00000000000000       0.14419475777921628     
   387.00000000000000       0.14480425577830816     
   388.00000000000000       0.14385971982119555     
   389.00000000000000       0.14546963632571619     
   390.00000000000000       0.14582379212702515     
   391.00000000000000       0.14721382184438750     
   392.00000000000000       0.14712766440723729     
   393.00000000000000       0.14669368082847697     
   394.00000000000000       0.14813446186136706     
   395.00000000000000       0.14763295998515916     
   396.00000000000000       0.14775956923870953     
   397.00000000000000       0.14709646408192151     
   398.00000000000000       0.14811790141333747     
   399.00000000000000       0.14936443064249175     
   400.00000000000000       0.14935899645704054     
   401.00000000000000       0.14888491476880053     
   402.00000000000000       0.15013138385271410     
   403.00000000000000       0.15132108364280766     
   404.00000000000000       0.15178225621094943     
   405.00000000000000       0.15169796109616995     
   406.00000000000000       0.15196722447361508     
   407.00000000000000       0.15316305097773322     
   408.00000000000000       0.15326119479657330     
   409.00000000000000       0.15239934666719124     
   410.00000000000000       0.15220794421232625     
   411.00000000000000       0.15255365318900913     
   412.00000000000000       0.15296241035026578     
   413.00000000000000       0.15290546993758986     
   414.00000000000000       0.15341195074232719     
   415.00000000000000       0.15319079657404022     
   416.00000000000000       0.15338930940924267     
   417.00000000000000       0.15386599472715179     
   418.00000000000000       0.15574190781665465     
   419.00000000000000       0.15583503817493996     
   420.00000000000000       0.15686525260085965     
   421.00000000000000       0.15748765077177149     
   422.00000000000000       0.15756743915478097     
   423.00000000000000       0.15718473359949026     
   424.00000000000000       0.15732496994287351     
   425.00000000000000       0.15954056946257811     
   426.00000000000000       0.16031579616641300     
   427.00000000000000       0.16051773905063971     
   428.00000000000000       0.16170364546493440     
   429.00000000000000       0.16058017346141862     
   430.00000000000000       0.16137178463586019     
   431.00000000000000       0.16182983514198923     
   432.00000000000000       0.16237230799730368     
   433.00000000000000       0.16150280077167678     
   434.00000000000000       0.16226063466432789     
   435.00000000000000       0.16279667266418257     
   436.00000000000000       0.16389099792275114     
   437.00000000000000       0.16369922819231811     
   438.00000000000000       0.16445153592907788     
   439.00000000000000       0.16496430233162793     
   440.00000000000000       0.16408234562277282     
   441.00000000000000       0.16409642779903519     
   442.00000000000000       0.16366539154317095     
   443.00000000000000       0.16557808839817550     
   444.00000000000000       0.16820102263684000     
   445.00000000000000       0.17028601310472216     
   446.00000000000000       0.17320159019945300     
   447.00000000000000       0.17184673399603417     
   448.00000000000000       0.17223052224272656     
   449.00000000000000       0.16928501784014069     
   450.00000000000000       0.16891655746801779     
   451.00000000000000       0.16910825699329152     
   452.00000000000000       0.16965611248032147     
   453.00000000000000       0.17052078465631992     
   454.00000000000000       0.17169180006723736     
   455.00000000000000       0.17153143756748043     
   456.00000000000000       0.17095857524013014     
   457.00000000000000       0.17130098266612900     
   458.00000000000000       0.17124992550659257     
   459.00000000000000       0.17192320505294412     
   460.00000000000000       0.17446164163511216     
   461.00000000000000       0.17489920569554412     
   462.00000000000000       0.17482303602825888     
   463.00000000000000       0.17463303529890187     
   464.00000000000000       0.17492736383641308     
   465.00000000000000       0.17292224073335030     
   466.00000000000000       0.17413933599742490     
   467.00000000000000       0.17440679626548988     
   468.00000000000000       0.17535323779284290     
   469.00000000000000       0.17626773528502773     
   470.00000000000000       0.17614813582045671     
   471.00000000000000       0.17673595224845076     
   472.00000000000000       0.17620487385493275     
   473.00000000000000       0.17557539509866354     
   474.00000000000000       0.17635779613812874     
   475.00000000000000       0.17707962622099274     
   476.00000000000000       0.17794250172468545     
   477.00000000000000       0.17847068122939072     
   478.00000000000000       0.17976858343254851     
   479.00000000000000       0.18199401755238503     
   480.00000000000000       0.18307072957565829     
   481.00000000000000       0.18347827493756691     
   482.00000000000000       0.18190864279275279     
   483.00000000000000       0.18208822246135534     
   484.00000000000000       0.18197363738361183     
   485.00000000000000       0.18296125099760877     
   486.00000000000000       0.18368587459587254     
   487.00000000000000       0.18502791669568039     
   488.00000000000000       0.18543083239590971     
   489.00000000000000       0.18470036401676199     
   490.00000000000000       0.18317538726405538     
   491.00000000000000       0.18283551093342806     
   492.00000000000000       0.18375219667927264     
   493.00000000000000       0.18477543606730987     
   494.00000000000000       0.18603494132792359     
   495.00000000000000       0.18629303952151913     
   496.00000000000000       0.18735884289602181     
   497.00000000000000       0.18802246005204520     
   498.00000000000000       0.18963692935986387     
   499.00000000000000       0.18931464931198602     
   500.00000000000000       0.18859506893444514     
   501.00000000000000       0.18761890061831812     
