   1.0000000000000000        1.4608408002677895E-004
   2.0000000000000000        4.9852463441164678E-004
   3.0000000000000000        9.2879880563103811E-004
   4.0000000000000000        1.3243417712782879E-003
   5.0000000000000000        1.6797134283813436E-003
   6.0000000000000000        2.0275120003542704E-003
   7.0000000000000000        2.3762524935647530E-003
   8.0000000000000000        2.7153852586285186E-003
   9.0000000000000000        3.0651243284161951E-003
   10.000000000000000        3.4332103636619438E-003
   11.000000000000000        3.7954199243850173E-003
   12.000000000000000        4.1754724061082741E-003
   13.000000000000000        4.5302163799989317E-003
   14.000000000000000        4.8922816879500971E-003
   15.000000000000000        5.2655265333770313E-003
   16.000000000000000        5.6733902737496518E-003
   17.000000000000000        6.0614796935304274E-003
   18.000000000000000        6.4331934163916185E-003
   19.000000000000000        6.7885081175564823E-003
   20.000000000000000        7.1672539797838393E-003
   21.000000000000000        7.5560456716511973E-003
   22.000000000000000        7.9489114343004961E-003
   23.000000000000000        8.3070440569309647E-003
   24.000000000000000        8.6775601874494804E-003
   25.000000000000000        9.0146630797964099E-003
   26.000000000000000        9.3835880983444159E-003
   27.000000000000000        9.7182928424006994E-003
   28.000000000000000        1.0093962599632330E-002
   29.000000000000000        1.0479524525760668E-002
   30.000000000000000        1.0767624823399805E-002
   31.000000000000000        1.1147748104409412E-002
   32.000000000000000        1.1629200168752770E-002
   33.000000000000000        1.2052482068625411E-002
   34.000000000000000        1.2476269973020518E-002
   35.000000000000000        1.2775720249599791E-002
   36.000000000000000        1.3086559307774876E-002
   37.000000000000000        1.3458756694831887E-002
   38.000000000000000        1.3809815162976866E-002
   39.000000000000000        1.4212746104839026E-002
   40.000000000000000        1.4559314892448305E-002
   41.000000000000000        1.4847755614475192E-002
   42.000000000000000        1.5164270822134176E-002
   43.000000000000000        1.5416278823092499E-002
   44.000000000000000        1.5628241615106519E-002
   45.000000000000000        1.5986723076808807E-002
   46.000000000000000        1.6371139838141480E-002
   47.000000000000000        1.6692263414817339E-002
   48.000000000000000        1.7108156337309468E-002
   49.000000000000000        1.7571257988861045E-002
   50.000000000000000        1.7879315865994158E-002
   51.000000000000000        1.8275752939987594E-002
   52.000000000000000        1.8719750446949984E-002
   53.000000000000000        1.9137589647404332E-002
   54.000000000000000        1.9473083777163423E-002
   55.000000000000000        1.9720415096516335E-002
   56.000000000000000        2.0056810473575579E-002
   57.000000000000000        2.0482966739698672E-002
   58.000000000000000        2.0976859816433383E-002
   59.000000000000000        2.1411601358253585E-002
   60.000000000000000        2.1908166964906352E-002
   61.000000000000000        2.2402364834639001E-002
   62.000000000000000        2.2840055027681883E-002
   63.000000000000000        2.3178865304941714E-002
   64.000000000000000        2.3339998395282550E-002
   65.000000000000000        2.3630507106742939E-002
   66.000000000000000        2.3957420635972858E-002
   67.000000000000000        2.4317153577300989E-002
   68.000000000000000        2.4924741250208125E-002
   69.000000000000000        2.5399026762804047E-002
   70.000000000000000        2.5776688754351015E-002
   71.000000000000000        2.6188321023711283E-002
   72.000000000000000        2.6710803620939444E-002
   73.000000000000000        2.7248915099870725E-002
   74.000000000000000        2.7460503159219822E-002
   75.000000000000000        2.7682894772779021E-002
   76.000000000000000        2.7999717046920704E-002
   77.000000000000000        2.8437659027953886E-002
   78.000000000000000        2.8957894362627076E-002
   79.000000000000000        2.9293980792703643E-002
   80.000000000000000        2.9469564045979058E-002
   81.000000000000000        2.9567018501211417E-002
   82.000000000000000        2.9804157829421425E-002
   83.000000000000000        3.0256070672408712E-002
   84.000000000000000        3.0610753325007081E-002
   85.000000000000000        3.0754388532577667E-002
   86.000000000000000        3.1047729716088237E-002
   87.000000000000000        3.1384647191181322E-002
   88.000000000000000        3.1631882364423811E-002
   89.000000000000000        3.2064030459870628E-002
   90.000000000000000        3.2375801540464350E-002
   91.000000000000000        3.2610878015818259E-002
   92.000000000000000        3.3060485246791269E-002
   93.000000000000000        3.3638581437283814E-002
   94.000000000000000        3.4079043761608377E-002
   95.000000000000000        3.4342940761984575E-002
   96.000000000000000        3.4492868811565665E-002
   97.000000000000000        3.4799933327881248E-002
   98.000000000000000        3.5102681398461406E-002
   99.000000000000000        3.5521951334889078E-002
   100.00000000000000        3.6119583711122068E-002
   101.00000000000000        3.6726287225710967E-002
   102.00000000000000        3.7323591857636465E-002
   103.00000000000000        3.7528634441523719E-002
   104.00000000000000        3.7858814099113056E-002
   105.00000000000000        3.7669657783607688E-002
   106.00000000000000        3.7727285500914171E-002
   107.00000000000000        3.8209964771079526E-002
   108.00000000000000        3.8744730337107083E-002
   109.00000000000000        3.9657276819687240E-002
   110.00000000000000        4.0208874657749222E-002
   111.00000000000000        4.0662375099325104E-002
   112.00000000000000        4.0792229557611692E-002
   113.00000000000000        4.1057669485444322E-002
   114.00000000000000        4.1325320211990375E-002
   115.00000000000000        4.1634163214828795E-002
   116.00000000000000        4.2380021416859613E-002
   117.00000000000000        4.2813900919793951E-002
   118.00000000000000        4.3600317902424003E-002
   119.00000000000000        4.4084135131425610E-002
   120.00000000000000        4.4285832239852670E-002
   121.00000000000000        4.4326612304824292E-002
   122.00000000000000        4.4152218486368001E-002
   123.00000000000000        4.3972767103046408E-002
   124.00000000000000        4.4233956763760275E-002
   125.00000000000000        4.4546305208137876E-002
   126.00000000000000        4.5046230304293916E-002
   127.00000000000000        4.5706032113952820E-002
   128.00000000000000        4.6364810951364958E-002
   129.00000000000000        4.6937187609405490E-002
   130.00000000000000        4.7083962528205438E-002
   131.00000000000000        4.7604541383372397E-002
   132.00000000000000        4.8008176843137115E-002
   133.00000000000000        4.8112817998744006E-002
   134.00000000000000        4.8392566772015415E-002
   135.00000000000000        4.8423162939967859E-002
   136.00000000000000        4.8693173260114152E-002
   137.00000000000000        4.9183876536638187E-002
   138.00000000000000        4.9681753098904213E-002
   139.00000000000000        4.9867522522325819E-002
   140.00000000000000        5.0408167574364393E-002
   141.00000000000000        5.0574130514918499E-002
   142.00000000000000        5.1126494760659613E-002
   143.00000000000000        5.1769958401010757E-002
   144.00000000000000        5.2611109440336777E-002
   145.00000000000000        5.3580681181588263E-002
   146.00000000000000        5.4182815199172889E-002
   147.00000000000000        5.4563271828241292E-002
   148.00000000000000        5.4412810900083868E-002
   149.00000000000000        5.4776793090399296E-002
   150.00000000000000        5.4395907294078956E-002
   151.00000000000000        5.4486927406838200E-002
   152.00000000000000        5.5148509851612439E-002
   153.00000000000000        5.5965999036554796E-002
   154.00000000000000        5.6446021468392553E-002
   155.00000000000000        5.6575971925859260E-002
   156.00000000000000        5.6680764868577406E-002
   157.00000000000000        5.6909259409018628E-002
   158.00000000000000        5.7240148381686791E-002
   159.00000000000000        5.8242099515845934E-002
   160.00000000000000        5.9326412497996243E-002
   161.00000000000000        6.0813985072230230E-002
   162.00000000000000        6.1665661273545974E-002
   163.00000000000000        6.1605902306675016E-002
   164.00000000000000        6.0948340212761333E-002
   165.00000000000000        6.0569989099395719E-002
   166.00000000000000        6.0537288439766697E-002
   167.00000000000000        6.1484266017745454E-002
   168.00000000000000        6.2261240730809429E-002
   169.00000000000000        6.2390001362209832E-002
   170.00000000000000        6.2659748585044028E-002
   171.00000000000000        6.2207216741101294E-002
   172.00000000000000        6.1877464875619098E-002
   173.00000000000000        6.1937173519821566E-002
   174.00000000000000        6.2381314267681169E-002
   175.00000000000000        6.3165886686791864E-002
   176.00000000000000        6.3930460884812870E-002
   177.00000000000000        6.4630873681958828E-002
   178.00000000000000        6.5196180700123396E-002
   179.00000000000000        6.5706702594915178E-002
   180.00000000000000        6.5762697410449975E-002
   181.00000000000000        6.5790891168942212E-002
   182.00000000000000        6.5961851564694682E-002
   183.00000000000000        6.6227293743444965E-002
   184.00000000000000        6.6190959406353084E-002
   185.00000000000000        6.6672547875034349E-002
   186.00000000000000        6.7196273845276586E-002
   187.00000000000000        6.7810080596921521E-002
   188.00000000000000        6.7860221476721619E-002
   189.00000000000000        6.8242462717782018E-002
   190.00000000000000        6.8754016100398704E-002
   191.00000000000000        6.8682525051571672E-002
   192.00000000000000        6.8710744765886220E-002
   193.00000000000000        6.9449258628411559E-002
   194.00000000000000        7.0509758061107972E-002
   195.00000000000000        7.1140778203456517E-002
   196.00000000000000        7.1157436460070472E-002
   197.00000000000000        7.1362020508228263E-002
   198.00000000000000        7.1226063530481609E-002
   199.00000000000000        7.1090419021154497E-002
   200.00000000000000        7.1136210444843390E-002
   201.00000000000000        7.1821818624924760E-002
   202.00000000000000        7.2889013615535056E-002
   203.00000000000000        7.3834116594923796E-002
   204.00000000000000        7.4824427814141919E-002
   205.00000000000000        7.4758063343927400E-002
   206.00000000000000        7.5003233084253940E-002
   207.00000000000000        7.6044660446880477E-002
   208.00000000000000        7.6418229340410440E-002
   209.00000000000000        7.6222994636412619E-002
   210.00000000000000        7.6211841630942287E-002
   211.00000000000000        7.6948410731619996E-002
   212.00000000000000        7.7501630128533686E-002
   213.00000000000000        7.8414485508447637E-002
   214.00000000000000        7.9162400674063202E-002
   215.00000000000000        7.9253171886373527E-002
   216.00000000000000        7.8526004006540931E-002
   217.00000000000000        7.8624373308441298E-002
   218.00000000000000        7.8789571866262537E-002
   219.00000000000000        7.9620178774486336E-002
   220.00000000000000        8.0591848881234607E-002
   221.00000000000000        8.1407416047526479E-002
   222.00000000000000        8.1808460088877502E-002
   223.00000000000000        8.1869812332243191E-002
   224.00000000000000        8.1003045200637683E-002
   225.00000000000000        8.1452825938161152E-002
   226.00000000000000        8.1497704361213855E-002
   227.00000000000000        8.1979575833275461E-002
   228.00000000000000        8.3190444933320853E-002
   229.00000000000000        8.4049476195455539E-002
   230.00000000000000        8.4196132620807565E-002
   231.00000000000000        8.4040520019615719E-002
   232.00000000000000        8.3078540046005483E-002
   233.00000000000000        8.3118521732510373E-002
   234.00000000000000        8.3747696343764083E-002
   235.00000000000000        8.4513061707433071E-002
   236.00000000000000        8.6069155304457579E-002
   237.00000000000000        8.6867669844665540E-002
   238.00000000000000        8.7470722752992919E-002
   239.00000000000000        8.7451696091416273E-002
   240.00000000000000        8.7506943333668694E-002
   241.00000000000000        8.7935255696544007E-002
   242.00000000000000        8.7495453829460987E-002
   243.00000000000000        8.7590697955668442E-002
   244.00000000000000        8.7971322509409963E-002
   245.00000000000000        8.8069091283458592E-002
   246.00000000000000        8.8773795210468937E-002
   247.00000000000000        8.9184068646014719E-002
   248.00000000000000        8.9754725656538276E-002
   249.00000000000000        8.9432568625373646E-002
   250.00000000000000        8.9761951867599957E-002
   251.00000000000000        9.0205771331333603E-002
   252.00000000000000        9.0939747805714136E-002
   253.00000000000000        9.2023047992917648E-002
   254.00000000000000        9.3093098292640675E-002
   255.00000000000000        9.4199826950018439E-002
   256.00000000000000        9.4671917555049251E-002
   257.00000000000000        9.5766104241599689E-002
   258.00000000000000        9.6656084240827819E-002
   259.00000000000000        9.7189014241866586E-002
   260.00000000000000        9.7229255171117107E-002
   261.00000000000000        9.7091514768247261E-002
   262.00000000000000        9.7683318296586288E-002
   263.00000000000000        9.8461891775807650E-002
   264.00000000000000        9.8629379793386818E-002
   265.00000000000000        9.8983429604735523E-002
   266.00000000000000        9.9793735459624361E-002
   267.00000000000000        9.9996929556347217E-002
   268.00000000000000        9.9346870515702859E-002
   269.00000000000000        9.8614375996500150E-002
   270.00000000000000        9.8296290779339379E-002
   271.00000000000000        9.7508217067426531E-002
   272.00000000000000        9.7350326471553214E-002
   273.00000000000000        9.8321340610520475E-002
   274.00000000000000        9.8560356833379256E-002
   275.00000000000000        9.9215837137564294E-002
   276.00000000000000       0.10051077320070970     
   277.00000000000000       0.10091260082526515     
   278.00000000000000       0.10180996767707932     
   279.00000000000000       0.10174450724308146     
   280.00000000000000       0.10118476322887042     
   281.00000000000000       0.10072805483888600     
   282.00000000000000       0.10081755293197482     
   283.00000000000000       0.10086775964381525     
   284.00000000000000       0.10118618143765352     
   285.00000000000000       0.10195372862793893     
   286.00000000000000       0.10197202901316239     
   287.00000000000000       0.10222837999721883     
   288.00000000000000       0.10257378419093600     
   289.00000000000000       0.10243688572056746     
   290.00000000000000       0.10287528622195584     
   291.00000000000000       0.10360478625002274     
   292.00000000000000       0.10420635189507743     
   293.00000000000000       0.10535487449047837     
   294.00000000000000       0.10612089617758798     
   295.00000000000000       0.10720866678389286     
   296.00000000000000       0.10835921103596809     
   297.00000000000000       0.10871828183749734     
   298.00000000000000       0.10882701094089264     
   299.00000000000000       0.10883218007591398     
   300.00000000000000       0.10820234073529301     
   301.00000000000000       0.10819094494814502     
   302.00000000000000       0.10866087803864451     
   303.00000000000000       0.10915907133223215     
   304.00000000000000       0.10966479911514700     
   305.00000000000000       0.10993158619207723     
   306.00000000000000       0.10981845178927373     
   307.00000000000000       0.11067685537734286     
   308.00000000000000       0.11095287643862398     
   309.00000000000000       0.11194632017442070     
   310.00000000000000       0.11224704970805163     
   311.00000000000000       0.11294417400800803     
   312.00000000000000       0.11375153922718730     
   313.00000000000000       0.11372179976056493     
   314.00000000000000       0.11424935666834950     
   315.00000000000000       0.11425457699224918     
   316.00000000000000       0.11409551601011687     
   317.00000000000000       0.11420292456038517     
   318.00000000000000       0.11456782384464240     
   319.00000000000000       0.11488590935307127     
   320.00000000000000       0.11532267266456923     
   321.00000000000000       0.11562493707728524     
   322.00000000000000       0.11553616797499887     
   323.00000000000000       0.11575180099895024     
   324.00000000000000       0.11596985966003992     
   325.00000000000000       0.11605329497562733     
   326.00000000000000       0.11658228349989998     
   327.00000000000000       0.11699471621457085     
   328.00000000000000       0.11708960975943489     
   329.00000000000000       0.11668902242719789     
   330.00000000000000       0.11724278867402231     
   331.00000000000000       0.11759882983220772     
   332.00000000000000       0.11775276218860074     
   333.00000000000000       0.11802837103331609     
   334.00000000000000       0.11889920675906156     
   335.00000000000000       0.11939334639405218     
   336.00000000000000       0.11960335941801332     
   337.00000000000000       0.12072503367623384     
   338.00000000000000       0.12156117229022441     
   339.00000000000000       0.12180440574767071     
   340.00000000000000       0.12256533997533720     
   341.00000000000000       0.12311189252013224     
   342.00000000000000       0.12377692153973807     
   343.00000000000000       0.12394807967025444     
   344.00000000000000       0.12389422903342111     
   345.00000000000000       0.12403431927106792     
   346.00000000000000       0.12457111094840392     
   347.00000000000000       0.12472012892632810     
   348.00000000000000       0.12525676230711458     
   349.00000000000000       0.12634023387756169     
   350.00000000000000       0.12698243271810197     
   351.00000000000000       0.12861365003359951     
   352.00000000000000       0.13084996059817819     
   353.00000000000000       0.13119078646988247     
   354.00000000000000       0.13098571335422082     
   355.00000000000000       0.13000551430128532     
   356.00000000000000       0.12852432612676984     
   357.00000000000000       0.12750348636196979     
   358.00000000000000       0.12766387098041290     
   359.00000000000000       0.12913192920971406     
   360.00000000000000       0.13059424929648206     
   361.00000000000000       0.13189062368079593     
   362.00000000000000       0.13261280831020034     
   363.00000000000000       0.13249164545349226     
   364.00000000000000       0.13128903864235475     
   365.00000000000000       0.13050771869366062     
   366.00000000000000       0.13106210641821464     
   367.00000000000000       0.13115913218902292     
   368.00000000000000       0.13119369397257408     
   369.00000000000000       0.13269294037472551     
   370.00000000000000       0.13377191561172699     
   371.00000000000000       0.13392156921062273     
   372.00000000000000       0.13336101913678405     
   373.00000000000000       0.13359620141379802     
   374.00000000000000       0.13356520953083670     
   375.00000000000000       0.13402506657123978     
   376.00000000000000       0.13382898951406305     
   377.00000000000000       0.13460494494845957     
   378.00000000000000       0.13491292013975445     
   379.00000000000000       0.13475405667832832     
   380.00000000000000       0.13471903706041849     
   381.00000000000000       0.13479421452747026     
   382.00000000000000       0.13589575987005020     
   383.00000000000000       0.13630840197043168     
   384.00000000000000       0.13759541363701319     
   385.00000000000000       0.13771017158433668     
   386.00000000000000       0.13838630910970373     
   387.00000000000000       0.13878229759005661     
   388.00000000000000       0.13893199878790488     
   389.00000000000000       0.13978172033887371     
   390.00000000000000       0.14114243247933803     
   391.00000000000000       0.14150690067653721     
   392.00000000000000       0.14150310207430083     
   393.00000000000000       0.14234082065425180     
   394.00000000000000       0.14277841085953474     
   395.00000000000000       0.14280615965636903     
   396.00000000000000       0.14204580283368326     
   397.00000000000000       0.14189813264704276     
   398.00000000000000       0.14245086910341909     
   399.00000000000000       0.14321170052326554     
   400.00000000000000       0.14363048670758885     
   401.00000000000000       0.14432665305203457     
   402.00000000000000       0.14457674003821325     
   403.00000000000000       0.14502182673512984     
   404.00000000000000       0.14631386635696600     
   405.00000000000000       0.14670565334580066     
   406.00000000000000       0.14617234327031536     
   407.00000000000000       0.14675860409353134     
   408.00000000000000       0.14722588249060878     
   409.00000000000000       0.14596305933941417     
   410.00000000000000       0.14614297589493422     
   411.00000000000000       0.14720783848072019     
   412.00000000000000       0.14699407739692588     
   413.00000000000000       0.14640458763322819     
   414.00000000000000       0.14615154775905681     
   415.00000000000000       0.14698758657609268     
   416.00000000000000       0.14798830188598189     
   417.00000000000000       0.14819594553439344     
   418.00000000000000       0.14880214608360212     
   419.00000000000000       0.15102724348971738     
   420.00000000000000       0.15093152619433173     
   421.00000000000000       0.15067068793421395     
   422.00000000000000       0.15076693933005803     
   423.00000000000000       0.15080389676693493     
   424.00000000000000       0.15282669844115102     
   425.00000000000000       0.15350253194866306     
   426.00000000000000       0.15439390818526505     
   427.00000000000000       0.15476695804018312     
   428.00000000000000       0.15555538371208566     
   429.00000000000000       0.15563693074409257     
   430.00000000000000       0.15546588025364530     
   431.00000000000000       0.15603769721553742     
   432.00000000000000       0.15610543862779155     
   433.00000000000000       0.15625491623592985     
   434.00000000000000       0.15519713533364335     
   435.00000000000000       0.15727288270845008     
   436.00000000000000       0.15748782590449650     
   437.00000000000000       0.15811927559929712     
   438.00000000000000       0.15799332265701999     
   439.00000000000000       0.15817498400652258     
   440.00000000000000       0.15800240957153353     
   441.00000000000000       0.15752953743370376     
   442.00000000000000       0.15848405722310840     
   443.00000000000000       0.15957595871498698     
   444.00000000000000       0.16222289168174869     
   445.00000000000000       0.16470658722612633     
   446.00000000000000       0.16670992151051092     
   447.00000000000000       0.16654724633768159     
   448.00000000000000       0.16494328529999780     
   449.00000000000000       0.16296450803421425     
   450.00000000000000       0.16178294478422486     
   451.00000000000000       0.16211696685402929     
   452.00000000000000       0.16302394746153206     
   453.00000000000000       0.16409607197466200     
   454.00000000000000       0.16427173876614568     
   455.00000000000000       0.16506873596815158     
   456.00000000000000       0.16511905651452535     
   457.00000000000000       0.16572609894156939     
   458.00000000000000       0.16507143545049607     
   459.00000000000000       0.16551523529329365     
   460.00000000000000       0.16731798432401918     
   461.00000000000000       0.16876951398300849     
   462.00000000000000       0.16864104720527348     
   463.00000000000000       0.16823617284308237     
   464.00000000000000       0.16755122644995502     
   465.00000000000000       0.16730693312425848     
   466.00000000000000       0.16724829160912652     
   467.00000000000000       0.16814622265433962     
   468.00000000000000       0.16835768677507731     
   469.00000000000000       0.16967999348344201     
   470.00000000000000       0.17000467257706206     
   471.00000000000000       0.16944524749089421     
   472.00000000000000       0.16928716475950917     
   473.00000000000000       0.16936034414110504     
   474.00000000000000       0.17038230157610551     
   475.00000000000000       0.17085533588037846     
   476.00000000000000       0.17123892767239682     
   477.00000000000000       0.17239862690119298     
   478.00000000000000       0.17368241198100498     
   479.00000000000000       0.17553464866129109     
   480.00000000000000       0.17635082235739336     
   481.00000000000000       0.17550136446843528     
   482.00000000000000       0.17498002242326896     
   483.00000000000000       0.17510708982840742     
   484.00000000000000       0.17518841915128000     
   485.00000000000000       0.17539736406511003     
   486.00000000000000       0.17613640032955516     
   487.00000000000000       0.17843981053462302     
   488.00000000000000       0.17927125028222743     
   489.00000000000000       0.17838518510746532     
   490.00000000000000       0.17719635278630097     
   491.00000000000000       0.17622125640825542     
   492.00000000000000       0.17622224401908537     
   493.00000000000000       0.17689768257354699     
   494.00000000000000       0.17759472611168642     
   495.00000000000000       0.17946525374746339     
   496.00000000000000       0.18118180385783325     
   497.00000000000000       0.18277954502620070     
   498.00000000000000       0.18268887639138953     
   499.00000000000000       0.18322120020378693     
   500.00000000000000       0.18240323767922734     
   501.00000000000000       0.18081208277749575     
