   1.0000000000000000        3.4417674278650241E-004
   2.0000000000000000        7.3800202071625171E-004
   3.0000000000000000        1.1389583815277124E-003
   4.0000000000000000        1.5774122579686018E-003
   5.0000000000000000        2.0051764649326792E-003
   6.0000000000000000        2.4564461420886669E-003
   7.0000000000000000        2.8774469218628990E-003
   8.0000000000000000        3.3244845905836661E-003
   9.0000000000000000        3.7097388119728559E-003
   10.000000000000000        4.1407194486408868E-003
   11.000000000000000        4.6048004573469780E-003
   12.000000000000000        5.0068000260462256E-003
   13.000000000000000        5.4917338294344416E-003
   14.000000000000000        5.8970497903190668E-003
   15.000000000000000        6.3375421789463402E-003
   16.000000000000000        6.7600764513880782E-003
   17.000000000000000        7.2486270932358909E-003
   18.000000000000000        7.7312329410511903E-003
   19.000000000000000        8.1129245509902227E-003
   20.000000000000000        8.5441709685383990E-003
   21.000000000000000        9.0739965170779369E-003
   22.000000000000000        9.5243786050858963E-003
   23.000000000000000        9.9435223641130884E-003
   24.000000000000000        1.0363801234498059E-002
   25.000000000000000        1.0807184319660060E-002
   26.000000000000000        1.1150662114967139E-002
   27.000000000000000        1.1639496891540767E-002
   28.000000000000000        1.2023434314341674E-002
   29.000000000000000        1.2358347050633349E-002
   30.000000000000000        1.2838749268272796E-002
   31.000000000000000        1.3316169027898070E-002
   32.000000000000000        1.3846777650497378E-002
   33.000000000000000        1.4375302927656496E-002
   34.000000000000000        1.4854022187552659E-002
   35.000000000000000        1.5300426666881296E-002
   36.000000000000000        1.5556688707844194E-002
   37.000000000000000        1.6052867374558424E-002
   38.000000000000000        1.6562773997602573E-002
   39.000000000000000        1.6985330264002441E-002
   40.000000000000000        1.7342775602805435E-002
   41.000000000000000        1.7694944440806364E-002
   42.000000000000000        1.8040976543198174E-002
   43.000000000000000        1.8482239111055995E-002
   44.000000000000000        1.8727530727110548E-002
   45.000000000000000        1.9077897331950863E-002
   46.000000000000000        1.9653855295770545E-002
   47.000000000000000        1.9936192349906606E-002
   48.000000000000000        2.0434940514572487E-002
   49.000000000000000        2.0934775109054518E-002
   50.000000000000000        2.1448667776398988E-002
   51.000000000000000        2.1909157911400242E-002
   52.000000000000000        2.2321913031902847E-002
   53.000000000000000        2.2705825355091105E-002
   54.000000000000000        2.3200226498892227E-002
   55.000000000000000        2.3557324010574331E-002
   56.000000000000000        2.3922242716062015E-002
   57.000000000000000        2.4361550919772910E-002
   58.000000000000000        2.4928294834849655E-002
   59.000000000000000        2.5523322216172730E-002
   60.000000000000000        2.6116282513888374E-002
   61.000000000000000        2.6729385203273476E-002
   62.000000000000000        2.7395089944061358E-002
   63.000000000000000        2.7428515581522723E-002
   64.000000000000000        2.7834790788395177E-002
   65.000000000000000        2.8415881201554350E-002
   66.000000000000000        2.8678857435840387E-002
   67.000000000000000        2.9093693017989308E-002
   68.000000000000000        2.9694824060932476E-002
   69.000000000000000        3.0102418405296531E-002
   70.000000000000000        3.0502076967274562E-002
   71.000000000000000        3.1061487467225403E-002
   72.000000000000000        3.1743167057585175E-002
   73.000000000000000        3.2130700102830402E-002
   74.000000000000000        3.2694885551475469E-002
   75.000000000000000        3.2841219975279390E-002
   76.000000000000000        3.3220321137985891E-002
   77.000000000000000        3.3756319456327420E-002
   78.000000000000000        3.4251484520474051E-002
   79.000000000000000        3.4715016553993228E-002
   80.000000000000000        3.5021151329360622E-002
   81.000000000000000        3.5326339092505717E-002
   82.000000000000000        3.5393671949200241E-002
   83.000000000000000        3.6134477944032233E-002
   84.000000000000000        3.6259568958055780E-002
   85.000000000000000        3.6802093838783648E-002
   86.000000000000000        3.7023845624289731E-002
   87.000000000000000        3.7280441675068977E-002
   88.000000000000000        3.7663990408235398E-002
   89.000000000000000        3.8089237379634940E-002
   90.000000000000000        3.8627330646380992E-002
   91.000000000000000        3.9097999377962246E-002
   92.000000000000000        3.9573103825749370E-002
   93.000000000000000        4.0077085145686225E-002
   94.000000000000000        4.0729604233904600E-002
   95.000000000000000        4.0733785099439909E-002
   96.000000000000000        4.1307944328719551E-002
   97.000000000000000        4.1788393464651345E-002
   98.000000000000000        4.2126090153903645E-002
   99.000000000000000        4.2678698993336178E-002
   100.00000000000000        4.3113104160280531E-002
   101.00000000000000        4.3725234248983981E-002
   102.00000000000000        4.4331618461564304E-002
   103.00000000000000        4.4891738229506851E-002
   104.00000000000000        4.5093284873131564E-002
   105.00000000000000        4.5000316276539262E-002
   106.00000000000000        4.5420704502962365E-002
   107.00000000000000        4.5655113466436352E-002
   108.00000000000000        4.6213903884318924E-002
   109.00000000000000        4.6867173057348097E-002
   110.00000000000000        4.7967645847215572E-002
   111.00000000000000        4.8308030633582001E-002
   112.00000000000000        4.8725141407348960E-002
   113.00000000000000        4.8878444383413946E-002
   114.00000000000000        4.9082734665834515E-002
   115.00000000000000        4.9552328735970513E-002
   116.00000000000000        5.0358229071555502E-002
   117.00000000000000        5.1238594069088796E-002
   118.00000000000000        5.1895445413749061E-002
   119.00000000000000        5.2258101952858294E-002
   120.00000000000000        5.2540143638723190E-002
   121.00000000000000        5.2647878672212108E-002
   122.00000000000000        5.2357862932500422E-002
   123.00000000000000        5.2612764416451352E-002
   124.00000000000000        5.2495548042057520E-002
   125.00000000000000        5.3158297932709819E-002
   126.00000000000000        5.3623371197550965E-002
   127.00000000000000        5.4648929573971966E-002
   128.00000000000000        5.5015329857341165E-002
   129.00000000000000        5.5836071668245432E-002
   130.00000000000000        5.6541813860754478E-002
   131.00000000000000        5.6735909583409738E-002
   132.00000000000000        5.6749135027070165E-002
   133.00000000000000        5.7263616615796584E-002
   134.00000000000000        5.7511767665776675E-002
   135.00000000000000        5.7797575257427763E-002
   136.00000000000000        5.8039450034701741E-002
   137.00000000000000        5.8509404069705999E-002
   138.00000000000000        5.9058767615532290E-002
   139.00000000000000        5.9479139586133774E-002
   140.00000000000000        5.9845847611676682E-002
   141.00000000000000        6.0328174857923994E-002
   142.00000000000000        6.0762052366181020E-002
   143.00000000000000        6.1894335365856881E-002
   144.00000000000000        6.2527811681180739E-002
   145.00000000000000        6.3714628365091952E-002
   146.00000000000000        6.4402290504900192E-002
   147.00000000000000        6.4580739444939805E-002
   148.00000000000000        6.5335671024199821E-002
   149.00000000000000        6.4961481081921485E-002
   150.00000000000000        6.5195895059035239E-002
   151.00000000000000        6.5157380697734413E-002
   152.00000000000000        6.5949603479064325E-002
   153.00000000000000        6.6594915066548008E-002
   154.00000000000000        6.7049723385169499E-002
   155.00000000000000        6.7281422848240069E-002
   156.00000000000000        6.7699829038314521E-002
   157.00000000000000        6.7369135736012414E-002
   158.00000000000000        6.7652933052131978E-002
   159.00000000000000        6.9024836589230157E-002
   160.00000000000000        7.0288075800228028E-002
   161.00000000000000        7.1783253179477216E-002
   162.00000000000000        7.2913872048692541E-002
   163.00000000000000        7.2823921674908018E-002
   164.00000000000000        7.2734967626218297E-002
   165.00000000000000        7.2224443698045593E-002
   166.00000000000000        7.2143155228430192E-002
   167.00000000000000        7.3297911167276061E-002
   168.00000000000000        7.3237923531760674E-002
   169.00000000000000        7.4514764661966257E-002
   170.00000000000000        7.4499737041283043E-002
   171.00000000000000        7.3981023337813728E-002
   172.00000000000000        7.4100376630190562E-002
   173.00000000000000        7.4583811400227198E-002
   174.00000000000000        7.4806322060088318E-002
   175.00000000000000        7.5311260568978258E-002
   176.00000000000000        7.5700357599902166E-002
   177.00000000000000        7.7001876913657924E-002
   178.00000000000000        7.7274846967184438E-002
   179.00000000000000        7.7893500387947137E-002
   180.00000000000000        7.8133673816161195E-002
   181.00000000000000        7.8434842446135647E-002
   182.00000000000000        7.8129231995003032E-002
   183.00000000000000        7.8152462833242037E-002
   184.00000000000000        7.8547434718552717E-002
   185.00000000000000        7.8964878442974090E-002
   186.00000000000000        7.9643684306044696E-002
   187.00000000000000        8.0568219458324736E-002
   188.00000000000000        8.1268307468782677E-002
   189.00000000000000        8.1805240812404034E-002
   190.00000000000000        8.1703282627024629E-002
   191.00000000000000        8.2020597602633485E-002
   192.00000000000000        8.2673153600246255E-002
   193.00000000000000        8.2922674665779558E-002
   194.00000000000000        8.3825739454861645E-002
   195.00000000000000        8.4780419307037919E-002
   196.00000000000000        8.5281691657970116E-002
   197.00000000000000        8.5171578965608064E-002
   198.00000000000000        8.4635951292336989E-002
   199.00000000000000        8.4913083902165690E-002
   200.00000000000000        8.5217318328234079E-002
   201.00000000000000        8.5598269513989869E-002
   202.00000000000000        8.6688834793607061E-002
   203.00000000000000        8.7634006741974760E-002
   204.00000000000000        8.8603817961691117E-002
   205.00000000000000        8.9412113223060974E-002
   206.00000000000000        8.9391432658256151E-002
   207.00000000000000        9.0470445460028873E-002
   208.00000000000000        9.0149149383730462E-002
   209.00000000000000        9.0869838169452169E-002
   210.00000000000000        9.1084493114238371E-002
   211.00000000000000        9.1344528761629643E-002
   212.00000000000000        9.2657332685473812E-002
   213.00000000000000        9.3627463940303815E-002
   214.00000000000000        9.4278434782801249E-002
   215.00000000000000        9.4368279011501424E-002
   216.00000000000000        9.4378595546812216E-002
   217.00000000000000        9.3683440483061917E-002
   218.00000000000000        9.4449383438796969E-002
   219.00000000000000        9.4767601353498571E-002
   220.00000000000000        9.6236431739653142E-002
   221.00000000000000        9.6602820874018697E-002
   222.00000000000000        9.7469761505504487E-002
   223.00000000000000        9.6552915723359417E-002
   224.00000000000000        9.7159363236002314E-002
   225.00000000000000        9.6694825930307815E-002
   226.00000000000000        9.7605940198947902E-002
   227.00000000000000        9.8139140689387686E-002
   228.00000000000000        9.9137815762784701E-002
   229.00000000000000        9.9817151805330073E-002
   230.00000000000000       0.10019325007103004     
   231.00000000000000       0.10017791202989400     
   232.00000000000000        9.9155791798914372E-002
   233.00000000000000        9.9445900859640557E-002
   234.00000000000000        9.9877687748918920E-002
   235.00000000000000       0.10063210645266611     
   236.00000000000000       0.10203693357995842     
   237.00000000000000       0.10375072097397975     
   238.00000000000000       0.10418756749244758     
   239.00000000000000       0.10431169934150449     
   240.00000000000000       0.10431612806956959     
   241.00000000000000       0.10460762328803561     
   242.00000000000000       0.10450119632520231     
   243.00000000000000       0.10448986032138698     
   244.00000000000000       0.10557488071051471     
   245.00000000000000       0.10546409735923939     
   246.00000000000000       0.10551713170936586     
   247.00000000000000       0.10657646447316312     
   248.00000000000000       0.10642097790827089     
   249.00000000000000       0.10672492419353362     
   250.00000000000000       0.10688620392073085     
   251.00000000000000       0.10749433115010226     
   252.00000000000000       0.10846797127900322     
   253.00000000000000       0.10963789225043978     
   254.00000000000000       0.11057518346104035     
   255.00000000000000       0.11243937655931147     
   256.00000000000000       0.11229215680806962     
   257.00000000000000       0.11360745781075161     
   258.00000000000000       0.11476747174912912     
   259.00000000000000       0.11501622675416603     
   260.00000000000000       0.11525837462561231     
   261.00000000000000       0.11584172530430444     
   262.00000000000000       0.11629853654433114     
   263.00000000000000       0.11712877680142561     
   264.00000000000000       0.11705734112322978     
   265.00000000000000       0.11732879979712994     
   266.00000000000000       0.11855640041339967     
   267.00000000000000       0.11827559549696356     
   268.00000000000000       0.11808452057034033     
   269.00000000000000       0.11802871432227914     
   270.00000000000000       0.11670433874999343     
   271.00000000000000       0.11706163397606528     
   272.00000000000000       0.11656719516082927     
   273.00000000000000       0.11668661922482779     
   274.00000000000000       0.11784476406551306     
   275.00000000000000       0.11871571628122751     
   276.00000000000000       0.11970578954380366     
   277.00000000000000       0.12000497308336026     
   278.00000000000000       0.12102959165127490     
   279.00000000000000       0.12093334915752572     
   280.00000000000000       0.12142109543291918     
   281.00000000000000       0.12059098132299796     
   282.00000000000000       0.12008889098726078     
   283.00000000000000       0.12082254370411942     
   284.00000000000000       0.12142833327791949     
   285.00000000000000       0.12113920440320064     
   286.00000000000000       0.12106902885937521     
   287.00000000000000       0.12230504620057568     
   288.00000000000000       0.12260761744411040     
   289.00000000000000       0.12262956503578977     
   290.00000000000000       0.12328917548840396     
   291.00000000000000       0.12366561738904662     
   292.00000000000000       0.12453914404593563     
   293.00000000000000       0.12568651765420100     
   294.00000000000000       0.12652046812090056     
   295.00000000000000       0.12754153672861618     
   296.00000000000000       0.12869672898312012     
   297.00000000000000       0.12888189245167106     
   298.00000000000000       0.12981574590221218     
   299.00000000000000       0.12894547035484977     
   300.00000000000000       0.12893912793513992     
   301.00000000000000       0.12913147178023776     
   302.00000000000000       0.12959731204307604     
   303.00000000000000       0.13001124658578533     
   304.00000000000000       0.13087720854526597     
   305.00000000000000       0.13097180994597854     
   306.00000000000000       0.13181022406863702     
   307.00000000000000       0.13153225686954195     
   308.00000000000000       0.13324761097770982     
   309.00000000000000       0.13350985087402872     
   310.00000000000000       0.13387929115273692     
   311.00000000000000       0.13535534257549897     
   312.00000000000000       0.13512906221802798     
   313.00000000000000       0.13562499821621568     
   314.00000000000000       0.13555425427980627     
   315.00000000000000       0.13584374949628122     
   316.00000000000000       0.13635142793174670     
   317.00000000000000       0.13624888901328966     
   318.00000000000000       0.13679838959973425     
   319.00000000000000       0.13693165616444081     
   320.00000000000000       0.13740752620794966     
   321.00000000000000       0.13805376626802598     
   322.00000000000000       0.13848533236284633     
   323.00000000000000       0.13861392892772731     
   324.00000000000000       0.13848023324144954     
   325.00000000000000       0.13831677559788261     
   326.00000000000000       0.13890307808318669     
   327.00000000000000       0.13918143044914580     
   328.00000000000000       0.13987921000385339     
   329.00000000000000       0.13973935101224649     
   330.00000000000000       0.13947610659104012     
   331.00000000000000       0.14107679994398525     
   332.00000000000000       0.14138448466178560     
   333.00000000000000       0.14189114526945643     
   334.00000000000000       0.14224478637552784     
   335.00000000000000       0.14331932468872782     
   336.00000000000000       0.14306437458889049     
   337.00000000000000       0.14414569336282207     
   338.00000000000000       0.14589358077942727     
   339.00000000000000       0.14595723268652025     
   340.00000000000000       0.14584660958551601     
   341.00000000000000       0.14656727186150029     
   342.00000000000000       0.14813915485158988     
   343.00000000000000       0.14846811185308331     
   344.00000000000000       0.14719728558669659     
   345.00000000000000       0.14707857227535490     
   346.00000000000000       0.14804451352454692     
   347.00000000000000       0.14843169614800836     
   348.00000000000000       0.14856682085607048     
   349.00000000000000       0.15033509336558987     
   350.00000000000000       0.15104548186625219     
   351.00000000000000       0.15360788893491936     
   352.00000000000000       0.15506302070822486     
   353.00000000000000       0.15613824807644791     
   354.00000000000000       0.15600176991399992     
   355.00000000000000       0.15454945426368538     
   356.00000000000000       0.15312704161341420     
   357.00000000000000       0.15224714241289913     
   358.00000000000000       0.15284871122342597     
   359.00000000000000       0.15437611956021000     
   360.00000000000000       0.15532894484476423     
   361.00000000000000       0.15701725227295807     
   362.00000000000000       0.15696138080176592     
   363.00000000000000       0.15785656060011316     
   364.00000000000000       0.15630943505628578     
   365.00000000000000       0.15682023136387188     
   366.00000000000000       0.15578273329802614     
   367.00000000000000       0.15625627522855701     
   368.00000000000000       0.15789818284979279     
   369.00000000000000       0.15740915495881358     
   370.00000000000000       0.15934750779267823     
   371.00000000000000       0.16044148979741185     
   372.00000000000000       0.15978425850689743     
   373.00000000000000       0.15948929108715187     
   374.00000000000000       0.16022104404572082     
   375.00000000000000       0.16007754813506847     
   376.00000000000000       0.16044592930596860     
   377.00000000000000       0.16097182725171880     
   378.00000000000000       0.16043082605841097     
   379.00000000000000       0.16089783774297017     
   380.00000000000000       0.16126269282781189     
   381.00000000000000       0.16198666073771609     
   382.00000000000000       0.16260500264349190     
   383.00000000000000       0.16376996888020068     
   384.00000000000000       0.16378586025256273     
   385.00000000000000       0.16355472113872646     
   386.00000000000000       0.16569908161326022     
   387.00000000000000       0.16567244259386218     
   388.00000000000000       0.16674325894042397     
   389.00000000000000       0.16730210206088256     
   390.00000000000000       0.16848076812739077     
   391.00000000000000       0.16817596759898160     
   392.00000000000000       0.16930974058296269     
   393.00000000000000       0.16985503063128238     
   394.00000000000000       0.16981179651184583     
   395.00000000000000       0.17067132561927362     
   396.00000000000000       0.16929097653074693     
   397.00000000000000       0.16928120663074175     
   398.00000000000000       0.17009968159593258     
   399.00000000000000       0.17028611548254410     
   400.00000000000000       0.17124330168145946     
   401.00000000000000       0.17274364588771904     
   402.00000000000000       0.17297537014380948     
   403.00000000000000       0.17361038306665388     
   404.00000000000000       0.17379884652231595     
   405.00000000000000       0.17387131058465458     
   406.00000000000000       0.17450827884747236     
   407.00000000000000       0.17522171184641328     
   408.00000000000000       0.17500282966192302     
   409.00000000000000       0.17549510388806261     
   410.00000000000000       0.17450781166675117     
   411.00000000000000       0.17587532246365453     
   412.00000000000000       0.17567841308270682     
   413.00000000000000       0.17602789704558033     
   414.00000000000000       0.17576858264162576     
   415.00000000000000       0.17576812560664054     
   416.00000000000000       0.17684569215588414     
   417.00000000000000       0.17760296349854024     
   418.00000000000000       0.17807878006910857     
   419.00000000000000       0.17922797118092354     
   420.00000000000000       0.17995565173681236     
   421.00000000000000       0.18052468563060739     
   422.00000000000000       0.18000121778928252     
   423.00000000000000       0.18136214697624195     
   424.00000000000000       0.18136709614514476     
   425.00000000000000       0.18393113527214916     
   426.00000000000000       0.18385517143903676     
   427.00000000000000       0.18526643750770042     
   428.00000000000000       0.18465316950878136     
   429.00000000000000       0.18592756898390775     
   430.00000000000000       0.18511842279133744     
   431.00000000000000       0.18515154237781037     
   432.00000000000000       0.18533886667221819     
   433.00000000000000       0.18574905585278337     
   434.00000000000000       0.18631880961042427     
   435.00000000000000       0.18732955080486055     
   436.00000000000000       0.18790863422727958     
   437.00000000000000       0.18897958342575397     
   438.00000000000000       0.18930120482195512     
   439.00000000000000       0.18857739837598619     
   440.00000000000000       0.18904390558610976     
   441.00000000000000       0.18799527185759388     
   442.00000000000000       0.18916376304348667     
   443.00000000000000       0.19056787544320711     
   444.00000000000000       0.19292917181893104     
   445.00000000000000       0.19780420249093075     
   446.00000000000000       0.19794274772594445     
   447.00000000000000       0.19902643242595325     
   448.00000000000000       0.19668719212931657     
   449.00000000000000       0.19452722032771386     
   450.00000000000000       0.19324775447796314     
   451.00000000000000       0.19403515462683657     
   452.00000000000000       0.19403989007209604     
   453.00000000000000       0.19567367449454229     
   454.00000000000000       0.19719248975840281     
   455.00000000000000       0.19708569433896156     
   456.00000000000000       0.19665736607788423     
   457.00000000000000       0.19700402261544778     
   458.00000000000000       0.19801130187558466     
   459.00000000000000       0.19850430144584491     
   460.00000000000000       0.19830143219171043     
   461.00000000000000       0.20076755659253911     
   462.00000000000000       0.20102891111745699     
   463.00000000000000       0.20024036741439827     
   464.00000000000000       0.20008320643032551     
   465.00000000000000       0.19987627979949002     
   466.00000000000000       0.20031617799783910     
   467.00000000000000       0.19963940700515254     
   468.00000000000000       0.20024734380690518     
   469.00000000000000       0.20170484217371412     
   470.00000000000000       0.20253071859058269     
   471.00000000000000       0.20240944643825323     
   472.00000000000000       0.20171758445720125     
   473.00000000000000       0.20196504734530696     
   474.00000000000000       0.20248110380594725     
   475.00000000000000       0.20326384951088816     
   476.00000000000000       0.20550286157611594     
   477.00000000000000       0.20522433743700630     
   478.00000000000000       0.20782446983895883     
   479.00000000000000       0.20842156314762991     
   480.00000000000000       0.21008417336702503     
   481.00000000000000       0.20967562809699195     
   482.00000000000000       0.20993494529928414     
   483.00000000000000       0.20972060721502273     
   484.00000000000000       0.20916779530563154     
   485.00000000000000       0.20870579712478729     
   486.00000000000000       0.20970928949795889     
   487.00000000000000       0.21206302686000000     
   488.00000000000000       0.21189761478909175     
   489.00000000000000       0.21221125221391979     
   490.00000000000000       0.21052073466350862     
   491.00000000000000       0.21124940711525600     
   492.00000000000000       0.21222567271535026     
   493.00000000000000       0.21184027102773717     
   494.00000000000000       0.21199148362176201     
   495.00000000000000       0.21373530291644310     
   496.00000000000000       0.21620824541249217     
   497.00000000000000       0.21585327671958526     
   498.00000000000000       0.21711521562776503     
   499.00000000000000       0.21746571823672808     
   500.00000000000000       0.21666717575609268     
   501.00000000000000       0.21524500199592048     
