   1.0000000000000000        2.3747532347069870E-004
   2.0000000000000000        6.1528242536023877E-004
   3.0000000000000000        1.0136740896200282E-003
   4.0000000000000000        1.4363456452855209E-003
   5.0000000000000000        1.8231389115951396E-003
   6.0000000000000000        2.2264039493677876E-003
   7.0000000000000000        2.6329158133033981E-003
   8.0000000000000000        3.0896556071597580E-003
   9.0000000000000000        3.4958908133610853E-003
   10.000000000000000        3.9504760593061395E-003
   11.000000000000000        4.4079041176522489E-003
   12.000000000000000        4.8230777779057063E-003
   13.000000000000000        5.2412469558813660E-003
   14.000000000000000        5.5924165205352410E-003
   15.000000000000000        6.0257253208474935E-003
   16.000000000000000        6.4288921315571760E-003
   17.000000000000000        6.7988842770242176E-003
   18.000000000000000        7.1913103065815685E-003
   19.000000000000000        7.5738404208911840E-003
   20.000000000000000        7.9719735088391881E-003
   21.000000000000000        8.4166103528705762E-003
   22.000000000000000        8.7999620500312636E-003
   23.000000000000000        9.1484057268466264E-003
   24.000000000000000        9.6554265706211388E-003
   25.000000000000000        1.0045632588196990E-002
   26.000000000000000        1.0546125192295825E-002
   27.000000000000000        1.0864719830116779E-002
   28.000000000000000        1.1322255543642409E-002
   29.000000000000000        1.1703860720462511E-002
   30.000000000000000        1.2228430553620009E-002
   31.000000000000000        1.2697985834403349E-002
   32.000000000000000        1.3223279756825095E-002
   33.000000000000000        1.3693475219237201E-002
   34.000000000000000        1.4104808944359707E-002
   35.000000000000000        1.4397834602227657E-002
   36.000000000000000        1.4722523467394595E-002
   37.000000000000000        1.5049695472483519E-002
   38.000000000000000        1.5427076172394005E-002
   39.000000000000000        1.5910489884215173E-002
   40.000000000000000        1.6364366679252913E-002
   41.000000000000000        1.6948606101685124E-002
   42.000000000000000        1.7419180160630550E-002
   43.000000000000000        1.7812642920722814E-002
   44.000000000000000        1.8116567317592300E-002
   45.000000000000000        1.8284961033158777E-002
   46.000000000000000        1.8568265842866728E-002
   47.000000000000000        1.8997811954651389E-002
   48.000000000000000        1.9259749665259236E-002
   49.000000000000000        1.9872459120396917E-002
   50.000000000000000        2.0386183717394694E-002
   51.000000000000000        2.0938958408940594E-002
   52.000000000000000        2.1368872350165612E-002
   53.000000000000000        2.1775841578018571E-002
   54.000000000000000        2.2316109580795551E-002
   55.000000000000000        2.2778378169255060E-002
   56.000000000000000        2.3067664975146524E-002
   57.000000000000000        2.3328608351950237E-002
   58.000000000000000        2.3847704732575043E-002
   59.000000000000000        2.4233046948999817E-002
   60.000000000000000        2.4709202355893779E-002
   61.000000000000000        2.5238352919655718E-002
   62.000000000000000        2.5622763565891250E-002
   63.000000000000000        2.6000501705863526E-002
   64.000000000000000        2.6202641662457365E-002
   65.000000000000000        2.6387476534003428E-002
   66.000000000000000        2.6767621781944577E-002
   67.000000000000000        2.7086922545956481E-002
   68.000000000000000        2.7580025927316617E-002
   69.000000000000000        2.8269856837480078E-002
   70.000000000000000        2.8934158542660616E-002
   71.000000000000000        2.9245699098518912E-002
   72.000000000000000        2.9604179725724995E-002
   73.000000000000000        2.9981887442190033E-002
   74.000000000000000        3.0014096104277715E-002
   75.000000000000000        3.0372860403367660E-002
   76.000000000000000        3.0704925641995971E-002
   77.000000000000000        3.1260699222064106E-002
   78.000000000000000        3.1709214924827089E-002
   79.000000000000000        3.2305896639878172E-002
   80.000000000000000        3.2732851393924643E-002
   81.000000000000000        3.3096750938084576E-002
   82.000000000000000        3.3543510489472322E-002
   83.000000000000000        3.4079137284394892E-002
   84.000000000000000        3.4535889165464545E-002
   85.000000000000000        3.4825254702077604E-002
   86.000000000000000        3.5075319516059550E-002
   87.000000000000000        3.5373927496296038E-002
   88.000000000000000        3.5822854391754089E-002
   89.000000000000000        3.6098907085728341E-002
   90.000000000000000        3.6715580586273965E-002
   91.000000000000000        3.6924981939176545E-002
   92.000000000000000        3.7182366658461981E-002
   93.000000000000000        3.7524641936378347E-002
   94.000000000000000        3.8352194715322960E-002
   95.000000000000000        3.8827752021918453E-002
   96.000000000000000        3.9572586349864505E-002
   97.000000000000000        4.0023723209741478E-002
   98.000000000000000        4.0567368807197766E-002
   99.000000000000000        4.1028215892685571E-002
   100.00000000000000        4.0806949479573681E-002
   101.00000000000000        4.0861787743882119E-002
   102.00000000000000        4.0936480017913023E-002
   103.00000000000000        4.1572368209389463E-002
   104.00000000000000        4.2598212105475888E-002
   105.00000000000000        4.3869722957175984E-002
   106.00000000000000        4.4833483333797781E-002
   107.00000000000000        4.5331754496981951E-002
   108.00000000000000        4.5373068720637309E-002
   109.00000000000000        4.5249264699034626E-002
   110.00000000000000        4.4980585941305877E-002
   111.00000000000000        4.4969531151866193E-002
   112.00000000000000        4.5530782818208229E-002
   113.00000000000000        4.6397716767994916E-002
   114.00000000000000        4.6966598639756323E-002
   115.00000000000000        4.7807622812535422E-002
   116.00000000000000        4.8214673927847944E-002
   117.00000000000000        4.8940183824741523E-002
   118.00000000000000        4.9284117545025478E-002
   119.00000000000000        4.9625720700483919E-002
   120.00000000000000        5.0167423822858742E-002
   121.00000000000000        5.0524005096747024E-002
   122.00000000000000        5.0830676411891797E-002
   123.00000000000000        5.1495520172285834E-002
   124.00000000000000        5.1989057104163676E-002
   125.00000000000000        5.2016761437081525E-002
   126.00000000000000        5.2399063182234633E-002
   127.00000000000000        5.2592598730324437E-002
   128.00000000000000        5.2624273529209772E-002
   129.00000000000000        5.2582404192257702E-002
   130.00000000000000        5.2699812055875928E-002
   131.00000000000000        5.3405901711840495E-002
   132.00000000000000        5.3597330558935015E-002
   133.00000000000000        5.3708885789638984E-002
   134.00000000000000        5.4087867610335870E-002
   135.00000000000000        5.4364424679234372E-002
   136.00000000000000        5.4730576251422386E-002
   137.00000000000000        5.5001662578537724E-002
   138.00000000000000        5.6086051761414006E-002
   139.00000000000000        5.6714194970553064E-002
   140.00000000000000        5.7166472605030681E-002
   141.00000000000000        5.7464954454682186E-002
   142.00000000000000        5.7643507644834661E-002
   143.00000000000000        5.7865133443724154E-002
   144.00000000000000        5.8286605786263504E-002
   145.00000000000000        5.8969005626329354E-002
   146.00000000000000        5.9119925378715618E-002
   147.00000000000000        5.9649756034737732E-002
   148.00000000000000        5.9680615693582975E-002
   149.00000000000000        6.0142559630561872E-002
   150.00000000000000        6.0936837562122030E-002
   151.00000000000000        6.1263378627418721E-002
   152.00000000000000        6.1482170637634129E-002
   153.00000000000000        6.2259263473847581E-002
   154.00000000000000        6.2956295952333596E-002
   155.00000000000000        6.3408454133273645E-002
   156.00000000000000        6.3862073391309851E-002
   157.00000000000000        6.4631305557285287E-002
   158.00000000000000        6.5036129782628974E-002
   159.00000000000000        6.5698636679890704E-002
   160.00000000000000        6.6288884374287677E-002
   161.00000000000000        6.7355188263395177E-002
   162.00000000000000        6.8398090294549560E-002
   163.00000000000000        6.9271844102967023E-002
   164.00000000000000        6.9454310264947930E-002
   165.00000000000000        6.9637776469328297E-002
   166.00000000000000        6.9666467153605596E-002
   167.00000000000000        6.9810930314102668E-002
   168.00000000000000        7.0512665082354264E-002
   169.00000000000000        7.0343351270931914E-002
   170.00000000000000        7.0291577205691971E-002
   171.00000000000000        7.0242048662107787E-002
   172.00000000000000        7.0523814123297807E-002
   173.00000000000000        7.0956144114582523E-002
   174.00000000000000        7.1977059382888883E-002
   175.00000000000000        7.2051662905907463E-002
   176.00000000000000        7.2099239100865839E-002
   177.00000000000000        7.2510320960224153E-002
   178.00000000000000        7.2823656290508743E-002
   179.00000000000000        7.2711812288658126E-002
   180.00000000000000        7.3407857720729372E-002
   181.00000000000000        7.4120583301158394E-002
   182.00000000000000        7.5053339639170019E-002
   183.00000000000000        7.6121344115481673E-002
   184.00000000000000        7.6396664711533446E-002
   185.00000000000000        7.6355708491340962E-002
   186.00000000000000        7.6350002853355983E-002
   187.00000000000000        7.6420477164722417E-002
   188.00000000000000        7.6579068575407278E-002
   189.00000000000000        7.7248191001130964E-002
   190.00000000000000        7.7824744474694216E-002
   191.00000000000000        7.8713200961508537E-002
   192.00000000000000        7.9898135766320336E-002
   193.00000000000000        8.1312055482481257E-002
   194.00000000000000        8.2201747988862317E-002
   195.00000000000000        8.2300205329422088E-002
   196.00000000000000        8.1532655983412278E-002
   197.00000000000000        8.1362135000659266E-002
   198.00000000000000        8.1132981769929516E-002
   199.00000000000000        8.1598330118751769E-002
   200.00000000000000        8.1998686444783780E-002
   201.00000000000000        8.3249203448942238E-002
   202.00000000000000        8.4189981063855071E-002
   203.00000000000000        8.4626856892673061E-002
   204.00000000000000        8.4656199692588904E-002
   205.00000000000000        8.4552081817894573E-002
   206.00000000000000        8.4810270960804290E-002
   207.00000000000000        8.4973540999251751E-002
   208.00000000000000        8.5555042780378732E-002
   209.00000000000000        8.6441285061774911E-002
   210.00000000000000        8.6945047975649337E-002
   211.00000000000000        8.7558747836703796E-002
   212.00000000000000        8.7565755578996596E-002
   213.00000000000000        8.7349716193624610E-002
   214.00000000000000        8.7726272120640381E-002
   215.00000000000000        8.7322603418658662E-002
   216.00000000000000        8.8399219231763013E-002
   217.00000000000000        8.9680149754415767E-002
   218.00000000000000        9.0635381859055633E-002
   219.00000000000000        9.0746643802383190E-002
   220.00000000000000        9.0953377603999311E-002
   221.00000000000000        9.0780066282564881E-002
   222.00000000000000        9.1591017734679314E-002
   223.00000000000000        9.1722576370826356E-002
   224.00000000000000        9.1527873181240157E-002
   225.00000000000000        9.2043673825185884E-002
   226.00000000000000        9.2460996268196483E-002
   227.00000000000000        9.2800840235593623E-002
   228.00000000000000        9.3003547923465574E-002
   229.00000000000000        9.3634043147614796E-002
   230.00000000000000        9.3886547335984158E-002
   231.00000000000000        9.4071044621409763E-002
   232.00000000000000        9.4676741093402420E-002
   233.00000000000000        9.6099644810169915E-002
   234.00000000000000        9.6742951622589834E-002
   235.00000000000000        9.7162459881182606E-002
   236.00000000000000        9.6920538415662671E-002
   237.00000000000000        9.6623879303916235E-002
   238.00000000000000        9.6315662635389279E-002
   239.00000000000000        9.6306580164596853E-002
   240.00000000000000        9.7458830114273559E-002
   241.00000000000000        9.8276773279207322E-002
   242.00000000000000        9.8933593587290397E-002
   243.00000000000000        9.9503609854528677E-002
   244.00000000000000        9.9723678339145694E-002
   245.00000000000000       0.10001722861384935     
   246.00000000000000       0.10001197137493978     
   247.00000000000000       0.10009267190599082     
   248.00000000000000       0.10059744613534490     
   249.00000000000000       0.10119063352215993     
   250.00000000000000       0.10185639271573538     
   251.00000000000000       0.10265635506515731     
   252.00000000000000       0.10272233690022491     
   253.00000000000000       0.10394003962716558     
   254.00000000000000       0.10448122124948835     
   255.00000000000000       0.10483958257640733     
   256.00000000000000       0.10550075910849246     
   257.00000000000000       0.10529546662333873     
   258.00000000000000       0.10486129821068195     
   259.00000000000000       0.10585031771069189     
   260.00000000000000       0.10700146843661533     
   261.00000000000000       0.10697756511942559     
   262.00000000000000       0.10779684893481878     
   263.00000000000000       0.10841644099786589     
   264.00000000000000       0.11010695075054529     
   265.00000000000000       0.10959250340974822     
   266.00000000000000       0.10971927318876035     
   267.00000000000000       0.10931508899899868     
   268.00000000000000       0.10908597446292653     
   269.00000000000000       0.10880196076136059     
   270.00000000000000       0.10964162992249014     
   271.00000000000000       0.11063599380718321     
   272.00000000000000       0.11129849722303187     
   273.00000000000000       0.11227630239062951     
   274.00000000000000       0.11214521085327925     
   275.00000000000000       0.11215038456009489     
   276.00000000000000       0.11226986013287509     
   277.00000000000000       0.11223866580021936     
   278.00000000000000       0.11231669895766583     
   279.00000000000000       0.11257696757741292     
   280.00000000000000       0.11363633896805324     
   281.00000000000000       0.11428077173311119     
   282.00000000000000       0.11449170124769878     
   283.00000000000000       0.11555709828986467     
   284.00000000000000       0.11643596166459705     
   285.00000000000000       0.11659706224838781     
   286.00000000000000       0.11758576841643607     
   287.00000000000000       0.11828404871242808     
   288.00000000000000       0.11813842314930237     
   289.00000000000000       0.11718795802286711     
   290.00000000000000       0.11714886064444864     
   291.00000000000000       0.11810339516093617     
   292.00000000000000       0.11852512015700030     
   293.00000000000000       0.12040711412131809     
   294.00000000000000       0.12121938001020795     
   295.00000000000000       0.12215596967695456     
   296.00000000000000       0.12043972206911964     
   297.00000000000000       0.12038749743018164     
   298.00000000000000       0.12094083079556843     
   299.00000000000000       0.12120481987077114     
   300.00000000000000       0.12303246905126720     
   301.00000000000000       0.12571428427897599     
   302.00000000000000       0.12718228127681999     
   303.00000000000000       0.12849698033811308     
   304.00000000000000       0.12889950844235007     
   305.00000000000000       0.12987890861889639     
   306.00000000000000       0.12930898491863432     
   307.00000000000000       0.12955455293769819     
   308.00000000000000       0.12901060672232315     
   309.00000000000000       0.12960116941064301     
   310.00000000000000       0.12977710363816108     
   311.00000000000000       0.13041331588787697     
   312.00000000000000       0.13068409648684859     
   313.00000000000000       0.13055996490223526     
   314.00000000000000       0.13059638448613836     
   315.00000000000000       0.13050695545267935     
   316.00000000000000       0.13155106830234328     
   317.00000000000000       0.13251538147143962     
   318.00000000000000       0.13299472762174530     
   319.00000000000000       0.13418099077154541     
   320.00000000000000       0.13471445963200540     
   321.00000000000000       0.13496448377412920     
   322.00000000000000       0.13512489914286382     
   323.00000000000000       0.13501626678288253     
   324.00000000000000       0.13604187483461488     
   325.00000000000000       0.13605757646892522     
   326.00000000000000       0.13639753976383537     
   327.00000000000000       0.13630419028310470     
   328.00000000000000       0.13608434851838530     
   329.00000000000000       0.13698175303707574     
   330.00000000000000       0.13693016048860426     
   331.00000000000000       0.13865319964237718     
   332.00000000000000       0.14055957837782274     
   333.00000000000000       0.14216524720558169     
   334.00000000000000       0.14425231419006282     
   335.00000000000000       0.14443761508017264     
   336.00000000000000       0.14570303922633424     
   337.00000000000000       0.14673442935669806     
   338.00000000000000       0.14731611137895570     
   339.00000000000000       0.14746493667419977     
   340.00000000000000       0.14565570396601260     
   341.00000000000000       0.14433108557094165     
   342.00000000000000       0.14361760357869138     
   343.00000000000000       0.14255241621689749     
   344.00000000000000       0.14345474229729505     
   345.00000000000000       0.14266300047006636     
   346.00000000000000       0.14265956462266854     
   347.00000000000000       0.14328666191627532     
   348.00000000000000       0.14267841420021340     
   349.00000000000000       0.14253754076119099     
   350.00000000000000       0.14368478968790277     
   351.00000000000000       0.14449860972356968     
   352.00000000000000       0.14581455780145955     
   353.00000000000000       0.14681396978537056     
   354.00000000000000       0.14747025536628283     
   355.00000000000000       0.14792150411914923     
   356.00000000000000       0.14868276164124841     
   357.00000000000000       0.14909465800088373     
   358.00000000000000       0.14924495050988501     
   359.00000000000000       0.14938277040341577     
   360.00000000000000       0.14878200843734429     
   361.00000000000000       0.14949477630370497     
   362.00000000000000       0.14961579223303112     
   363.00000000000000       0.15136839977604050     
   364.00000000000000       0.15181219170007618     
   365.00000000000000       0.15216945653900749     
   366.00000000000000       0.15232637127521295     
   367.00000000000000       0.15185532411080610     
   368.00000000000000       0.15098829932301233     
   369.00000000000000       0.15131311700349143     
   370.00000000000000       0.15214819775468064     
   371.00000000000000       0.15115956138237049     
   372.00000000000000       0.15170835624478379     
   373.00000000000000       0.15236866656157569     
   374.00000000000000       0.15305957499779807     
   375.00000000000000       0.15248472732524326     
   376.00000000000000       0.15343449190664571     
   377.00000000000000       0.15394648971788533     
   378.00000000000000       0.15497720063261111     
   379.00000000000000       0.15564025536466902     
   380.00000000000000       0.15696035643953832     
   381.00000000000000       0.15781749015776733     
   382.00000000000000       0.15937678420083978     
   383.00000000000000       0.16017985798999046     
   384.00000000000000       0.16052695291320945     
   385.00000000000000       0.16030629476162445     
   386.00000000000000       0.15939364321040445     
   387.00000000000000       0.15876484203689165     
   388.00000000000000       0.15798989945866743     
   389.00000000000000       0.15881837155977349     
   390.00000000000000       0.16014346608370314     
   391.00000000000000       0.16224955547919206     
   392.00000000000000       0.16377282009039587     
   393.00000000000000       0.16543002719896122     
   394.00000000000000       0.16666544054389060     
   395.00000000000000       0.16656542318093712     
   396.00000000000000       0.16566310819048657     
   397.00000000000000       0.16478545440442494     
   398.00000000000000       0.16492006593074585     
   399.00000000000000       0.16550183576301505     
   400.00000000000000       0.16570884579136760     
   401.00000000000000       0.16740460625034448     
   402.00000000000000       0.16722686213472088     
   403.00000000000000       0.16833360173293760     
   404.00000000000000       0.16967285021830011     
   405.00000000000000       0.17084836600356348     
   406.00000000000000       0.17203790172616729     
   407.00000000000000       0.17115922979225109     
   408.00000000000000       0.17109060490922692     
   409.00000000000000       0.17064752005749190     
   410.00000000000000       0.17011353176987118     
   411.00000000000000       0.17029797027097998     
   412.00000000000000       0.17026322597804724     
   413.00000000000000       0.17240631971616766     
   414.00000000000000       0.17375024331711703     
   415.00000000000000       0.17508998452636892     
   416.00000000000000       0.17515121915936074     
   417.00000000000000       0.17348874021230018     
   418.00000000000000       0.17200425848082260     
   419.00000000000000       0.17183979189817147     
   420.00000000000000       0.17141175398673175     
   421.00000000000000       0.17280419307603009     
   422.00000000000000       0.17514475662311266     
   423.00000000000000       0.17482826712642552     
   424.00000000000000       0.17602040002111180     
   425.00000000000000       0.17584472303504603     
   426.00000000000000       0.17545489887439289     
   427.00000000000000       0.17506302705457241     
   428.00000000000000       0.17439608341500640     
   429.00000000000000       0.17411246448815368     
   430.00000000000000       0.17559510502917069     
   431.00000000000000       0.17654810551046946     
   432.00000000000000       0.17603216934492510     
   433.00000000000000       0.17618288139511021     
   434.00000000000000       0.17645371822030906     
   435.00000000000000       0.17816397708137438     
   436.00000000000000       0.17923533460445631     
   437.00000000000000       0.17985279888586703     
   438.00000000000000       0.18072544243996877     
   439.00000000000000       0.18159098807851534     
   440.00000000000000       0.18119559373540534     
   441.00000000000000       0.18227313385790864     
   442.00000000000000       0.18257356285538506     
   443.00000000000000       0.18162299017396180     
   444.00000000000000       0.18213247100856556     
   445.00000000000000       0.18296280454523955     
   446.00000000000000       0.18341273570607083     
   447.00000000000000       0.18332298141914619     
   448.00000000000000       0.18515888830932783     
   449.00000000000000       0.18554057295863419     
   450.00000000000000       0.18656902026509764     
   451.00000000000000       0.18661362142371840     
   452.00000000000000       0.18858830422726203     
   453.00000000000000       0.18894440398220083     
   454.00000000000000       0.19053560168017916     
   455.00000000000000       0.18960891000966618     
   456.00000000000000       0.19101612789178038     
   457.00000000000000       0.19131725980164030     
   458.00000000000000       0.19136673370971619     
   459.00000000000000       0.19093203425458427     
   460.00000000000000       0.18985032916743269     
   461.00000000000000       0.19041137970547076     
   462.00000000000000       0.19016096796298618     
   463.00000000000000       0.19026003339428582     
   464.00000000000000       0.19115466711706183     
   465.00000000000000       0.19302529948290553     
   466.00000000000000       0.19481772306767656     
   467.00000000000000       0.19610645176008981     
   468.00000000000000       0.19885639731824428     
   469.00000000000000       0.19992942726810781     
   470.00000000000000       0.19855717451765395     
   471.00000000000000       0.19787350328125994     
   472.00000000000000       0.19661116918966831     
   473.00000000000000       0.19657992042684883     
   474.00000000000000       0.19520502697470507     
   475.00000000000000       0.19522002934764079     
   476.00000000000000       0.19619957524116746     
   477.00000000000000       0.19749094771286116     
   478.00000000000000       0.19953248633624246     
   479.00000000000000       0.20081110782311951     
   480.00000000000000       0.20213940806677810     
   481.00000000000000       0.20200535379740972     
   482.00000000000000       0.20218757879464727     
   483.00000000000000       0.20158303285203083     
   484.00000000000000       0.20163428607654377     
   485.00000000000000       0.20076392370603760     
   486.00000000000000       0.20098638591279666     
   487.00000000000000       0.20176030027258687     
   488.00000000000000       0.20037403320782046     
   489.00000000000000       0.20131250352493760     
   490.00000000000000       0.20201009696614355     
   491.00000000000000       0.20350933273317867     
   492.00000000000000       0.20432628894730598     
   493.00000000000000       0.20656119567383846     
   494.00000000000000       0.20807651313741587     
   495.00000000000000       0.20873702653154005     
   496.00000000000000       0.20851418839639138     
   497.00000000000000       0.20692334491137640     
   498.00000000000000       0.20658765132456755     
   499.00000000000000       0.20567704174267290     
   500.00000000000000       0.20706366025325185     
   501.00000000000000       0.20646421133780282     
