   1.0000000000000000        3.6107269904516728E-004
   2.0000000000000000        8.0167095003429081E-004
   3.0000000000000000        1.2525997866449365E-003
   4.0000000000000000        1.7415191225183830E-003
   5.0000000000000000        2.2313364745286113E-003
   6.0000000000000000        2.7033006285472269E-003
   7.0000000000000000        3.1980584894067206E-003
   8.0000000000000000        3.7371543215408520E-003
   9.0000000000000000        4.2543905471087180E-003
   10.000000000000000        4.7517152483168134E-003
   11.000000000000000        5.2849977612124720E-003
   12.000000000000000        5.7773815956557685E-003
   13.000000000000000        6.2738021449535329E-003
   14.000000000000000        6.7225102053805157E-003
   15.000000000000000        7.2165823973464691E-003
   16.000000000000000        7.7000065245937015E-003
   17.000000000000000        8.1166425673222364E-003
   18.000000000000000        8.6647918699609260E-003
   19.000000000000000        9.1265537061241686E-003
   20.000000000000000        9.6273692797934039E-003
   21.000000000000000        1.0086537152838453E-002
   22.000000000000000        1.0597755579557501E-002
   23.000000000000000        1.1097168439407463E-002
   24.000000000000000        1.1639082485145927E-002
   25.000000000000000        1.2197949179401070E-002
   26.000000000000000        1.2602008539307244E-002
   27.000000000000000        1.3090457274714452E-002
   28.000000000000000        1.3579002956310961E-002
   29.000000000000000        1.4041530018642726E-002
   30.000000000000000        1.4632460491573860E-002
   31.000000000000000        1.5235917903518623E-002
   32.000000000000000        1.5801948719776790E-002
   33.000000000000000        1.6336498037762791E-002
   34.000000000000000        1.6809513988071231E-002
   35.000000000000000        1.7142947025685352E-002
   36.000000000000000        1.7560467262492017E-002
   37.000000000000000        1.8028314135980831E-002
   38.000000000000000        1.8476963003346510E-002
   39.000000000000000        1.9017159309433384E-002
   40.000000000000000        1.9586911926034841E-002
   41.000000000000000        2.0338408679746598E-002
   42.000000000000000        2.0947874102154554E-002
   43.000000000000000        2.1370309413990037E-002
   44.000000000000000        2.1646020237682841E-002
   45.000000000000000        2.1859201483364055E-002
   46.000000000000000        2.2256120445067175E-002
   47.000000000000000        2.2811385877613267E-002
   48.000000000000000        2.3258017699923604E-002
   49.000000000000000        2.3846776363208012E-002
   50.000000000000000        2.4437182347037675E-002
   51.000000000000000        2.4864830195571851E-002
   52.000000000000000        2.5607619897069077E-002
   53.000000000000000        2.6169052590045042E-002
   54.000000000000000        2.6795770353913697E-002
   55.000000000000000        2.7254486706902902E-002
   56.000000000000000        2.7691425894846529E-002
   57.000000000000000        2.7910352173888511E-002
   58.000000000000000        2.8447781910603157E-002
   59.000000000000000        2.9049795388097651E-002
   60.000000000000000        2.9472755979545146E-002
   61.000000000000000        2.9970882076576721E-002
   62.000000000000000        3.0556350371699369E-002
   63.000000000000000        3.1010460706104723E-002
   64.000000000000000        3.1328346096342385E-002
   65.000000000000000        3.1647868925101463E-002
   66.000000000000000        3.2059236374923902E-002
   67.000000000000000        3.2567827520582841E-002
   68.000000000000000        3.3153785680337826E-002
   69.000000000000000        3.3944523397462366E-002
   70.000000000000000        3.4589899506273246E-002
   71.000000000000000        3.5096498347674893E-002
   72.000000000000000        3.5665294280960616E-002
   73.000000000000000        3.5676498180720176E-002
   74.000000000000000        3.6057704809834869E-002
   75.000000000000000        3.6324744131097188E-002
   76.000000000000000        3.6910105324765206E-002
   77.000000000000000        3.7390601071873746E-002
   78.000000000000000        3.8030582786337058E-002
   79.000000000000000        3.8593689032273462E-002
   80.000000000000000        3.9205146155704210E-002
   81.000000000000000        3.9754692881297078E-002
   82.000000000000000        4.0329616000702923E-002
   83.000000000000000        4.0796665401249009E-002
   84.000000000000000        4.1105781449640548E-002
   85.000000000000000        4.1666120166423279E-002
   86.000000000000000        4.1936360305711705E-002
   87.000000000000000        4.2551123297309833E-002
   88.000000000000000        4.2942613872861475E-002
   89.000000000000000        4.3509849048019689E-002
   90.000000000000000        4.4036483328207296E-002
   91.000000000000000        4.4363531770162716E-002
   92.000000000000000        4.4736023659462540E-002
   93.000000000000000        4.5313446979704179E-002
   94.000000000000000        4.5853832024714533E-002
   95.000000000000000        4.6686977900194958E-002
   96.000000000000000        4.7060322720136882E-002
   97.000000000000000        4.7817783648440110E-002
   98.000000000000000        4.8435851415786380E-002
   99.000000000000000        4.8918232098577312E-002
   100.00000000000000        4.8939330619182431E-002
   101.00000000000000        4.8880045619287889E-002
   102.00000000000000        4.9334041548523014E-002
   103.00000000000000        5.0035204997429771E-002
   104.00000000000000        5.1014774496915952E-002
   105.00000000000000        5.2315776036826446E-002
   106.00000000000000        5.3117817620511439E-002
   107.00000000000000        5.3776278014632618E-002
   108.00000000000000        5.4243195729747777E-002
   109.00000000000000        5.3942278447026010E-002
   110.00000000000000        5.4073449817613424E-002
   111.00000000000000        5.4258870775945198E-002
   112.00000000000000        5.4924470547729080E-002
   113.00000000000000        5.5288035444728080E-002
   114.00000000000000        5.6281304773221040E-002
   115.00000000000000        5.6937980749275974E-002
   116.00000000000000        5.7716091867173552E-002
   117.00000000000000        5.8262051884217847E-002
   118.00000000000000        5.8691188015737833E-002
   119.00000000000000        5.9512005516934446E-002
   120.00000000000000        6.0027826827475032E-002
   121.00000000000000        6.0316095255248607E-002
   122.00000000000000        6.1324166097636260E-002
   123.00000000000000        6.1915199921103815E-002
   124.00000000000000        6.2388730842316560E-002
   125.00000000000000        6.2675432550368296E-002
   126.00000000000000        6.2506855645545784E-002
   127.00000000000000        6.3386326867712173E-002
   128.00000000000000        6.3344175361452620E-002
   129.00000000000000        6.3295331189736473E-002
   130.00000000000000        6.3693448551853410E-002
   131.00000000000000        6.4310219630886081E-002
   132.00000000000000        6.4559575396604743E-002
   133.00000000000000        6.4827860858245448E-002
   134.00000000000000        6.5638755163732201E-002
   135.00000000000000        6.5593125015296141E-002
   136.00000000000000        6.6220241769314014E-002
   137.00000000000000        6.6654409123751909E-002
   138.00000000000000        6.7453671811225968E-002
   139.00000000000000        6.8210110373621999E-002
   140.00000000000000        6.8880462001389434E-002
   141.00000000000000        6.9083723848042358E-002
   142.00000000000000        6.9334017710139279E-002
   143.00000000000000        7.0047360857562802E-002
   144.00000000000000        7.0702339175455611E-002
   145.00000000000000        7.1615131747712765E-002
   146.00000000000000        7.1629737620413872E-002
   147.00000000000000        7.1710719239030440E-002
   148.00000000000000        7.2274668112573742E-002
   149.00000000000000        7.2952215845153282E-002
   150.00000000000000        7.3216917250390340E-002
   151.00000000000000        7.3757262927416786E-002
   152.00000000000000        7.4486369339557532E-002
   153.00000000000000        7.5206178378399685E-002
   154.00000000000000        7.6007099198312500E-002
   155.00000000000000        7.6271029405485261E-002
   156.00000000000000        7.7283576323137676E-002
   157.00000000000000        7.7974129163321554E-002
   158.00000000000000        7.8378126845315643E-002
   159.00000000000000        7.9204766291251102E-002
   160.00000000000000        7.9456247594133514E-002
   161.00000000000000        8.0900306523571650E-002
   162.00000000000000        8.1893184289405285E-002
   163.00000000000000        8.2875783160302682E-002
   164.00000000000000        8.3771594688773945E-002
   165.00000000000000        8.3430857371998027E-002
   166.00000000000000        8.3437718389761828E-002
   167.00000000000000        8.3789444537226837E-002
   168.00000000000000        8.4417759635625242E-002
   169.00000000000000        8.4355950198136548E-002
   170.00000000000000        8.4878102422390980E-002
   171.00000000000000        8.5284076484014759E-002
   172.00000000000000        8.5356564711942723E-002
   173.00000000000000        8.6211916276375783E-002
   174.00000000000000        8.6181446983071688E-002
   175.00000000000000        8.6823484863640762E-002
   176.00000000000000        8.6728323888793077E-002
   177.00000000000000        8.7339309466211532E-002
   178.00000000000000        8.7347415522940952E-002
   179.00000000000000        8.8282875119208237E-002
   180.00000000000000        8.9034099931495095E-002
   181.00000000000000        8.9539055630266859E-002
   182.00000000000000        9.0535136556467818E-002
   183.00000000000000        9.1573443619210895E-002
   184.00000000000000        9.2311081717155449E-002
   185.00000000000000        9.2704692089792345E-002
   186.00000000000000        9.2040360418851538E-002
   187.00000000000000        9.2484380611232833E-002
   188.00000000000000        9.2952733019747380E-002
   189.00000000000000        9.3204602386395524E-002
   190.00000000000000        9.3923448413822844E-002
   191.00000000000000        9.5132310478367829E-002
   192.00000000000000        9.6496126967893406E-002
   193.00000000000000        9.7849919111763939E-002
   194.00000000000000        9.8300671793874320E-002
   195.00000000000000        9.8590110532866621E-002
   196.00000000000000        9.8538838869827117E-002
   197.00000000000000        9.8064988435876743E-002
   198.00000000000000        9.7742710322486923E-002
   199.00000000000000        9.8157609274295038E-002
   200.00000000000000        9.8914501330413421E-002
   201.00000000000000       0.10077359425280420     
   202.00000000000000       0.10137577978527439     
   203.00000000000000       0.10227612765007185     
   204.00000000000000       0.10214262440180205     
   205.00000000000000       0.10195461482666859     
   206.00000000000000       0.10247958110532843     
   207.00000000000000       0.10250479147650346     
   208.00000000000000       0.10320438873968786     
   209.00000000000000       0.10398409514118467     
   210.00000000000000       0.10543140198779037     
   211.00000000000000       0.10516398140715734     
   212.00000000000000       0.10560548348513456     
   213.00000000000000       0.10571802026234417     
   214.00000000000000       0.10591303157527554     
   215.00000000000000       0.10610478873600328     
   216.00000000000000       0.10701373541311619     
   217.00000000000000       0.10788027861588462     
   218.00000000000000       0.10928329629125817     
   219.00000000000000       0.10969480468728351     
   220.00000000000000       0.10956081883067255     
   221.00000000000000       0.10927902506718387     
   222.00000000000000       0.10969009075642810     
   223.00000000000000       0.11029263697977389     
   224.00000000000000       0.11036233866657623     
   225.00000000000000       0.11091109244881175     
   226.00000000000000       0.11129651396686187     
   227.00000000000000       0.11229543133962469     
   228.00000000000000       0.11281385039438335     
   229.00000000000000       0.11232336501557000     
   230.00000000000000       0.11284440713553640     
   231.00000000000000       0.11395931626193641     
   232.00000000000000       0.11470274120532586     
   233.00000000000000       0.11583237244126314     
   234.00000000000000       0.11653708003161667     
   235.00000000000000       0.11743446681332981     
   236.00000000000000       0.11767304635377801     
   237.00000000000000       0.11636102833440766     
   238.00000000000000       0.11670305057956597     
   239.00000000000000       0.11691106385617127     
   240.00000000000000       0.11760581618943977     
   241.00000000000000       0.11903254161921875     
   242.00000000000000       0.12007889836263011     
   243.00000000000000       0.12058646046734507     
   244.00000000000000       0.12038785480851255     
   245.00000000000000       0.12129099374426687     
   246.00000000000000       0.12083102102300222     
   247.00000000000000       0.12103015136411999     
   248.00000000000000       0.12158384342204132     
   249.00000000000000       0.12227431468130462     
   250.00000000000000       0.12267675173534982     
   251.00000000000000       0.12436826885295273     
   252.00000000000000       0.12486159134418563     
   253.00000000000000       0.12483377592405345     
   254.00000000000000       0.12645084916916147     
   255.00000000000000       0.12689875795033170     
   256.00000000000000       0.12770760939078130     
   257.00000000000000       0.12607322052188363     
   258.00000000000000       0.12708073451342666     
   259.00000000000000       0.12746604250878182     
   260.00000000000000       0.12885942453090790     
   261.00000000000000       0.12890778363595887     
   262.00000000000000       0.12965285410199331     
   263.00000000000000       0.13085376107323368     
   264.00000000000000       0.13123678827121490     
   265.00000000000000       0.13190500647848194     
   266.00000000000000       0.13179520349475959     
   267.00000000000000       0.13132468217485621     
   268.00000000000000       0.13113744445935113     
   269.00000000000000       0.13092427422057962     
   270.00000000000000       0.13218352334083630     
   271.00000000000000       0.13370262269299082     
   272.00000000000000       0.13466285534406952     
   273.00000000000000       0.13561950483389909     
   274.00000000000000       0.13595069111426658     
   275.00000000000000       0.13555819970655916     
   276.00000000000000       0.13544513251593215     
   277.00000000000000       0.13563975950890661     
   278.00000000000000       0.13490954028837265     
   279.00000000000000       0.13615940596515516     
   280.00000000000000       0.13671945517668518     
   281.00000000000000       0.13753632382748684     
   282.00000000000000       0.13923518866743387     
   283.00000000000000       0.13929680967880803     
   284.00000000000000       0.14091123815529946     
   285.00000000000000       0.14120956616673003     
   286.00000000000000       0.14155615811239025     
   287.00000000000000       0.14252622801245746     
   288.00000000000000       0.14210996575177498     
   289.00000000000000       0.14177331248315608     
   290.00000000000000       0.14252809866751787     
   291.00000000000000       0.14296730250491510     
   292.00000000000000       0.14319877714291565     
   293.00000000000000       0.14510431558506487     
   294.00000000000000       0.14540374723040045     
   295.00000000000000       0.14611056778171364     
   296.00000000000000       0.14619588840752970     
   297.00000000000000       0.14571618000678627     
   298.00000000000000       0.14637145017981981     
   299.00000000000000       0.14711007082674898     
   300.00000000000000       0.14843013719218226     
   301.00000000000000       0.15021345442746986     
   302.00000000000000       0.15352144791303229     
   303.00000000000000       0.15394445939239093     
   304.00000000000000       0.15498886652917243     
   305.00000000000000       0.15513868537952591     
   306.00000000000000       0.15485927130687169     
   307.00000000000000       0.15440801156114398     
   308.00000000000000       0.15491641510003520     
   309.00000000000000       0.15541575725187035     
   310.00000000000000       0.15626680075404992     
   311.00000000000000       0.15593847434204045     
   312.00000000000000       0.15695876142425080     
   313.00000000000000       0.15749426879725145     
   314.00000000000000       0.15646355765845307     
   315.00000000000000       0.15737653525292314     
   316.00000000000000       0.15812475759921560     
   317.00000000000000       0.15924519989634248     
   318.00000000000000       0.16042936976763955     
   319.00000000000000       0.16088180657850268     
   320.00000000000000       0.16226360681334870     
   321.00000000000000       0.16242146378078048     
   322.00000000000000       0.16200673629116341     
   323.00000000000000       0.16299317740818320     
   324.00000000000000       0.16294962561662021     
   325.00000000000000       0.16432320355187141     
   326.00000000000000       0.16422238749824639     
   327.00000000000000       0.16509025576014238     
   328.00000000000000       0.16427930619717662     
   329.00000000000000       0.16480972934147731     
   330.00000000000000       0.16554202200417531     
   331.00000000000000       0.16693401869071711     
   332.00000000000000       0.16913452535023041     
   333.00000000000000       0.17073421346109688     
   334.00000000000000       0.17227269290560282     
   335.00000000000000       0.17325340666053199     
   336.00000000000000       0.17481626993964000     
   337.00000000000000       0.17558734484233943     
   338.00000000000000       0.17596179211436819     
   339.00000000000000       0.17579092216973655     
   340.00000000000000       0.17634144173249067     
   341.00000000000000       0.17465245880142577     
   342.00000000000000       0.17350918745974880     
   343.00000000000000       0.17178416086476644     
   344.00000000000000       0.17129741268936644     
   345.00000000000000       0.17180920048755555     
   346.00000000000000       0.17254181258486351     
   347.00000000000000       0.17321864514848503     
   348.00000000000000       0.17274070927739543     
   349.00000000000000       0.17270796816674167     
   350.00000000000000       0.17281395212228581     
   351.00000000000000       0.17350927357748738     
   352.00000000000000       0.17598329818671068     
   353.00000000000000       0.17727394159964840     
   354.00000000000000       0.17701226559954880     
   355.00000000000000       0.17832965643487586     
   356.00000000000000       0.17992868803245640     
   357.00000000000000       0.17965704601353980     
   358.00000000000000       0.17898961902815744     
   359.00000000000000       0.17872131712143341     
   360.00000000000000       0.17859853346167262     
   361.00000000000000       0.17992008097529108     
   362.00000000000000       0.18086838252472678     
   363.00000000000000       0.18104584036985705     
   364.00000000000000       0.18144245351951641     
   365.00000000000000       0.18390051569763327     
   366.00000000000000       0.18278242287153423     
   367.00000000000000       0.18209469042780654     
   368.00000000000000       0.18189310857996380     
   369.00000000000000       0.18168065645792819     
   370.00000000000000       0.18234819340367828     
   371.00000000000000       0.18292029623581635     
   372.00000000000000       0.18383244543000343     
   373.00000000000000       0.18419850850055935     
   374.00000000000000       0.18342701711255302     
   375.00000000000000       0.18398098049743025     
   376.00000000000000       0.18452198046733523     
   377.00000000000000       0.18445385701486164     
   378.00000000000000       0.18631803618574122     
   379.00000000000000       0.18664987438857539     
   380.00000000000000       0.18750976150202275     
   381.00000000000000       0.19011452303992094     
   382.00000000000000       0.19065360052537611     
   383.00000000000000       0.19201482443983728     
   384.00000000000000       0.19330542892096853     
   385.00000000000000       0.19321807458462889     
   386.00000000000000       0.19233964866361464     
   387.00000000000000       0.19204800495907431     
   388.00000000000000       0.19168496447808392     
   389.00000000000000       0.19165369395520107     
   390.00000000000000       0.19295418332842595     
   391.00000000000000       0.19557606844748887     
   392.00000000000000       0.19671865269294866     
   393.00000000000000       0.19773814114067173     
   394.00000000000000       0.19997490393931577     
   395.00000000000000       0.19915245720286437     
   396.00000000000000       0.19857545005375349     
   397.00000000000000       0.19890975046230566     
   398.00000000000000       0.19817976326073475     
   399.00000000000000       0.19704874171664152     
   400.00000000000000       0.19775694318461179     
   401.00000000000000       0.20022764987307609     
   402.00000000000000       0.20111431362819981     
   403.00000000000000       0.20293633726584545     
   404.00000000000000       0.20414304481916351     
   405.00000000000000       0.20549402946557704     
   406.00000000000000       0.20652176528979657     
   407.00000000000000       0.20714733611513117     
   408.00000000000000       0.20608067423725998     
   409.00000000000000       0.20545376521650247     
   410.00000000000000       0.20412575423424381     
   411.00000000000000       0.20416796079170749     
   412.00000000000000       0.20549579249116631     
   413.00000000000000       0.20560051605526872     
   414.00000000000000       0.20905157881102646     
   415.00000000000000       0.21030865443589480     
   416.00000000000000       0.20890507185230950     
   417.00000000000000       0.20879476012073633     
   418.00000000000000       0.20660467094959262     
   419.00000000000000       0.20633202971445924     
   420.00000000000000       0.20649523969098599     
   421.00000000000000       0.20755827440249239     
   422.00000000000000       0.21033882759796649     
   423.00000000000000       0.21073212564118565     
   424.00000000000000       0.21137127091317509     
   425.00000000000000       0.21107665755888050     
   426.00000000000000       0.21037224098812909     
   427.00000000000000       0.21005030378260461     
   428.00000000000000       0.21008539247568400     
   429.00000000000000       0.21061614546442980     
   430.00000000000000       0.21138188553237530     
   431.00000000000000       0.21284415116907016     
   432.00000000000000       0.21329080739923476     
   433.00000000000000       0.21373370713027312     
   434.00000000000000       0.21430938424555152     
   435.00000000000000       0.21493047143478605     
   436.00000000000000       0.21637791222793201     
   437.00000000000000       0.21750060347180331     
   438.00000000000000       0.21838910740420295     
   439.00000000000000       0.21855431063397299     
   440.00000000000000       0.21969905125850836     
   441.00000000000000       0.21927114458653821     
   442.00000000000000       0.21889652211556593     
   443.00000000000000       0.21972552188241071     
   444.00000000000000       0.22031009659435477     
   445.00000000000000       0.22154472805679637     
   446.00000000000000       0.22253828445871235     
   447.00000000000000       0.22232678880706913     
   448.00000000000000       0.22312484795332796     
   449.00000000000000       0.22289355757359255     
   450.00000000000000       0.22449527873779143     
   451.00000000000000       0.22572338534676778     
   452.00000000000000       0.22682286172249574     
   453.00000000000000       0.22853799697399016     
   454.00000000000000       0.22865159381775083     
   455.00000000000000       0.22922560285920499     
   456.00000000000000       0.23068886887037840     
   457.00000000000000       0.23280353690910724     
   458.00000000000000       0.23185145294016865     
   459.00000000000000       0.22993740676275923     
   460.00000000000000       0.22955955328296843     
   461.00000000000000       0.22851339103025481     
   462.00000000000000       0.22883292458102256     
   463.00000000000000       0.22925641996908408     
   464.00000000000000       0.23104638937563646     
   465.00000000000000       0.23219258464272738     
   466.00000000000000       0.23445318060226622     
   467.00000000000000       0.23663132515618615     
   468.00000000000000       0.23835578345147443     
   469.00000000000000       0.23890917411811682     
   470.00000000000000       0.23918637406439347     
   471.00000000000000       0.23840875188220229     
   472.00000000000000       0.23712552407713577     
   473.00000000000000       0.23683133052795635     
   474.00000000000000       0.23734573180014740     
   475.00000000000000       0.23692732021001972     
   476.00000000000000       0.23811477842845188     
   477.00000000000000       0.23967488210890250     
   478.00000000000000       0.23975547078421586     
   479.00000000000000       0.24216459096611354     
   480.00000000000000       0.24415950225511840     
   481.00000000000000       0.24493936522482707     
   482.00000000000000       0.24465062238305429     
   483.00000000000000       0.24511969433247019     
   484.00000000000000       0.24506333650739623     
   485.00000000000000       0.24385495491017833     
   486.00000000000000       0.24401603219430279     
   487.00000000000000       0.24307408116883766     
   488.00000000000000       0.24423361693784162     
   489.00000000000000       0.24387719787649537     
   490.00000000000000       0.24555393205593951     
   491.00000000000000       0.24660592114870925     
   492.00000000000000       0.24756037074460785     
   493.00000000000000       0.25087310610239721     
   494.00000000000000       0.25321267108048023     
   495.00000000000000       0.25301553257890397     
   496.00000000000000       0.25205012585473652     
   497.00000000000000       0.25115429835189207     
   498.00000000000000       0.24992887087120769     
   499.00000000000000       0.25001990084923792     
   500.00000000000000       0.25184780132165613     
   501.00000000000000       0.25106461531469398     
