   1.0000000000000000        2.4624847483860948E-004
   2.0000000000000000        6.4787494393170287E-004
   3.0000000000000000        1.0828588356215684E-003
   4.0000000000000000        1.5310808312519481E-003
   5.0000000000000000        1.9560645554417234E-003
   6.0000000000000000        2.3754524504730600E-003
   7.0000000000000000        2.8060432512384500E-003
   8.0000000000000000        3.2749497540822104E-003
   9.0000000000000000        3.7345626210349048E-003
   10.000000000000000        4.1970810734139226E-003
   11.000000000000000        4.6665043804328546E-003
   12.000000000000000        5.1193110147070443E-003
   13.000000000000000        5.5604486252301645E-003
   14.000000000000000        5.9651519931469988E-003
   15.000000000000000        6.3825735828029412E-003
   16.000000000000000        6.8022949613344152E-003
   17.000000000000000        7.2044789623195889E-003
   18.000000000000000        7.6456080242861425E-003
   19.000000000000000        8.0712550436139088E-003
   20.000000000000000        8.4976479172677345E-003
   21.000000000000000        8.9315285955765666E-003
   22.000000000000000        9.3609120482764652E-003
   23.000000000000000        9.8043316971352743E-003
   24.000000000000000        1.0286780990083158E-002
   25.000000000000000        1.0739249278059472E-002
   26.000000000000000        1.1173393696246248E-002
   27.000000000000000        1.1587900488710659E-002
   28.000000000000000        1.2037118226007113E-002
   29.000000000000000        1.2462612142624355E-002
   30.000000000000000        1.2973818206207393E-002
   31.000000000000000        1.3493328781000069E-002
   32.000000000000000        1.4020241700479451E-002
   33.000000000000000        1.4516317863930324E-002
   34.000000000000000        1.4916353006454787E-002
   35.000000000000000        1.5235746859245919E-002
   36.000000000000000        1.5590673002720309E-002
   37.000000000000000        1.5973109488045086E-002
   38.000000000000000        1.6392220163775579E-002
   39.000000000000000        1.6866852621861387E-002
   40.000000000000000        1.7384972286518183E-002
   41.000000000000000        1.8000044688151612E-002
   42.000000000000000        1.8532051919398294E-002
   43.000000000000000        1.8914463529772472E-002
   44.000000000000000        1.9189310577882295E-002
   45.000000000000000        1.9411444282487835E-002
   46.000000000000000        1.9749304176489312E-002
   47.000000000000000        2.0178029255545533E-002
   48.000000000000000        2.0594892378216045E-002
   49.000000000000000        2.1156242436715749E-002
   50.000000000000000        2.1683357374518972E-002
   51.000000000000000        2.2154733765793185E-002
   52.000000000000000        2.2681328232155715E-002
   53.000000000000000        2.3147351782722300E-002
   54.000000000000000        2.3737004619748051E-002
   55.000000000000000        2.4182409695037200E-002
   56.000000000000000        2.4550550955561544E-002
   57.000000000000000        2.4806564515361368E-002
   58.000000000000000        2.5273635914059001E-002
   59.000000000000000        2.5783163270218960E-002
   60.000000000000000        2.6244600595621885E-002
   61.000000000000000        2.6676424469953806E-002
   62.000000000000000        2.7139369274930235E-002
   63.000000000000000        2.7590123672333360E-002
   64.000000000000000        2.7842759718424148E-002
   65.000000000000000        2.8096078812271080E-002
   66.000000000000000        2.8409582575103173E-002
   67.000000000000000        2.8859867591662293E-002
   68.000000000000000        2.9434599962995266E-002
   69.000000000000000        3.0071317103813694E-002
   70.000000000000000        3.0674963452192311E-002
   71.000000000000000        3.1168874355709045E-002
   72.000000000000000        3.1514568631042135E-002
   73.000000000000000        3.1704036792390811E-002
   74.000000000000000        3.1970456371651586E-002
   75.000000000000000        3.2284972209461929E-002
   76.000000000000000        3.2655040397627941E-002
   77.000000000000000        3.3151590679885712E-002
   78.000000000000000        3.3732290395115411E-002
   79.000000000000000        3.4328705290185425E-002
   80.000000000000000        3.4821100111653666E-002
   81.000000000000000        3.5247569319807527E-002
   82.000000000000000        3.5730249390765807E-002
   83.000000000000000        3.6202975184192701E-002
   84.000000000000000        3.6549394276745605E-002
   85.000000000000000        3.6990796855978038E-002
   86.000000000000000        3.7312826240255906E-002
   87.000000000000000        3.7662507415114517E-002
   88.000000000000000        3.8019050289053245E-002
   89.000000000000000        3.8516249134996489E-002
   90.000000000000000        3.9027965576929467E-002
   91.000000000000000        3.9297232649966284E-002
   92.000000000000000        3.9534921069729015E-002
   93.000000000000000        4.0049612832372641E-002
   94.000000000000000        4.0685950262937205E-002
   95.000000000000000        4.1320297892758588E-002
   96.000000000000000        4.1920542879745656E-002
   97.000000000000000        4.2544138965806742E-002
   98.000000000000000        4.3091826530243009E-002
   99.000000000000000        4.3447669801398109E-002
   100.00000000000000        4.3374178374643586E-002
   101.00000000000000        4.3346593903043705E-002
   102.00000000000000        4.3610483850031363E-002
   103.00000000000000        4.4273988120405491E-002
   104.00000000000000        4.5186257222310594E-002
   105.00000000000000        4.6461236663502437E-002
   106.00000000000000        4.7430274074056082E-002
   107.00000000000000        4.7915177546963575E-002
   108.00000000000000        4.8109782532610959E-002
   109.00000000000000        4.7992882869341807E-002
   110.00000000000000        4.7870449873243230E-002
   111.00000000000000        4.7993247003460249E-002
   112.00000000000000        4.8476234422263544E-002
   113.00000000000000        4.9144015943951139E-002
   114.00000000000000        4.9918577455628804E-002
   115.00000000000000        5.0605916194308126E-002
   116.00000000000000        5.1191366684028607E-002
   117.00000000000000        5.1775071669055539E-002
   118.00000000000000        5.2215979287821457E-002
   119.00000000000000        5.2727118996130515E-002
   120.00000000000000        5.3207321378456775E-002
   121.00000000000000        5.3631755858704631E-002
   122.00000000000000        5.4162111648700557E-002
   123.00000000000000        5.4735393782462852E-002
   124.00000000000000        5.5200575902926215E-002
   125.00000000000000        5.5446926699242623E-002
   126.00000000000000        5.5643465907610233E-002
   127.00000000000000        5.5921328271396946E-002
   128.00000000000000        5.5990902649097743E-002
   129.00000000000000        5.5986654475401583E-002
   130.00000000000000        5.6210530995672719E-002
   131.00000000000000        5.6641962467085819E-002
   132.00000000000000        5.6994941448210032E-002
   133.00000000000000        5.7266308236712436E-002
   134.00000000000000        5.7716341387564395E-002
   135.00000000000000        5.8058249978119064E-002
   136.00000000000000        5.8364181425016759E-002
   137.00000000000000        5.8777359745919119E-002
   138.00000000000000        5.9518719855432993E-002
   139.00000000000000        6.0244601110621167E-002
   140.00000000000000        6.0823394179664807E-002
   141.00000000000000        6.1114856449000117E-002
   142.00000000000000        6.1402292087492663E-002
   143.00000000000000        6.1753403752791175E-002
   144.00000000000000        6.2235009781466198E-002
   145.00000000000000        6.2971281316653041E-002
   146.00000000000000        6.3249868766627387E-002
   147.00000000000000        6.3437967714901913E-002
   148.00000000000000        6.3743706947897855E-002
   149.00000000000000        6.4221817413570206E-002
   150.00000000000000        6.4792162279510832E-002
   151.00000000000000        6.5248519127604002E-002
   152.00000000000000        6.5709169908721471E-002
   153.00000000000000        6.6348654183156358E-002
   154.00000000000000        6.7096487835076810E-002
   155.00000000000000        6.7480269739342152E-002
   156.00000000000000        6.8268776120971583E-002
   157.00000000000000        6.8865169901096840E-002
   158.00000000000000        6.9248979746319828E-002
   159.00000000000000        6.9904261231349893E-002
   160.00000000000000        7.0442796885013745E-002
   161.00000000000000        7.1564585688353791E-002
   162.00000000000000        7.2635713283840386E-002
   163.00000000000000        7.3540603104210955E-002
   164.00000000000000        7.3920610226729216E-002
   165.00000000000000        7.3799218720461662E-002
   166.00000000000000        7.3925345827683189E-002
   167.00000000000000        7.4207485943327420E-002
   168.00000000000000        7.4786476578483363E-002
   169.00000000000000        7.4855231496119196E-002
   170.00000000000000        7.4878321679477722E-002
   171.00000000000000        7.5034925638268093E-002
   172.00000000000000        7.5251332478474278E-002
   173.00000000000000        7.5983344757315371E-002
   174.00000000000000        7.6487795250616913E-002
   175.00000000000000        7.6764851525609551E-002
   176.00000000000000        7.6729077645951785E-002
   177.00000000000000        7.7089480655443951E-002
   178.00000000000000        7.7335411203180271E-002
   179.00000000000000        7.7687085541656584E-002
   180.00000000000000        7.8269993106617614E-002
   181.00000000000000        7.9054939080190706E-002
   182.00000000000000        8.0083377709150194E-002
   183.00000000000000        8.0931640184954370E-002
   184.00000000000000        8.1316691086191231E-002
   185.00000000000000        8.1449438808587835E-002
   186.00000000000000        8.1263121520918177E-002
   187.00000000000000        8.1416819925218237E-002
   188.00000000000000        8.1762762336450329E-002
   189.00000000000000        8.2165233285473899E-002
   190.00000000000000        8.2833199282669093E-002
   191.00000000000000        8.3862137825524999E-002
   192.00000000000000        8.5280398067283367E-002
   193.00000000000000        8.6496947096824719E-002
   194.00000000000000        8.7143128957596530E-002
   195.00000000000000        8.7291767952755117E-002
   196.00000000000000        8.7037204928802486E-002
   197.00000000000000        8.6671727478369959E-002
   198.00000000000000        8.6443478927861681E-002
   199.00000000000000        8.6691513872107301E-002
   200.00000000000000        8.7350962032638660E-002
   201.00000000000000        8.8762108419060348E-002
   202.00000000000000        8.9777644501687320E-002
   203.00000000000000        9.0490761257375485E-002
   204.00000000000000        9.0386351471624118E-002
   205.00000000000000        9.0157704911816752E-002
   206.00000000000000        9.0308668472539252E-002
   207.00000000000000        9.0633117311158487E-002
   208.00000000000000        9.1357896002945596E-002
   209.00000000000000        9.2174130644675584E-002
   210.00000000000000        9.2869056477776379E-002
   211.00000000000000        9.3255902626094636E-002
   212.00000000000000        9.3317655544743514E-002
   213.00000000000000        9.3469416387669563E-002
   214.00000000000000        9.3485891109170452E-002
   215.00000000000000        9.3518381840362527E-002
   216.00000000000000        9.4354458261821747E-002
   217.00000000000000        9.5450140770068886E-002
   218.00000000000000        9.6472873184232630E-002
   219.00000000000000        9.6761799485470368E-002
   220.00000000000000        9.6834961237806411E-002
   221.00000000000000        9.6684789111162822E-002
   222.00000000000000        9.7156790669572460E-002
   223.00000000000000        9.7515766722733710E-002
   224.00000000000000        9.7604503392672709E-002
   225.00000000000000        9.8017263373264038E-002
   226.00000000000000        9.8438043183714588E-002
   227.00000000000000        9.8922306284764394E-002
   228.00000000000000        9.9245294414784177E-002
   229.00000000000000        9.9485055313045981E-002
   230.00000000000000        9.9788585089552573E-002
   231.00000000000000       0.10044552991857476     
   232.00000000000000       0.10131231889092261     
   233.00000000000000       0.10228393909402100     
   234.00000000000000       0.10309474474764713     
   235.00000000000000       0.10356803650757550     
   236.00000000000000       0.10356727833857676     
   237.00000000000000       0.10277678477157522     
   238.00000000000000       0.10283536517876005     
   239.00000000000000       0.10287707794155250     
   240.00000000000000       0.10387844103880127     
   241.00000000000000       0.10495219425909087     
   242.00000000000000       0.10572963189381587     
   243.00000000000000       0.10616060511991772     
   244.00000000000000       0.10637359968436458     
   245.00000000000000       0.10672080304137212     
   246.00000000000000       0.10676677371055077     
   247.00000000000000       0.10699514709120386     
   248.00000000000000       0.10729520773250427     
   249.00000000000000       0.10783952514184580     
   250.00000000000000       0.10857906565537326     
   251.00000000000000       0.10947918327531525     
   252.00000000000000       0.10989205713330079     
   253.00000000000000       0.11057969362974035     
   254.00000000000000       0.11147810889264954     
   255.00000000000000       0.11188472439818960     
   256.00000000000000       0.11214993678860850     
   257.00000000000000       0.11170341850183418     
   258.00000000000000       0.11203766504928786     
   259.00000000000000       0.11271826352121887     
   260.00000000000000       0.11362614353211564     
   261.00000000000000       0.11413483561359339     
   262.00000000000000       0.11483440606259093     
   263.00000000000000       0.11557516283249394     
   264.00000000000000       0.11636621112857733     
   265.00000000000000       0.11670043732053588     
   266.00000000000000       0.11652331181530286     
   267.00000000000000       0.11635016737115575     
   268.00000000000000       0.11631036324998573     
   269.00000000000000       0.11612808653064578     
   270.00000000000000       0.11655215440827861     
   271.00000000000000       0.11771627091910615     
   272.00000000000000       0.11872302932862827     
   273.00000000000000       0.11970724248460163     
   274.00000000000000       0.11974772029053186     
   275.00000000000000       0.11964056821280171     
   276.00000000000000       0.11963941880340165     
   277.00000000000000       0.11967915994287945     
   278.00000000000000       0.11957523569329973     
   279.00000000000000       0.12002594993870230     
   280.00000000000000       0.12084677419710747     
   281.00000000000000       0.12164375321231798     
   282.00000000000000       0.12256425261776732     
   283.00000000000000       0.12318454443078267     
   284.00000000000000       0.12412865022993687     
   285.00000000000000       0.12466924322460868     
   286.00000000000000       0.12518768776201081     
   287.00000000000000       0.12554409827518817     
   288.00000000000000       0.12544191914321284     
   289.00000000000000       0.12507954274946789     
   290.00000000000000       0.12539196392273888     
   291.00000000000000       0.12601065850984272     
   292.00000000000000       0.12680753668079794     
   293.00000000000000       0.12822591234517258     
   294.00000000000000       0.12882272567088496     
   295.00000000000000       0.12935947347781704     
   296.00000000000000       0.12882604631093200     
   297.00000000000000       0.12861444915110182     
   298.00000000000000       0.12894689920735822     
   299.00000000000000       0.12953855234631301     
   300.00000000000000       0.13102621342510470     
   301.00000000000000       0.13331652879234532     
   302.00000000000000       0.13556582963584621     
   303.00000000000000       0.13681297850067478     
   304.00000000000000       0.13738923318794080     
   305.00000000000000       0.13764008650718756     
   306.00000000000000       0.13742398285481452     
   307.00000000000000       0.13723884678186227     
   308.00000000000000       0.13709938513168213     
   309.00000000000000       0.13740581481897005     
   310.00000000000000       0.13793374671573214     
   311.00000000000000       0.13848291920875402     
   312.00000000000000       0.13911296007872895     
   313.00000000000000       0.13915070628213502     
   314.00000000000000       0.13872776309786589     
   315.00000000000000       0.13926182434021431     
   316.00000000000000       0.13983940822194385     
   317.00000000000000       0.14085383832753048     
   318.00000000000000       0.14176487620091130     
   319.00000000000000       0.14268674659411143     
   320.00000000000000       0.14323564795950988     
   321.00000000000000       0.14357033757758150     
   322.00000000000000       0.14376948117030783     
   323.00000000000000       0.14387261627820153     
   324.00000000000000       0.14432600217781352     
   325.00000000000000       0.14515457422246006     
   326.00000000000000       0.14515983855332942     
   327.00000000000000       0.14496787634763494     
   328.00000000000000       0.14511939072313257     
   329.00000000000000       0.14572073481220627     
   330.00000000000000       0.14613899173064535     
   331.00000000000000       0.14755062690983792     
   332.00000000000000       0.14942091095645993     
   333.00000000000000       0.15141099334011390     
   334.00000000000000       0.15295529801772861     
   335.00000000000000       0.15382911062428034     
   336.00000000000000       0.15482089639058552     
   337.00000000000000       0.15572275077302764     
   338.00000000000000       0.15647178250611016     
   339.00000000000000       0.15622481008667732     
   340.00000000000000       0.15530010095936833     
   341.00000000000000       0.15412337489681241     
   342.00000000000000       0.15294533534724161     
   343.00000000000000       0.15183091381909536     
   344.00000000000000       0.15172358245178971     
   345.00000000000000       0.15216207883893612     
   346.00000000000000       0.15259160563171098     
   347.00000000000000       0.15276567281406650     
   348.00000000000000       0.15247772638013296     
   349.00000000000000       0.15234183134490314     
   350.00000000000000       0.15265826507691965     
   351.00000000000000       0.15352355790702754     
   352.00000000000000       0.15525144833603477     
   353.00000000000000       0.15668630909179343     
   354.00000000000000       0.15687338656307756     
   355.00000000000000       0.15761887878877179     
   356.00000000000000       0.15853587143185527     
   357.00000000000000       0.15882571622606212     
   358.00000000000000       0.15879567572066383     
   359.00000000000000       0.15883162533412423     
   360.00000000000000       0.15851846169658984     
   361.00000000000000       0.15855288549343641     
   362.00000000000000       0.15926437914212455     
   363.00000000000000       0.16050982497805558     
   364.00000000000000       0.16132007174640164     
   365.00000000000000       0.16227804791866676     
   366.00000000000000       0.16196864238451980     
   367.00000000000000       0.16134024755389784     
   368.00000000000000       0.16082712762099183     
   369.00000000000000       0.16095829786596241     
   370.00000000000000       0.16147320128349268     
   371.00000000000000       0.16171466351204716     
   372.00000000000000       0.16214555202317416     
   373.00000000000000       0.16263973908055668     
   374.00000000000000       0.16246626405661713     
   375.00000000000000       0.16267098360738988     
   376.00000000000000       0.16329007451315353     
   377.00000000000000       0.16377018648812014     
   378.00000000000000       0.16505920568357452     
   379.00000000000000       0.16558711613664379     
   380.00000000000000       0.16634885237829602     
   381.00000000000000       0.16788629562329946     
   382.00000000000000       0.16881329739313211     
   383.00000000000000       0.17051307163924059     
   384.00000000000000       0.17133114077809150     
   385.00000000000000       0.17092218690052396     
   386.00000000000000       0.16996715796071923     
   387.00000000000000       0.16921864663374075     
   388.00000000000000       0.16896109809045223     
   389.00000000000000       0.16958763307189959     
   390.00000000000000       0.17079595020295937     
   391.00000000000000       0.17304529190001344     
   392.00000000000000       0.17436989727692009     
   393.00000000000000       0.17576855800279237     
   394.00000000000000       0.17704959287848060     
   395.00000000000000       0.17687566811230071     
   396.00000000000000       0.17633573433504623     
   397.00000000000000       0.17606026065144634     
   398.00000000000000       0.17571060086490520     
   399.00000000000000       0.17562023372012128     
   400.00000000000000       0.17604556322840950     
   401.00000000000000       0.17741431585464854     
   402.00000000000000       0.17847659821189277     
   403.00000000000000       0.17966887947482935     
   404.00000000000000       0.18095832339724399     
   405.00000000000000       0.18230227778617650     
   406.00000000000000       0.18341118849139298     
   407.00000000000000       0.18329532298100504     
   408.00000000000000       0.18246712358315095     
   409.00000000000000       0.18161324056219197     
   410.00000000000000       0.18127294235314551     
   411.00000000000000       0.18099811794296911     
   412.00000000000000       0.18177501645824451     
   413.00000000000000       0.18320758146419966     
   414.00000000000000       0.18557363149883674     
   415.00000000000000       0.18680006524608531     
   416.00000000000000       0.18616604170569029     
   417.00000000000000       0.18508505333152184     
   418.00000000000000       0.18329931249877282     
   419.00000000000000       0.18266879545386369     
   420.00000000000000       0.18288502532544698     
   421.00000000000000       0.18453232000101671     
   422.00000000000000       0.18612037435633544     
   423.00000000000000       0.18631174679237453     
   424.00000000000000       0.18697764353780966     
   425.00000000000000       0.18679353344817087     
   426.00000000000000       0.18641586548392927     
   427.00000000000000       0.18609387782942505     
   428.00000000000000       0.18567637632143988     
   429.00000000000000       0.18570481497531233     
   430.00000000000000       0.18699672523002422     
   431.00000000000000       0.18826231564901003     
   432.00000000000000       0.18823156150890979     
   433.00000000000000       0.18826880011625544     
   434.00000000000000       0.18900330629791420     
   435.00000000000000       0.19011642883662300     
   436.00000000000000       0.19098713733920569     
   437.00000000000000       0.19207043007776761     
   438.00000000000000       0.19285779849816881     
   439.00000000000000       0.19335235413080948     
   440.00000000000000       0.19366158544906292     
   441.00000000000000       0.19398239054291774     
   442.00000000000000       0.19388065599026050     
   443.00000000000000       0.19398422521198322     
   444.00000000000000       0.19468061536907647     
   445.00000000000000       0.19554483748570919     
   446.00000000000000       0.19586625215586181     
   447.00000000000000       0.19614496877097498     
   448.00000000000000       0.19710287618793879     
   449.00000000000000       0.19778915628012170     
   450.00000000000000       0.19877495896021610     
   451.00000000000000       0.19961344943256559     
   452.00000000000000       0.20126390067809749     
   453.00000000000000       0.20210535350495965     
   454.00000000000000       0.20282093891135097     
   455.00000000000000       0.20309515997881561     
   456.00000000000000       0.20400252070763678     
   457.00000000000000       0.20513336327145751     
   458.00000000000000       0.20495029035307530     
   459.00000000000000       0.20360364582338497     
   460.00000000000000       0.20272392521685489     
   461.00000000000000       0.20256403691378908     
   462.00000000000000       0.20269780143237498     
   463.00000000000000       0.20336411462173054     
   464.00000000000000       0.20426206668863447     
   465.00000000000000       0.20587769577662207     
   466.00000000000000       0.20755739914200591     
   467.00000000000000       0.20962258742481688     
   468.00000000000000       0.21112919932821497     
   469.00000000000000       0.21181882618569359     
   470.00000000000000       0.21169777872789922     
   471.00000000000000       0.21087407320018167     
   472.00000000000000       0.20987954981966775     
   473.00000000000000       0.20984555577060399     
   474.00000000000000       0.20916180194298861     
   475.00000000000000       0.20887434493210447     
   476.00000000000000       0.20970074081927750     
   477.00000000000000       0.21082718508930220     
   478.00000000000000       0.21229830093707996     
   479.00000000000000       0.21445662674481272     
   480.00000000000000       0.21584265830102692     
   481.00000000000000       0.21623029547419687     
   482.00000000000000       0.21597264722842258     
   483.00000000000000       0.21566755792381045     
   484.00000000000000       0.21547745360667397     
   485.00000000000000       0.21528795447836011     
   486.00000000000000       0.21501730854168499     
   487.00000000000000       0.21463674815337586     
   488.00000000000000       0.21447586621651898     
   489.00000000000000       0.21483533331591009     
   490.00000000000000       0.21547907957514204     
   491.00000000000000       0.21692057383496874     
   492.00000000000000       0.21819353048847065     
   493.00000000000000       0.22075736546813710     
   494.00000000000000       0.22260023642818075     
   495.00000000000000       0.22326781509318969     
   496.00000000000000       0.22265449556735725     
   497.00000000000000       0.22147928033316408     
   498.00000000000000       0.22033938200033376     
   499.00000000000000       0.22029545892409286     
   500.00000000000000       0.22087824215960664     
   501.00000000000000       0.22097168051048607     
