   1.0000000000000000        1.5319013751892367E-004
   2.0000000000000000        5.3049414308712988E-004
   3.0000000000000000        1.0060246124942208E-003
   4.0000000000000000        1.4598318776433872E-003
   5.0000000000000000        1.8588381221153385E-003
   6.0000000000000000        2.2406177481434711E-003
   7.0000000000000000        2.6448373427983849E-003
   8.0000000000000000        3.0870739625578673E-003
   9.0000000000000000        3.5357901978552565E-003
   10.000000000000000        3.9628467950210133E-003
   11.000000000000000        4.4131376179608996E-003
   12.000000000000000        4.8565656290845000E-003
   13.000000000000000        5.2721588831130409E-003
   14.000000000000000        5.6880845652380737E-003
   15.000000000000000        6.0373850356620117E-003
   16.000000000000000        6.4260977754462979E-003
   17.000000000000000        6.8092858313373505E-003
   18.000000000000000        7.2205924679284465E-003
   19.000000000000000        7.6912449687777497E-003
   20.000000000000000        8.0359681369125534E-003
   21.000000000000000        8.4345858528033901E-003
   22.000000000000000        8.8741318552771724E-003
   23.000000000000000        9.3331322112673396E-003
   24.000000000000000        9.7766016171438701E-003
   25.000000000000000        1.0193931923238848E-002
   26.000000000000000        1.0599297682971085E-002
   27.000000000000000        1.1017108662473993E-002
   28.000000000000000        1.1452821389612634E-002
   29.000000000000000        1.1841540285818058E-002
   30.000000000000000        1.2325539815983045E-002
   31.000000000000000        1.2739305566870356E-002
   32.000000000000000        1.3241566663622157E-002
   33.000000000000000        1.3740341158911935E-002
   34.000000000000000        1.4118911559514592E-002
   35.000000000000000        1.4469706577952176E-002
   36.000000000000000        1.4770091627728381E-002
   37.000000000000000        1.5182958938916276E-002
   38.000000000000000        1.5534593678131958E-002
   39.000000000000000        1.6007155202372690E-002
   40.000000000000000        1.6563248380708964E-002
   41.000000000000000        1.7071344460256342E-002
   42.000000000000000        1.7603913894925764E-002
   43.000000000000000        1.7950678419862962E-002
   44.000000000000000        1.8166340789183232E-002
   45.000000000000000        1.8447550760954175E-002
   46.000000000000000        1.8755475517382835E-002
   47.000000000000000        1.9099806700117818E-002
   48.000000000000000        1.9543247104963444E-002
   49.000000000000000        2.0038295756777281E-002
   50.000000000000000        2.0657272700542888E-002
   51.000000000000000        2.1070812642239003E-002
   52.000000000000000        2.1440192207913759E-002
   53.000000000000000        2.1946870914840575E-002
   54.000000000000000        2.2555920613407242E-002
   55.000000000000000        2.2941622799813505E-002
   56.000000000000000        2.3331864246330204E-002
   57.000000000000000        2.3639380150009361E-002
   58.000000000000000        2.3953391100527095E-002
   59.000000000000000        2.4504716576077008E-002
   60.000000000000000        2.4963906050913694E-002
   61.000000000000000        2.5402685080348084E-002
   62.000000000000000        2.5834934710986131E-002
   63.000000000000000        2.6266057906272500E-002
   64.000000000000000        2.6478407455165498E-002
   65.000000000000000        2.6701966736707310E-002
   66.000000000000000        2.6913731746342744E-002
   67.000000000000000        2.7358807060824140E-002
   68.000000000000000        2.7990270259719612E-002
   69.000000000000000        2.8470550820499596E-002
   70.000000000000000        2.9151906025968066E-002
   71.000000000000000        2.9591117259454975E-002
   72.000000000000000        2.9868558006653535E-002
   73.000000000000000        3.0051783234712220E-002
   74.000000000000000        3.0410040905448778E-002
   75.000000000000000        3.0638006658764268E-002
   76.000000000000000        3.0898302692198117E-002
   77.000000000000000        3.1358526615749720E-002
   78.000000000000000        3.2023988147690113E-002
   79.000000000000000        3.2634126154490586E-002
   80.000000000000000        3.2968063604220055E-002
   81.000000000000000        3.3382843343116905E-002
   82.000000000000000        3.3934537065289448E-002
   83.000000000000000        3.4380557900262641E-002
   84.000000000000000        3.4659550717217748E-002
   85.000000000000000        3.5128728472190916E-002
   86.000000000000000        3.5422934492364014E-002
   87.000000000000000        3.5684337901819428E-002
   88.000000000000000        3.6029220551561714E-002
   89.000000000000000        3.6641382997700131E-002
   90.000000000000000        3.6950440964433062E-002
   91.000000000000000        3.7298812801273548E-002
   92.000000000000000        3.7641379873082213E-002
   93.000000000000000        3.8073196822401997E-002
   94.000000000000000        3.8683749964164425E-002
   95.000000000000000        3.9157124055968537E-002
   96.000000000000000        3.9792047378913294E-002
   97.000000000000000        4.0482078750039382E-002
   98.000000000000000        4.0931045163444674E-002
   99.000000000000000        4.0989284344817939E-002
   100.00000000000000        4.1029969638478915E-002
   101.00000000000000        4.0982320287297751E-002
   102.00000000000000        4.1199266642986454E-002
   103.00000000000000        4.1943754213220337E-002
   104.00000000000000        4.2812204617141608E-002
   105.00000000000000        4.4101370744379823E-002
   106.00000000000000        4.5110910221806882E-002
   107.00000000000000        4.5489559804517840E-002
   108.00000000000000        4.5591379806169986E-002
   109.00000000000000        4.5677455009271582E-002
   110.00000000000000        4.5270078159990304E-002
   111.00000000000000        4.5397135884799891E-002
   112.00000000000000        4.5975817357904555E-002
   113.00000000000000        4.6558269291184694E-002
   114.00000000000000        4.7325872487096174E-002
   115.00000000000000        4.8112439280897819E-002
   116.00000000000000        4.8687163303883341E-002
   117.00000000000000        4.9144907279090655E-002
   118.00000000000000        4.9526088830086579E-002
   119.00000000000000        4.9918215966504607E-002
   120.00000000000000        5.0514486703249324E-002
   121.00000000000000        5.0900703181666583E-002
   122.00000000000000        5.1502036900706746E-002
   123.00000000000000        5.1864408184252447E-002
   124.00000000000000        5.2394100502704453E-002
   125.00000000000000        5.2709977289562629E-002
   126.00000000000000        5.2838972537107169E-002
   127.00000000000000        5.2944168646624164E-002
   128.00000000000000        5.3018739806044532E-002
   129.00000000000000        5.2993910680173423E-002
   130.00000000000000        5.3178599430805808E-002
   131.00000000000000        5.3598821582644160E-002
   132.00000000000000        5.3890713953660054E-002
   133.00000000000000        5.4372464600032935E-002
   134.00000000000000        5.4575908902389052E-002
   135.00000000000000        5.5101717166550150E-002
   136.00000000000000        5.5319846246283284E-002
   137.00000000000000        5.5484336953121799E-002
   138.00000000000000        5.6123480696229529E-002
   139.00000000000000        5.6989741854781499E-002
   140.00000000000000        5.7455994585896286E-002
   141.00000000000000        5.7910405968578590E-002
   142.00000000000000        5.8267551291784320E-002
   143.00000000000000        5.8480439247619920E-002
   144.00000000000000        5.8954604950891179E-002
   145.00000000000000        5.9486355230794354E-002
   146.00000000000000        6.0009314658528171E-002
   147.00000000000000        5.9866283692561265E-002
   148.00000000000000        6.0227522230887072E-002
   149.00000000000000        6.0786454073133440E-002
   150.00000000000000        6.1250212312442542E-002
   151.00000000000000        6.1615390675593365E-002
   152.00000000000000        6.2268291794923228E-002
   153.00000000000000        6.2732945472971507E-002
   154.00000000000000        6.3201302825557248E-002
   155.00000000000000        6.3796103189409911E-002
   156.00000000000000        6.4800667893456648E-002
   157.00000000000000        6.5181888732943394E-002
   158.00000000000000        6.5493771946023807E-002
   159.00000000000000        6.6035803531804230E-002
   160.00000000000000        6.6966140508484234E-002
   161.00000000000000        6.7704908213675960E-002
   162.00000000000000        6.8700050755985662E-002
   163.00000000000000        6.9815515459424882E-002
   164.00000000000000        6.9968845366522828E-002
   165.00000000000000        7.0046215512067536E-002
   166.00000000000000        6.9887562561577299E-002
   167.00000000000000        7.0123359522584638E-002
   168.00000000000000        7.0885132784587593E-002
   169.00000000000000        7.1109295700433992E-002
   170.00000000000000        7.0959191210815148E-002
   171.00000000000000        7.0944752043492584E-002
   172.00000000000000        7.1273698130095736E-002
   173.00000000000000        7.2021875804929816E-002
   174.00000000000000        7.2572568009210137E-002
   175.00000000000000        7.2653835982826903E-002
   176.00000000000000        7.2675544945435627E-002
   177.00000000000000        7.2876443683661432E-002
   178.00000000000000        7.3113780180613375E-002
   179.00000000000000        7.3206934099853752E-002
   180.00000000000000        7.3865472813111233E-002
   181.00000000000000        7.4692821327126901E-002
   182.00000000000000        7.5829300504679217E-002
   183.00000000000000        7.6578635804187292E-002
   184.00000000000000        7.6968257605466689E-002
   185.00000000000000        7.7154708774401046E-002
   186.00000000000000        7.6992098391033492E-002
   187.00000000000000        7.7004319260331036E-002
   188.00000000000000        7.6962263051585905E-002
   189.00000000000000        7.7612645859280169E-002
   190.00000000000000        7.8185841209842219E-002
   191.00000000000000        7.9096961976190039E-002
   192.00000000000000        8.0785605389523063E-002
   193.00000000000000        8.1764042966040604E-002
   194.00000000000000        8.2551370711808486E-002
   195.00000000000000        8.2888114580516467E-002
   196.00000000000000        8.2742085442724156E-002
   197.00000000000000        8.2178321092760853E-002
   198.00000000000000        8.1883762098527865E-002
   199.00000000000000        8.1800444584098408E-002
   200.00000000000000        8.2746562605161667E-002
   201.00000000000000        8.3665024434157589E-002
   202.00000000000000        8.5288348063696395E-002
   203.00000000000000        8.5971225115769392E-002
   204.00000000000000        8.5565972851971747E-002
   205.00000000000000        8.5577482937233329E-002
   206.00000000000000        8.5445126417436248E-002
   207.00000000000000        8.6039724345654864E-002
   208.00000000000000        8.6806683261287876E-002
   209.00000000000000        8.7358067515673876E-002
   210.00000000000000        8.7791995390466809E-002
   211.00000000000000        8.8301562040025303E-002
   212.00000000000000        8.8719746614476555E-002
   213.00000000000000        8.8480297015927398E-002
   214.00000000000000        8.8655567090978826E-002
   215.00000000000000        8.8684322755283873E-002
   216.00000000000000        8.9322910332385097E-002
   217.00000000000000        9.0357372229774330E-002
   218.00000000000000        9.1234710488137097E-002
   219.00000000000000        9.1633070742766998E-002
   220.00000000000000        9.1753713601657391E-002
   221.00000000000000        9.1425960648075261E-002
   222.00000000000000        9.1565110190494362E-002
   223.00000000000000        9.2253166289906166E-002
   224.00000000000000        9.2339259838135956E-002
   225.00000000000000        9.2791992482179064E-002
   226.00000000000000        9.3200030105478462E-002
   227.00000000000000        9.3445469986212296E-002
   228.00000000000000        9.3911255844103508E-002
   229.00000000000000        9.4109236924874287E-002
   230.00000000000000        9.4227904893111669E-002
   231.00000000000000        9.4853684449915279E-002
   232.00000000000000        9.5829751852717540E-002
   233.00000000000000        9.6587161068566629E-002
   234.00000000000000        9.7850657425689574E-002
   235.00000000000000        9.8163842999130682E-002
   236.00000000000000        9.7891556303832394E-002
   237.00000000000000        9.7593248246861775E-002
   238.00000000000000        9.7247109976256171E-002
   239.00000000000000        9.7120767943842098E-002
   240.00000000000000        9.8324086716346418E-002
   241.00000000000000        9.9297242836409436E-002
   242.00000000000000       0.10013031836321167     
   243.00000000000000       0.10012799307884915     
   244.00000000000000       0.10053381508222699     
   245.00000000000000       0.10081922270955096     
   246.00000000000000       0.10130782976000251     
   247.00000000000000       0.10143502324221200     
   248.00000000000000       0.10154763489023851     
   249.00000000000000       0.10211140247591495     
   250.00000000000000       0.10294536578204969     
   251.00000000000000       0.10341541399383432     
   252.00000000000000       0.10390612204448439     
   253.00000000000000       0.10461175308651136     
   254.00000000000000       0.10515650635946162     
   255.00000000000000       0.10587197723081661     
   256.00000000000000       0.10579028230893464     
   257.00000000000000       0.10571292118972619     
   258.00000000000000       0.10577412627061880     
   259.00000000000000       0.10616946688254693     
   260.00000000000000       0.10695479281645003     
   261.00000000000000       0.10818966718137724     
   262.00000000000000       0.10896438025655002     
   263.00000000000000       0.10954965030549510     
   264.00000000000000       0.11013999396275174     
   265.00000000000000       0.11076507344592414     
   266.00000000000000       0.11045455596926239     
   267.00000000000000       0.11024361153854713     
   268.00000000000000       0.11038902134911481     
   269.00000000000000       0.11013948155445262     
   270.00000000000000       0.10969961189610634     
   271.00000000000000       0.11104979705471556     
   272.00000000000000       0.11238637627864660     
   273.00000000000000       0.11314364819657052     
   274.00000000000000       0.11349926765918522     
   275.00000000000000       0.11339895868853984     
   276.00000000000000       0.11314083830666651     
   277.00000000000000       0.11318508914029259     
   278.00000000000000       0.11329245958613747     
   279.00000000000000       0.11350771682405733     
   280.00000000000000       0.11476331253084932     
   281.00000000000000       0.11547261433828648     
   282.00000000000000       0.11637834438192818     
   283.00000000000000       0.11706884430654699     
   284.00000000000000       0.11705717628175770     
   285.00000000000000       0.11822174806617419     
   286.00000000000000       0.11870255971844981     
   287.00000000000000       0.11832686859271500     
   288.00000000000000       0.11829585424363492     
   289.00000000000000       0.11881096956993228     
   290.00000000000000       0.11843757160009345     
   291.00000000000000       0.11880266350804676     
   292.00000000000000       0.12052280695719597     
   293.00000000000000       0.12112999784837528     
   294.00000000000000       0.12162377769818709     
   295.00000000000000       0.12194582338956414     
   296.00000000000000       0.12217233629747008     
   297.00000000000000       0.12178041562732800     
   298.00000000000000       0.12149389551980067     
   299.00000000000000       0.12218993578291940     
   300.00000000000000       0.12374198934772773     
   301.00000000000000       0.12620322617998164     
   302.00000000000000       0.12840013465390329     
   303.00000000000000       0.12993727048637119     
   304.00000000000000       0.13051376093363415     
   305.00000000000000       0.13031046702668475     
   306.00000000000000       0.13066631056971234     
   307.00000000000000       0.13007501189282336     
   308.00000000000000       0.12987782829493416     
   309.00000000000000       0.12984254601779718     
   310.00000000000000       0.13004656294367839     
   311.00000000000000       0.13129880175780015     
   312.00000000000000       0.13165812692439074     
   313.00000000000000       0.13174716240837750     
   314.00000000000000       0.13108498223103171     
   315.00000000000000       0.13193183583108453     
   316.00000000000000       0.13218562613803678     
   317.00000000000000       0.13315641154955493     
   318.00000000000000       0.13466122575636338     
   319.00000000000000       0.13528818774319828     
   320.00000000000000       0.13548069468403523     
   321.00000000000000       0.13584492214176461     
   322.00000000000000       0.13580251492436757     
   323.00000000000000       0.13633431372802154     
   324.00000000000000       0.13668542847463669     
   325.00000000000000       0.13737104571396508     
   326.00000000000000       0.13782168236690376     
   327.00000000000000       0.13697140011428308     
   328.00000000000000       0.13700551139948824     
   329.00000000000000       0.13799209527958103     
   330.00000000000000       0.13841682617988976     
   331.00000000000000       0.13948524446570301     
   332.00000000000000       0.14140166764968623     
   333.00000000000000       0.14305536037749939     
   334.00000000000000       0.14521594446308259     
   335.00000000000000       0.14635397813724271     
   336.00000000000000       0.14647704476920809     
   337.00000000000000       0.14787793320454737     
   338.00000000000000       0.14840395115427282     
   339.00000000000000       0.14813408901964545     
   340.00000000000000       0.14685310160139758     
   341.00000000000000       0.14570409132034215     
   342.00000000000000       0.14464655918951186     
   343.00000000000000       0.14357825713657638     
   344.00000000000000       0.14315784078303495     
   345.00000000000000       0.14434486093652008     
   346.00000000000000       0.14439825120034688     
   347.00000000000000       0.14458107167824127     
   348.00000000000000       0.14482987791870605     
   349.00000000000000       0.14416670774638501     
   350.00000000000000       0.14480783455007809     
   351.00000000000000       0.14557560787713880     
   352.00000000000000       0.14732209618304856     
   353.00000000000000       0.14854011676426784     
   354.00000000000000       0.14877854672006438     
   355.00000000000000       0.14944590608815839     
   356.00000000000000       0.14999675122820272     
   357.00000000000000       0.15059257148005700     
   358.00000000000000       0.15051765446460638     
   359.00000000000000       0.15084320969881218     
   360.00000000000000       0.15051877335345915     
   361.00000000000000       0.14983267593587243     
   362.00000000000000       0.15031550254057260     
   363.00000000000000       0.15162823156394534     
   364.00000000000000       0.15293357625088433     
   365.00000000000000       0.15302378762843824     
   366.00000000000000       0.15299166668826181     
   367.00000000000000       0.15223916560644940     
   368.00000000000000       0.15198963670182361     
   369.00000000000000       0.15235400085473544     
   370.00000000000000       0.15235476464379238     
   371.00000000000000       0.15315519457974627     
   372.00000000000000       0.15414876431923946     
   373.00000000000000       0.15429117050182850     
   374.00000000000000       0.15370524270173350     
   375.00000000000000       0.15400492430072471     
   376.00000000000000       0.15443986824050199     
   377.00000000000000       0.15504721803310911     
   378.00000000000000       0.15630681984756017     
   379.00000000000000       0.15656733763480471     
   380.00000000000000       0.15721230516254764     
   381.00000000000000       0.15827993441150726     
   382.00000000000000       0.16002518155481074     
   383.00000000000000       0.16162833232598833     
   384.00000000000000       0.16268501677945907     
   385.00000000000000       0.16210727467601091     
   386.00000000000000       0.16081983070572722     
   387.00000000000000       0.15965822084259040     
   388.00000000000000       0.16005805304682061     
   389.00000000000000       0.16096737302221920     
   390.00000000000000       0.16180619147069872     
   391.00000000000000       0.16352649087785487     
   392.00000000000000       0.16567260603010653     
   393.00000000000000       0.16654593615797075     
   394.00000000000000       0.16742049201446621     
   395.00000000000000       0.16767750318511024     
   396.00000000000000       0.16809700863598678     
   397.00000000000000       0.16709781057846751     
   398.00000000000000       0.16654595273916387     
   399.00000000000000       0.16675780166048804     
   400.00000000000000       0.16706085642587273     
   401.00000000000000       0.16770648468719931     
   402.00000000000000       0.16970584520630000     
   403.00000000000000       0.17108392985232002     
   404.00000000000000       0.17189841409298298     
   405.00000000000000       0.17301960694687696     
   406.00000000000000       0.17463982708976428     
   407.00000000000000       0.17428830118122451     
   408.00000000000000       0.17318792708706804     
   409.00000000000000       0.17192703817164365     
   410.00000000000000       0.17239910197154870     
   411.00000000000000       0.17232829551637507     
   412.00000000000000       0.17260291754669915     
   413.00000000000000       0.17415042879262116     
   414.00000000000000       0.17670377936530959     
   415.00000000000000       0.17759467004747756     
   416.00000000000000       0.17722547974108527     
   417.00000000000000       0.17534715485930291     
   418.00000000000000       0.17410867545939226     
   419.00000000000000       0.17339085302108073     
   420.00000000000000       0.17398722525576960     
   421.00000000000000       0.17548796096591213     
   422.00000000000000       0.17630427158381676     
   423.00000000000000       0.17723979334865922     
   424.00000000000000       0.17638639149226565     
   425.00000000000000       0.17652114325398824     
   426.00000000000000       0.17704654757438937     
   427.00000000000000       0.17624653237317578     
   428.00000000000000       0.17541284894037082     
   429.00000000000000       0.17581486965083290     
   430.00000000000000       0.17684205008969336     
   431.00000000000000       0.17771028325809798     
   432.00000000000000       0.17801552997293918     
   433.00000000000000       0.17778235589107336     
   434.00000000000000       0.17887177977954646     
   435.00000000000000       0.17991526922155035     
   436.00000000000000       0.18050104776155715     
   437.00000000000000       0.18143185553992291     
   438.00000000000000       0.18314933174763581     
   439.00000000000000       0.18322081442944865     
   440.00000000000000       0.18354168377824934     
   441.00000000000000       0.18300376061119461     
   442.00000000000000       0.18331725816480343     
   443.00000000000000       0.18386543206863937     
   444.00000000000000       0.18404098248584702     
   445.00000000000000       0.18527995318441717     
   446.00000000000000       0.18554776136309636     
   447.00000000000000       0.18631594413588612     
   448.00000000000000       0.18665405589905373     
   449.00000000000000       0.18784323069539322     
   450.00000000000000       0.18816086753563271     
   451.00000000000000       0.18942238698882327     
   452.00000000000000       0.19084043752100602     
   453.00000000000000       0.19216835867995108     
   454.00000000000000       0.19257548176432213     
   455.00000000000000       0.19368124513454435     
   456.00000000000000       0.19336578687680311     
   457.00000000000000       0.19469565466398636     
   458.00000000000000       0.19415574440380312     
   459.00000000000000       0.19331348662901349     
   460.00000000000000       0.19151827255062598     
   461.00000000000000       0.19117430252482520     
   462.00000000000000       0.19180696326092395     
   463.00000000000000       0.19340212522873962     
   464.00000000000000       0.19377281444936101     
   465.00000000000000       0.19499889590384190     
   466.00000000000000       0.19620329187370686     
   467.00000000000000       0.19860278354144414     
   468.00000000000000       0.20000631186503584     
   469.00000000000000       0.20019099892130571     
   470.00000000000000       0.20043827833284392     
   471.00000000000000       0.19906165170069062     
   472.00000000000000       0.19875139609568701     
   473.00000000000000       0.19907964240027987     
   474.00000000000000       0.19762398776914075     
   475.00000000000000       0.19765185615856029     
   476.00000000000000       0.19762941220012847     
   477.00000000000000       0.19767349476484375     
   478.00000000000000       0.20072945202912790     
   479.00000000000000       0.20264764900310647     
   480.00000000000000       0.20402827004254279     
   481.00000000000000       0.20370271894975869     
   482.00000000000000       0.20399377512280378     
   483.00000000000000       0.20360637365246184     
   484.00000000000000       0.20327805187243031     
   485.00000000000000       0.20415001482112988     
   486.00000000000000       0.20261034664222322     
   487.00000000000000       0.20195450995629269     
   488.00000000000000       0.20132956957106635     
   489.00000000000000       0.20221842845857621     
   490.00000000000000       0.20250241394844001     
   491.00000000000000       0.20423908917359693     
   492.00000000000000       0.20609174157413609     
   493.00000000000000       0.20775151385329896     
   494.00000000000000       0.21052152006148458     
   495.00000000000000       0.21123306007840167     
   496.00000000000000       0.20995983931707293     
   497.00000000000000       0.20935847202539973     
   498.00000000000000       0.20780101521296801     
   499.00000000000000       0.20792937983402157     
   500.00000000000000       0.20802485733454573     
   501.00000000000000       0.20807019703364707     
