   1.0000000000000000        2.3325573931963947E-004
   2.0000000000000000        6.4405225724521167E-004
   3.0000000000000000        1.0591368537276936E-003
   4.0000000000000000        1.4866266795621611E-003
   5.0000000000000000        1.9109447135266121E-003
   6.0000000000000000        2.3314874758291982E-003
   7.0000000000000000        2.7483613594367767E-003
   8.0000000000000000        3.1859151250593376E-003
   9.0000000000000000        3.6521789258095578E-003
   10.000000000000000        4.1232861910118638E-003
   11.000000000000000        4.5599780249123076E-003
   12.000000000000000        5.0202190561915829E-003
   13.000000000000000        5.4545865169877382E-003
   14.000000000000000        5.8575966814533309E-003
   15.000000000000000        6.2506015773823439E-003
   16.000000000000000        6.6541834137578172E-003
   17.000000000000000        7.0931031736039679E-003
   18.000000000000000        7.5057374526756203E-003
   19.000000000000000        7.8933810786502977E-003
   20.000000000000000        8.3552807435128447E-003
   21.000000000000000        8.7883810237734620E-003
   22.000000000000000        9.1717987082097496E-003
   23.000000000000000        9.6386204109754538E-003
   24.000000000000000        1.0076013287369330E-002
   25.000000000000000        1.0519483421339982E-002
   26.000000000000000        1.0946143370342326E-002
   27.000000000000000        1.1379316187459639E-002
   28.000000000000000        1.1794393014369372E-002
   29.000000000000000        1.2263517545465953E-002
   30.000000000000000        1.2708841963541318E-002
   31.000000000000000        1.3300105819124438E-002
   32.000000000000000        1.3814171661624587E-002
   33.000000000000000        1.4294957039751749E-002
   34.000000000000000        1.4632177533826852E-002
   35.000000000000000        1.4932499231077541E-002
   36.000000000000000        1.5309609653228985E-002
   37.000000000000000        1.5631469404780822E-002
   38.000000000000000        1.6130247801212062E-002
   39.000000000000000        1.6532606091426677E-002
   40.000000000000000        1.7025362160075382E-002
   41.000000000000000        1.7641819510949820E-002
   42.000000000000000        1.8157239519923256E-002
   43.000000000000000        1.8524223364557661E-002
   44.000000000000000        1.8828313967109288E-002
   45.000000000000000        1.9054063852538727E-002
   46.000000000000000        1.9417354900699627E-002
   47.000000000000000        1.9803112489889037E-002
   48.000000000000000        2.0318555042812204E-002
   49.000000000000000        2.0867438506577258E-002
   50.000000000000000        2.1252790733222521E-002
   51.000000000000000        2.1744333816575166E-002
   52.000000000000000        2.2308628473620674E-002
   53.000000000000000        2.2697642048143181E-002
   54.000000000000000        2.3280217931065883E-002
   55.000000000000000        2.3755151104377405E-002
   56.000000000000000        2.4111248706147330E-002
   57.000000000000000        2.4347917385825923E-002
   58.000000000000000        2.4845665912764769E-002
   59.000000000000000        2.5345094167953695E-002
   60.000000000000000        2.5832537996357104E-002
   61.000000000000000        2.6093777803439803E-002
   62.000000000000000        2.6543428451332653E-002
   63.000000000000000        2.7083474371274108E-002
   64.000000000000000        2.7361643659913525E-002
   65.000000000000000        2.7647003053404572E-002
   66.000000000000000        2.7897740397317246E-002
   67.000000000000000        2.8425913239408220E-002
   68.000000000000000        2.9014317984714540E-002
   69.000000000000000        2.9600337359866707E-002
   70.000000000000000        3.0023889733909178E-002
   71.000000000000000        3.0742182717200459E-002
   72.000000000000000        3.0920242510847441E-002
   73.000000000000000        3.1105978311964887E-002
   74.000000000000000        3.1399983667033525E-002
   75.000000000000000        3.1804277644612654E-002
   76.000000000000000        3.2106827931519893E-002
   77.000000000000000        3.2596535809804345E-002
   78.000000000000000        3.3165375721576865E-002
   79.000000000000000        3.3781109334038252E-002
   80.000000000000000        3.4378339292688090E-002
   81.000000000000000        3.4755990116630081E-002
   82.000000000000000        3.5113334007412615E-002
   83.000000000000000        3.5555540150720329E-002
   84.000000000000000        3.5896355774502488E-002
   85.000000000000000        3.6343084083057475E-002
   86.000000000000000        3.6816690646718886E-002
   87.000000000000000        3.7040640964875429E-002
   88.000000000000000        3.7281512339867567E-002
   89.000000000000000        3.7814857408334422E-002
   90.000000000000000        3.8409357428583486E-002
   91.000000000000000        3.8601604088987621E-002
   92.000000000000000        3.8579914087649055E-002
   93.000000000000000        3.9287165590774407E-002
   94.000000000000000        3.9854024347273649E-002
   95.000000000000000        4.0609337592650570E-002
   96.000000000000000        4.1257215069742031E-002
   97.000000000000000        4.1852970254645919E-002
   98.000000000000000        4.2433040734172450E-002
   99.000000000000000        4.2854946869109421E-002
   100.00000000000000        4.2720463760993657E-002
   101.00000000000000        4.2662221961327254E-002
   102.00000000000000        4.2972147190335125E-002
   103.00000000000000        4.3544625061149742E-002
   104.00000000000000        4.4319837669274206E-002
   105.00000000000000        4.5558076915174557E-002
   106.00000000000000        4.6658885119572252E-002
   107.00000000000000        4.7063117871208933E-002
   108.00000000000000        4.7231485873317824E-002
   109.00000000000000        4.7102533321502549E-002
   110.00000000000000        4.7157685573509016E-002
   111.00000000000000        4.7347450200615038E-002
   112.00000000000000        4.7473866964624863E-002
   113.00000000000000        4.8332042271266529E-002
   114.00000000000000        4.9100533921733684E-002
   115.00000000000000        4.9565621933852104E-002
   116.00000000000000        5.0147537636467475E-002
   117.00000000000000        5.0753143687499773E-002
   118.00000000000000        5.1362522759818549E-002
   119.00000000000000        5.1852533799950598E-002
   120.00000000000000        5.2119548159641330E-002
   121.00000000000000        5.2786219900570454E-002
   122.00000000000000        5.2991567184047655E-002
   123.00000000000000        5.3666446851708786E-002
   124.00000000000000        5.4030415162006774E-002
   125.00000000000000        5.4385535519420172E-002
   126.00000000000000        5.4828972265070927E-002
   127.00000000000000        5.4762218840462305E-002
   128.00000000000000        5.4976421899198172E-002
   129.00000000000000        5.5074971838980809E-002
   130.00000000000000        5.5270263943669219E-002
   131.00000000000000        5.5252906942479273E-002
   132.00000000000000        5.5932145883222491E-002
   133.00000000000000        5.6156021698437537E-002
   134.00000000000000        5.6562833873401351E-002
   135.00000000000000        5.7173733050998266E-002
   136.00000000000000        5.7186061432718836E-002
   137.00000000000000        5.7969030327896853E-002
   138.00000000000000        5.8411675152546749E-002
   139.00000000000000        5.9064357243126038E-002
   140.00000000000000        5.9790647526018322E-002
   141.00000000000000        6.0000341524407780E-002
   142.00000000000000        6.0364091702925088E-002
   143.00000000000000        6.0620681461979180E-002
   144.00000000000000        6.0996489212941082E-002
   145.00000000000000        6.1814632661573256E-002
   146.00000000000000        6.2240497408626860E-002
   147.00000000000000        6.2525111893066587E-002
   148.00000000000000        6.2792021754329241E-002
   149.00000000000000        6.3006040105162392E-002
   150.00000000000000        6.3764681992909023E-002
   151.00000000000000        6.4358044279828372E-002
   152.00000000000000        6.4599847862683371E-002
   153.00000000000000        6.5196229407259429E-002
   154.00000000000000        6.6221253363969848E-002
   155.00000000000000        6.6445492229092518E-002
   156.00000000000000        6.7128786875891494E-002
   157.00000000000000        6.7673356150845854E-002
   158.00000000000000        6.8087890411217933E-002
   159.00000000000000        6.8677838422219070E-002
   160.00000000000000        6.9059915063094973E-002
   161.00000000000000        7.0297939752685779E-002
   162.00000000000000        7.1551527795409464E-002
   163.00000000000000        7.2199269694288498E-002
   164.00000000000000        7.2487690586799949E-002
   165.00000000000000        7.2082025528522997E-002
   166.00000000000000        7.2709635205864862E-002
   167.00000000000000        7.3106209399455696E-002
   168.00000000000000        7.3330348811420878E-002
   169.00000000000000        7.3612328814988373E-002
   170.00000000000000        7.3384415879037990E-002
   171.00000000000000        7.3668825363616325E-002
   172.00000000000000        7.3851252948637397E-002
   173.00000000000000        7.4743442833520829E-002
   174.00000000000000        7.5220106627452224E-002
   175.00000000000000        7.5530422350176374E-002
   176.00000000000000        7.5413202648856800E-002
   177.00000000000000        7.5631848511732311E-002
   178.00000000000000        7.6056792818768468E-002
   179.00000000000000        7.6546720659017548E-002
   180.00000000000000        7.6772541961294738E-002
   181.00000000000000        7.7867296062381117E-002
   182.00000000000000        7.8915734136668109E-002
   183.00000000000000        7.9453137201232454E-002
   184.00000000000000        7.9590760310931624E-002
   185.00000000000000        7.9582645879238245E-002
   186.00000000000000        7.9670024420597882E-002
   187.00000000000000        7.9758102664911415E-002
   188.00000000000000        8.0556984699288570E-002
   189.00000000000000        8.0595493895375542E-002
   190.00000000000000        8.1398763032666133E-002
   191.00000000000000        8.2506077886438337E-002
   192.00000000000000        8.3941724145835617E-002
   193.00000000000000        8.5061770827381325E-002
   194.00000000000000        8.5518725336330634E-002
   195.00000000000000        8.5388641368755291E-002
   196.00000000000000        8.5335239419638831E-002
   197.00000000000000        8.5081465384646740E-002
   198.00000000000000        8.5014461520894466E-002
   199.00000000000000        8.5209671511763799E-002
   200.00000000000000        8.5744097750746623E-002
   201.00000000000000        8.7360611540805197E-002
   202.00000000000000        8.8256469094678297E-002
   203.00000000000000        8.9088835371534184E-002
   204.00000000000000        8.9180608940872041E-002
   205.00000000000000        8.8546640065898644E-002
   206.00000000000000        8.8499695407067577E-002
   207.00000000000000        8.9014412423750799E-002
   208.00000000000000        8.9865469231100392E-002
   209.00000000000000        9.0913074860729332E-002
   210.00000000000000        9.1307780557771237E-002
   211.00000000000000        9.1999319221316114E-002
   212.00000000000000        9.1379636501107878E-002
   213.00000000000000        9.2329632079523299E-002
   214.00000000000000        9.1648693650521446E-002
   215.00000000000000        9.1961812452223957E-002
   216.00000000000000        9.2681968070781301E-002
   217.00000000000000        9.3882762481060450E-002
   218.00000000000000        9.4738104099352044E-002
   219.00000000000000        9.4972678710331812E-002
   220.00000000000000        9.5071934915844619E-002
   221.00000000000000        9.5254104447761390E-002
   222.00000000000000        9.5780943997695919E-002
   223.00000000000000        9.5794687251404165E-002
   224.00000000000000        9.6188541885750947E-002
   225.00000000000000        9.6322294737886324E-002
   226.00000000000000        9.6794632395364302E-002
   227.00000000000000        9.7147483578817750E-002
   228.00000000000000        9.7252523498288612E-002
   229.00000000000000        9.7873576165136700E-002
   230.00000000000000        9.8195480994726206E-002
   231.00000000000000        9.8898074342139500E-002
   232.00000000000000       0.10004004141351693     
   233.00000000000000       0.10061657805718814     
   234.00000000000000       0.10124828991204664     
   235.00000000000000       0.10151137633779753     
   236.00000000000000       0.10178397228223279     
   237.00000000000000       0.10052898320229892     
   238.00000000000000       0.10107563752513939     
   239.00000000000000       0.10116989980290307     
   240.00000000000000       0.10212503113620548     
   241.00000000000000       0.10320221930252975     
   242.00000000000000       0.10377571726310898     
   243.00000000000000       0.10442435707999403     
   244.00000000000000       0.10484905050859794     
   245.00000000000000       0.10475576709866426     
   246.00000000000000       0.10491627268529480     
   247.00000000000000       0.10542274185334435     
   248.00000000000000       0.10545190648327722     
   249.00000000000000       0.10578174988886793     
   250.00000000000000       0.10683775238909538     
   251.00000000000000       0.10747669519021402     
   252.00000000000000       0.10807817824499638     
   253.00000000000000       0.10893320588193747     
   254.00000000000000       0.10982385879330799     
   255.00000000000000       0.10992857983590532     
   256.00000000000000       0.10960109634690993     
   257.00000000000000       0.10973206567294214     
   258.00000000000000       0.11043450120309929     
   259.00000000000000       0.11138722698350055     
   260.00000000000000       0.11168888834525448     
   261.00000000000000       0.11246432651838245     
   262.00000000000000       0.11292354095772225     
   263.00000000000000       0.11348079895407474     
   264.00000000000000       0.11398111153051564     
   265.00000000000000       0.11453916594850322     
   266.00000000000000       0.11412421460921585     
   267.00000000000000       0.11451728677278968     
   268.00000000000000       0.11462901272916974     
   269.00000000000000       0.11464662958690523     
   270.00000000000000       0.11468385247425655     
   271.00000000000000       0.11547667012211150     
   272.00000000000000       0.11654438846936759     
   273.00000000000000       0.11778951451771984     
   274.00000000000000       0.11739571153582459     
   275.00000000000000       0.11745472989655149     
   276.00000000000000       0.11770184425863681     
   277.00000000000000       0.11765312532282515     
   278.00000000000000       0.11778224394168350     
   279.00000000000000       0.11785970938880960     
   280.00000000000000       0.11826799011360764     
   281.00000000000000       0.11928530295109384     
   282.00000000000000       0.12015177617449722     
   283.00000000000000       0.12081542544853885     
   284.00000000000000       0.12211022481846871     
   285.00000000000000       0.12264859641745063     
   286.00000000000000       0.12290626480114675     
   287.00000000000000       0.12303924778373215     
   288.00000000000000       0.12322343342875251     
   289.00000000000000       0.12254593092232172     
   290.00000000000000       0.12345332477926910     
   291.00000000000000       0.12416927286609880     
   292.00000000000000       0.12498344246659494     
   293.00000000000000       0.12626222182644720     
   294.00000000000000       0.12704399774523770     
   295.00000000000000       0.12722553306341836     
   296.00000000000000       0.12649623847010999     
   297.00000000000000       0.12657370354079800     
   298.00000000000000       0.12698142033476156     
   299.00000000000000       0.12764938290524544     
   300.00000000000000       0.12890025810965133     
   301.00000000000000       0.13113515028345551     
   302.00000000000000       0.13315945470003709     
   303.00000000000000       0.13487320378613582     
   304.00000000000000       0.13515479684678566     
   305.00000000000000       0.13523228500388132     
   306.00000000000000       0.13486136462433551     
   307.00000000000000       0.13491781073594281     
   308.00000000000000       0.13459269040955071     
   309.00000000000000       0.13476378659567781     
   310.00000000000000       0.13564451952717921     
   311.00000000000000       0.13628108484727275     
   312.00000000000000       0.13715085547973185     
   313.00000000000000       0.13680142902107495     
   314.00000000000000       0.13676612801623078     
   315.00000000000000       0.13723197082438979     
   316.00000000000000       0.13749618084852569     
   317.00000000000000       0.13849836039319222     
   318.00000000000000       0.13897418165836292     
   319.00000000000000       0.14039600128336696     
   320.00000000000000       0.14048383070893641     
   321.00000000000000       0.14105048061397660     
   322.00000000000000       0.14214377432295100     
   323.00000000000000       0.14114670719359404     
   324.00000000000000       0.14162707978563938     
   325.00000000000000       0.14286647115515369     
   326.00000000000000       0.14219774458427628     
   327.00000000000000       0.14150565923299763     
   328.00000000000000       0.14310839677771658     
   329.00000000000000       0.14309936159089687     
   330.00000000000000       0.14366695825007386     
   331.00000000000000       0.14513004484090136     
   332.00000000000000       0.14658787244806740     
   333.00000000000000       0.14968915231649818     
   334.00000000000000       0.15008024051230717     
   335.00000000000000       0.15127144261879844     
   336.00000000000000       0.15228723162716079     
   337.00000000000000       0.15269129568796944     
   338.00000000000000       0.15420527537670653     
   339.00000000000000       0.15350929248272802     
   340.00000000000000       0.15235015653724174     
   341.00000000000000       0.15180586389423303     
   342.00000000000000       0.15000799116066851     
   343.00000000000000       0.14940882105787501     
   344.00000000000000       0.14898433403724307     
   345.00000000000000       0.14983125346178308     
   346.00000000000000       0.15076679411892402     
   347.00000000000000       0.14997631251360816     
   348.00000000000000       0.14966190412444275     
   349.00000000000000       0.14995510870520065     
   350.00000000000000       0.14932648394750128     
   351.00000000000000       0.15051074044969048     
   352.00000000000000       0.15188584117278156     
   353.00000000000000       0.15411720821780467     
   354.00000000000000       0.15423247856640951     
   355.00000000000000       0.15477844851276154     
   356.00000000000000       0.15553528482535339     
   357.00000000000000       0.15595858940948298     
   358.00000000000000       0.15643047887991701     
   359.00000000000000       0.15637920411290079     
   360.00000000000000       0.15617453153362276     
   361.00000000000000       0.15496400875875235     
   362.00000000000000       0.15625783926972497     
   363.00000000000000       0.15799682820242839     
   364.00000000000000       0.15909206551529476     
   365.00000000000000       0.16001843180933606     
   366.00000000000000       0.15977410870319547     
   367.00000000000000       0.15917181007016268     
   368.00000000000000       0.15843746587916530     
   369.00000000000000       0.15848541714777661     
   370.00000000000000       0.15904164933168624     
   371.00000000000000       0.15962360185016028     
   372.00000000000000       0.15889264209866683     
   373.00000000000000       0.15970061075816480     
   374.00000000000000       0.15967322141426196     
   375.00000000000000       0.16021330230598996     
   376.00000000000000       0.16076395743822366     
   377.00000000000000       0.16163318118681097     
   378.00000000000000       0.16263476606813337     
   379.00000000000000       0.16349099715846019     
   380.00000000000000       0.16371298640882534     
   381.00000000000000       0.16533323488369109     
   382.00000000000000       0.16519762329110946     
   383.00000000000000       0.16822927180057612     
   384.00000000000000       0.16880716449833294     
   385.00000000000000       0.16805710357928752     
   386.00000000000000       0.16731550926275002     
   387.00000000000000       0.16640351869592948     
   388.00000000000000       0.16611147537822041     
   389.00000000000000       0.16691109375019533     
   390.00000000000000       0.16827995992853589     
   391.00000000000000       0.17082905279491578     
   392.00000000000000       0.17131551029365308     
   393.00000000000000       0.17336012751296756     
   394.00000000000000       0.17413753501572826     
   395.00000000000000       0.17410728887955690     
   396.00000000000000       0.17300737045979617     
   397.00000000000000       0.17344802715985688     
   398.00000000000000       0.17319662152864251     
   399.00000000000000       0.17317255574002857     
   400.00000000000000       0.17365560751149434     
   401.00000000000000       0.17431852260772390     
   402.00000000000000       0.17585937187807898     
   403.00000000000000       0.17632164904765768     
   404.00000000000000       0.17811898445814256     
   405.00000000000000       0.17984710872790804     
   406.00000000000000       0.18044525985953802     
   407.00000000000000       0.18058642483509280     
   408.00000000000000       0.17950928809842373     
   409.00000000000000       0.17842463880264064     
   410.00000000000000       0.17845338143662043     
   411.00000000000000       0.17719824519226213     
   412.00000000000000       0.17873812981668707     
   413.00000000000000       0.18067306129224811     
   414.00000000000000       0.18278892450108084     
   415.00000000000000       0.18420695197414802     
   416.00000000000000       0.18338239606922729     
   417.00000000000000       0.18270955813283049     
   418.00000000000000       0.18047964510478634     
   419.00000000000000       0.17911250718114480     
   420.00000000000000       0.17964588236790163     
   421.00000000000000       0.18227885155915702     
   422.00000000000000       0.18269364161988499     
   423.00000000000000       0.18244680105252895     
   424.00000000000000       0.18413251172384976     
   425.00000000000000       0.18373160994398952     
   426.00000000000000       0.18278977449857534     
   427.00000000000000       0.18301564810686052     
   428.00000000000000       0.18281118045414840     
   429.00000000000000       0.18227578029747224     
   430.00000000000000       0.18416786026861603     
   431.00000000000000       0.18594672265773576     
   432.00000000000000       0.18558773931778194     
   433.00000000000000       0.18537625604761690     
   434.00000000000000       0.18637834294565822     
   435.00000000000000       0.18745599760734738     
   436.00000000000000       0.18783425476187718     
   437.00000000000000       0.18949646241240148     
   438.00000000000000       0.18916731239984094     
   439.00000000000000       0.19004330338006931     
   440.00000000000000       0.19021001302320928     
   441.00000000000000       0.19138152311488607     
   442.00000000000000       0.19073528082428212     
   443.00000000000000       0.19072295672162715     
   444.00000000000000       0.19223891138641616     
   445.00000000000000       0.19239186415526535     
   446.00000000000000       0.19196622709422168     
   447.00000000000000       0.19261416072060011     
   448.00000000000000       0.19347371258838947     
   449.00000000000000       0.19487926389154872     
   450.00000000000000       0.19587466930079672     
   451.00000000000000       0.19669440396938440     
   452.00000000000000       0.19880399923987022     
   453.00000000000000       0.19877065438211960     
   454.00000000000000       0.19952107838165850     
   455.00000000000000       0.19986488191038143     
   456.00000000000000       0.20093929919024922     
   457.00000000000000       0.20171700170944987     
   458.00000000000000       0.20242723035683055     
   459.00000000000000       0.20023165564579667     
   460.00000000000000       0.19996754586478588     
   461.00000000000000       0.20015707439300384     
   462.00000000000000       0.19999034992310027     
   463.00000000000000       0.20053787989327346     
   464.00000000000000       0.20107439581085021     
   465.00000000000000       0.20329400307550421     
   466.00000000000000       0.20475540102305628     
   467.00000000000000       0.20714978924119035     
   468.00000000000000       0.20729830467835933     
   469.00000000000000       0.20824570443577514     
   470.00000000000000       0.20860928799631206     
   471.00000000000000       0.20815238593657845     
   472.00000000000000       0.20703010991608795     
   473.00000000000000       0.20689132972659260     
   474.00000000000000       0.20647246122724358     
   475.00000000000000       0.20569817401190224     
   476.00000000000000       0.20685919740710335     
   477.00000000000000       0.20846941577090131     
   478.00000000000000       0.20917579459907581     
   479.00000000000000       0.21220315918799773     
   480.00000000000000       0.21304345284137191     
   481.00000000000000       0.21427374392646958     
   482.00000000000000       0.21305861261471726     
   483.00000000000000       0.21236113085933755     
   484.00000000000000       0.21193413997198884     
   485.00000000000000       0.21238292447737256     
   486.00000000000000       0.21245646941903448     
   487.00000000000000       0.21175810121734295     
   488.00000000000000       0.21196624515076806     
   489.00000000000000       0.21193320340519656     
   490.00000000000000       0.21184987533105926     
   491.00000000000000       0.21332795228638923     
   492.00000000000000       0.21479572068992223     
   493.00000000000000       0.21784364624595104     
   494.00000000000000       0.21859024143647726     
   495.00000000000000       0.22008564118738336     
   496.00000000000000       0.22009382870493183     
   497.00000000000000       0.21848100604706649     
   498.00000000000000       0.21703999059576806     
   499.00000000000000       0.21755551327362838     
   500.00000000000000       0.21657664973196725     
   501.00000000000000       0.21828769835895614     
