   1.0000000000000000        3.1363604211599472E-004
   2.0000000000000000        1.1781334933855013E-003
   3.0000000000000000        2.5584954344872643E-003
   4.0000000000000000        4.4266062003522275E-003
   5.0000000000000000        6.8584067972542809E-003
   6.0000000000000000        9.7822244994876031E-003
   7.0000000000000000        1.3173797955436554E-002
   8.0000000000000000        1.7117743938772894E-002
   9.0000000000000000        2.1582768128927819E-002
   10.000000000000000        2.6482289193501703E-002
   11.000000000000000        3.1842536865068501E-002
   12.000000000000000        3.7865883637660143E-002
   13.000000000000000        4.4459954376353021E-002
   14.000000000000000        5.1515094128992953E-002
   15.000000000000000        5.9021319374284550E-002
   16.000000000000000        6.6975158098934715E-002
   17.000000000000000        7.5738028706746022E-002
   18.000000000000000        8.5076183687283619E-002
   19.000000000000000        9.4890761926498923E-002
   20.000000000000000       0.10532206221124886     
   21.000000000000000       0.11667369903005791     
   22.000000000000000       0.12826727763504925     
   23.000000000000000       0.14016717056918740     
   24.000000000000000       0.15243634316464821     
   25.000000000000000       0.16549591146278431     
   26.000000000000000       0.17910204528404416     
   27.000000000000000       0.19297595050722088     
   28.000000000000000       0.20726271444011476     
   29.000000000000000       0.22239811547227453     
   30.000000000000000       0.23785721848754843     
   31.000000000000000       0.25437196402310036     
   32.000000000000000       0.27139380049804235     
   33.000000000000000       0.28884054711293161     
   34.000000000000000       0.30740024488013490     
   35.000000000000000       0.32660355325819118     
   36.000000000000000       0.34593482543029630     
   37.000000000000000       0.36552498567781955     
   38.000000000000000       0.38517946099654288     
   39.000000000000000       0.40480877396506654     
   40.000000000000000       0.42522426365230548     
   41.000000000000000       0.44756744119216396     
   42.000000000000000       0.46959876619356428     
   43.000000000000000       0.49200753249392293     
   44.000000000000000       0.51499334781796346     
   45.000000000000000       0.53829393196833220     
   46.000000000000000       0.56268340019649832     
   47.000000000000000       0.58783232527618234     
   48.000000000000000       0.61225871802107135     
   49.000000000000000       0.63685329023145210     
   50.000000000000000       0.66386925105728600     
   51.000000000000000       0.69240952842259895     
   52.000000000000000       0.72025124738384372     
   53.000000000000000       0.74826932420111880     
   54.000000000000000       0.77688994662154198     
   55.000000000000000       0.80536121330122756     
   56.000000000000000       0.83407651211157996     
   57.000000000000000       0.86250321488923187     
   58.000000000000000       0.89099439615371812     
   59.000000000000000       0.92084048634746218     
   60.000000000000000       0.95207645276027386     
   61.000000000000000       0.98402276963518354     
   62.000000000000000        1.0152462909390834     
   63.000000000000000        1.0460768243078176     
   64.000000000000000        1.0780669149532318     
   65.000000000000000        1.1108865287011251     
   66.000000000000000        1.1440233791061392     
   67.000000000000000        1.1794375341154830     
   68.000000000000000        1.2157935384402341     
   69.000000000000000        1.2523359780932077     
   70.000000000000000        1.2888573073734999     
   71.000000000000000        1.3243044007306832     
   72.000000000000000        1.3602295254902184     
   73.000000000000000        1.3951669036553400     
   74.000000000000000        1.4311421132634590     
   75.000000000000000        1.4664390479027498     
   76.000000000000000        1.5044117481440593     
   77.000000000000000        1.5452595001384430     
   78.000000000000000        1.5873207348772049     
   79.000000000000000        1.6282069142600577     
   80.000000000000000        1.6691698552127245     
   81.000000000000000        1.7099965760927405     
   82.000000000000000        1.7522910066004116     
   83.000000000000000        1.7955343056715465     
   84.000000000000000        1.8389707762575127     
   85.000000000000000        1.8825357690871038     
   86.000000000000000        1.9257529368878354     
   87.000000000000000        1.9684838921220280     
   88.000000000000000        2.0147317161781331     
   89.000000000000000        2.0606359369089362     
   90.000000000000000        2.1061078604127212     
   91.000000000000000        2.1512643937963016     
   92.000000000000000        2.1965593267235577     
   93.000000000000000        2.2407361273884487     
   94.000000000000000        2.2869635329094056     
   95.000000000000000        2.3352299339851230     
   96.000000000000000        2.3851481824854401     
   97.000000000000000        2.4330296904918591     
   98.000000000000000        2.4815957383407619     
   99.000000000000000        2.5334648567879992     
   100.00000000000000        2.5864566240353124     
   101.00000000000000        2.6386439865064784     
   102.00000000000000        2.6897412221276995     
   103.00000000000000        2.7418292669225970     
   104.00000000000000        2.7968533757039347     
   105.00000000000000        2.8516046126078942     
   106.00000000000000        2.9089795909782858     
   107.00000000000000        2.9687298028319580     
   108.00000000000000        3.0266744532854473     
   109.00000000000000        3.0842175537537297     
   110.00000000000000        3.1420550519707966     
   111.00000000000000        3.2029041230168698     
   112.00000000000000        3.2653777336520333     
   113.00000000000000        3.3289950960613970     
   114.00000000000000        3.3898088478191655     
   115.00000000000000        3.4512487310557658     
   116.00000000000000        3.5142206396627298     
   117.00000000000000        3.5772247994024253     
   118.00000000000000        3.6386868509332664     
   119.00000000000000        3.7039704645022415     
   120.00000000000000        3.7670043967755058     
   121.00000000000000        3.8304943670824954     
   122.00000000000000        3.8938518651917580     
   123.00000000000000        3.9563064365055474     
   124.00000000000000        4.0190911300367702     
   125.00000000000000        4.0785907569355864     
   126.00000000000000        4.1408148541669956     
   127.00000000000000        4.2016692189560638     
   128.00000000000000        4.2653254023164058     
   129.00000000000000        4.3288476724364466     
   130.00000000000000        4.3981460820369405     
   131.00000000000000        4.4665416056516776     
   132.00000000000000        4.5360832326124916     
   133.00000000000000        4.6033936215912110     
   134.00000000000000        4.6701160569382703     
   135.00000000000000        4.7333806682412565     
   136.00000000000000        4.7978738519832955     
   137.00000000000000        4.8651060373124579     
   138.00000000000000        4.9321734487180926     
   139.00000000000000        5.0023838268835243     
   140.00000000000000        5.0759296906842923     
   141.00000000000000        5.1508782367287695     
   142.00000000000000        5.2257637505371433     
   143.00000000000000        5.3010047453008209     
   144.00000000000000        5.3818191965138249     
   145.00000000000000        5.4628665900637827     
   146.00000000000000        5.5402285768221846     
   147.00000000000000        5.6180696809533064     
   148.00000000000000        5.6968548568133661     
   149.00000000000000        5.7765512938788106     
   150.00000000000000        5.8603912986260793     
   151.00000000000000        5.9453014351002214     
   152.00000000000000        6.0296656592198135     
   153.00000000000000        6.1149918535634855     
   154.00000000000000        6.1988905813862401     
   155.00000000000000        6.2841756274680938     
   156.00000000000000        6.3726306919409152     
   157.00000000000000        6.4564957146721742     
   158.00000000000000        6.5375545289036614     
   159.00000000000000        6.6217333895042509     
   160.00000000000000        6.7069583145352150     
   161.00000000000000        6.8006064683027665     
   162.00000000000000        6.8944822550898710     
   163.00000000000000        6.9905874156992756     
   164.00000000000000        7.0835910393175974     
   165.00000000000000        7.1666373089700484     
   166.00000000000000        7.2565616907853219     
   167.00000000000000        7.3490731903313513     
   168.00000000000000        7.4404223772320996     
   169.00000000000000        7.5267394196003563     
   170.00000000000000        7.6182308863394459     
   171.00000000000000        7.7175262539528298     
   172.00000000000000        7.8166576806421162     
   173.00000000000000        7.9145473943754032     
   174.00000000000000        8.0142152028593685     
   175.00000000000000        8.1149554230746244     
   176.00000000000000        8.2144818212597581     
   177.00000000000000        8.3177259811426190     
   178.00000000000000        8.4161431423847102     
   179.00000000000000        8.5110018298665437     
   180.00000000000000        8.5977184619578537     
   181.00000000000000        8.6838688108531361     
   182.00000000000000        8.7811937730824390     
   183.00000000000000        8.8776802300593562     
   184.00000000000000        8.9804426659287984     
   185.00000000000000        9.0853832170149360     
   186.00000000000000        9.1959081761771682     
   187.00000000000000        9.3011617227514201     
   188.00000000000000        9.3985547545479484     
   189.00000000000000        9.4887201345773917     
   190.00000000000000        9.5804982534168843     
   191.00000000000000        9.6724780809162407     
   192.00000000000000        9.7746529649286895     
   193.00000000000000        9.8722125274391352     
   194.00000000000000        9.9722749973241136     
   195.00000000000000        10.076687162773647     
   196.00000000000000        10.181896909397944     
   197.00000000000000        10.287531886273614     
   198.00000000000000        10.391973642241471     
   199.00000000000000        10.489233860100283     
   200.00000000000000        10.583663299585517     
   201.00000000000000        10.678267488122367     
   202.00000000000000        10.774224719652675     
   203.00000000000000        10.860647144419440     
   204.00000000000000        10.953588414764663     
   205.00000000000000        11.050081483595346     
   206.00000000000000        11.140919192963580     
   207.00000000000000        11.233017095995521     
   208.00000000000000        11.317544340851621     
   209.00000000000000        11.408750958850481     
   210.00000000000000        11.511979880064922     
   211.00000000000000        11.624661887308784     
   212.00000000000000        11.739680105618197     
   213.00000000000000        11.848609871299914     
   214.00000000000000        11.962809513752710     
   215.00000000000000        12.081488869289124     
   216.00000000000000        12.190281849487528     
   217.00000000000000        12.301596896131626     
   218.00000000000000        12.418510623582675     
   219.00000000000000        12.528199270548294     
   220.00000000000000        12.631957867951817     
   221.00000000000000        12.749713661660332     
   222.00000000000000        12.866830365385827     
   223.00000000000000        12.982841574551749     
   224.00000000000000        13.097072135420420     
   225.00000000000000        13.210141297378092     
   226.00000000000000        13.325013796509133     
   227.00000000000000        13.450848741542334     
   228.00000000000000        13.574668987413737     
   229.00000000000000        13.687312922448877     
   230.00000000000000        13.805293253473758     
   231.00000000000000        13.910415129820867     
   232.00000000000000        14.016951610123421     
   233.00000000000000        14.140070053504676     
   234.00000000000000        14.255116780981634     
   235.00000000000000        14.377016061225715     
   236.00000000000000        14.503632526731318     
   237.00000000000000        14.647865532823948     
   238.00000000000000        14.789369694154393     
   239.00000000000000        14.931501633460948     
   240.00000000000000        15.071608577736590     
   241.00000000000000        15.209554376647743     
   242.00000000000000        15.338480133270464     
   243.00000000000000        15.458085240686472     
   244.00000000000000        15.593483368476033     
   245.00000000000000        15.738970421134365     
   246.00000000000000        15.888889052829541     
   247.00000000000000        16.026904368834188     
   248.00000000000000        16.161146537175142     
   249.00000000000000        16.283133713042915     
   250.00000000000000        16.418150200442184     
   251.00000000000000        16.584637255937924     
   252.00000000000000        16.738393968669239     
   253.00000000000000        16.890916505972701     
   254.00000000000000        17.026712067997767     
   255.00000000000000        17.162746718670888     
   256.00000000000000        17.314967802540885     
   257.00000000000000        17.475170661298229     
   258.00000000000000        17.631088184203872     
   259.00000000000000        17.780121236409624     
   260.00000000000000        17.922143866918628     
   261.00000000000000        18.058314675783752     
   262.00000000000000        18.193991728520103     
   263.00000000000000        18.329021249078739     
   264.00000000000000        18.465267020759601     
   265.00000000000000        18.615892939389802     
   266.00000000000000        18.757238933697344     
   267.00000000000000        18.893181901767989     
   268.00000000000000        19.033607658688492     
   269.00000000000000        19.159528245496723     
   270.00000000000000        19.281070876313652     
   271.00000000000000        19.416353268169395     
   272.00000000000000        19.550316770985738     
   273.00000000000000        19.683473532611952     
   274.00000000000000        19.819616629159999     
   275.00000000000000        19.956198140068295     
   276.00000000000000        20.085228033003514     
   277.00000000000000        20.214663889653401     
   278.00000000000000        20.351239433495749     
   279.00000000000000        20.490224961769272     
   280.00000000000000        20.619893449627984     
   281.00000000000000        20.765285064880985     
   282.00000000000000        20.910659404348181     
   283.00000000000000        21.060024097003740     
   284.00000000000000        21.202038409975042     
   285.00000000000000        21.341371199921564     
   286.00000000000000        21.491444706556774     
   287.00000000000000        21.639904553969551     
   288.00000000000000        21.791268629159479     
   289.00000000000000        21.947704623396618     
   290.00000000000000        22.095604601140913     
   291.00000000000000        22.241202713910301     
   292.00000000000000        22.385666151387127     
   293.00000000000000        22.531227000628878     
   294.00000000000000        22.671833069930567     
   295.00000000000000        22.812978462372804     
   296.00000000000000        22.958199692392434     
   297.00000000000000        23.115963957625045     
   298.00000000000000        23.254737944630218     
   299.00000000000000        23.392267574021748     
   300.00000000000000        23.533414038349772     
   301.00000000000000        23.681752467638379     
   302.00000000000000        23.832560086847394     
   303.00000000000000        23.980475556747443     
   304.00000000000000        24.123322757738570     
   305.00000000000000        24.262739148633116     
   306.00000000000000        24.432491769341382     
   307.00000000000000        24.608647160020176     
   308.00000000000000        24.778373820361150     
   309.00000000000000        24.937054284667727     
   310.00000000000000        25.081429176626617     
   311.00000000000000        25.229128376857460     
   312.00000000000000        25.371088281890366     
   313.00000000000000        25.535031006695178     
   314.00000000000000        25.716797692063977     
   315.00000000000000        25.883185229864264     
   316.00000000000000        26.060344373621597     
   317.00000000000000        26.244989040815870     
   318.00000000000000        26.410396995946673     
   319.00000000000000        26.575301481149271     
   320.00000000000000        26.740374278398921     
   321.00000000000000        26.892910346882029     
   322.00000000000000        27.067223589662124     
   323.00000000000000        27.241226261498763     
   324.00000000000000        27.396297003613981     
   325.00000000000000        27.582586032186498     
   326.00000000000000        27.783673833823364     
   327.00000000000000        27.979426323441157     
   328.00000000000000        28.165668157919310     
   329.00000000000000        28.355343277428418     
   330.00000000000000        28.555737375040948     
   331.00000000000000        28.746228068056865     
   332.00000000000000        28.934039855147812     
   333.00000000000000        29.137440723767753     
   334.00000000000000        29.319218244741688     
   335.00000000000000        29.495069378945345     
   336.00000000000000        29.665935892536794     
   337.00000000000000        29.829529776336585     
   338.00000000000000        30.016051567780412     
   339.00000000000000        30.209461616633746     
   340.00000000000000        30.413578120637169     
   341.00000000000000        30.597947586134318     
   342.00000000000000        30.781785946173148     
   343.00000000000000        30.952087965852218     
   344.00000000000000        31.117712190906655     
   345.00000000000000        31.300478064030170     
   346.00000000000000        31.462296639460561     
   347.00000000000000        31.623233830478309     
   348.00000000000000        31.795068639732104     
   349.00000000000000        31.972421316225525     
   350.00000000000000        32.159269031321003     
   351.00000000000000        32.342931070364216     
   352.00000000000000        32.524426534654204     
   353.00000000000000        32.708315889762083     
   354.00000000000000        32.879956785779612     
   355.00000000000000        33.060887668202312     
   356.00000000000000        33.231109862748738     
   357.00000000000000        33.413852580178315     
   358.00000000000000        33.582070502443443     
   359.00000000000000        33.738900866180046     
   360.00000000000000        33.896177299679131     
   361.00000000000000        34.063616615111364     
   362.00000000000000        34.249932552195737     
   363.00000000000000        34.435059198149375     
   364.00000000000000        34.620390503831196     
   365.00000000000000        34.820860854444398     
   366.00000000000000        35.026380323701986     
   367.00000000000000        35.217032863862514     
   368.00000000000000        35.426050286638237     
   369.00000000000000        35.632614989239926     
   370.00000000000000        35.790024399453920     
   371.00000000000000        35.954376622649349     
   372.00000000000000        36.140938515079064     
   373.00000000000000        36.337833340415145     
   374.00000000000000        36.526161087095552     
   375.00000000000000        36.713228424426042     
   376.00000000000000        36.913865112339849     
   377.00000000000000        37.113216260672900     
   378.00000000000000        37.324978490431640     
   379.00000000000000        37.528105229820760     
   380.00000000000000        37.728870338065128     
   381.00000000000000        37.915343119540537     
   382.00000000000000        38.116983897659907     
   383.00000000000000        38.308491850132746     
   384.00000000000000        38.491199446759424     
   385.00000000000000        38.679733038357405     
   386.00000000000000        38.860808221395956     
   387.00000000000000        39.067339415274972     
   388.00000000000000        39.260950953759327     
   389.00000000000000        39.468205779605725     
   390.00000000000000        39.684538550647751     
   391.00000000000000        39.905412027259587     
   392.00000000000000        40.117215145177248     
   393.00000000000000        40.327382233687246     
   394.00000000000000        40.537756335598132     
   395.00000000000000        40.750844145823308     
   396.00000000000000        40.958430120467050     
   397.00000000000000        41.143593685057397     
   398.00000000000000        41.330643548454816     
   399.00000000000000        41.529308742385510     
   400.00000000000000        41.740578924290638     
   401.00000000000000        41.965507047276809     
   402.00000000000000        42.174503291541441     
   403.00000000000000        42.370942655542187     
   404.00000000000000        42.557450222644924     
   405.00000000000000        42.791183803509234     
   406.00000000000000        43.008413698095438     
   407.00000000000000        43.203337035667403     
   408.00000000000000        43.433538355689663     
   409.00000000000000        43.640865416296741     
   410.00000000000000        43.841109822517971     
   411.00000000000000        44.083489645188962     
   412.00000000000000        44.283795318265263     
   413.00000000000000        44.488011542004720     
   414.00000000000000        44.711951808135403     
   415.00000000000000        44.960771033302052     
   416.00000000000000        45.186856465844130     
   417.00000000000000        45.415646963943587     
   418.00000000000000        45.647514019850149     
   419.00000000000000        45.878860428157267     
   420.00000000000000        46.075800649460582     
   421.00000000000000        46.255579703774458     
   422.00000000000000        46.435906524020346     
   423.00000000000000        46.620325582987817     
   424.00000000000000        46.828784703788536     
   425.00000000000000        47.065823381721387     
   426.00000000000000        47.283449450011560     
   427.00000000000000        47.507108220465078     
   428.00000000000000        47.747224416250006     
   429.00000000000000        47.985353243470776     
   430.00000000000000        48.204023988375418     
   431.00000000000000        48.431650202084839     
   432.00000000000000        48.651539708193731     
   433.00000000000000        48.876959898330234     
   434.00000000000000        49.072176726695147     
   435.00000000000000        49.264744613522709     
   436.00000000000000        49.494717900147776     
   437.00000000000000        49.707415104337123     
   438.00000000000000        49.929238368627615     
   439.00000000000000        50.147074544543138     
   440.00000000000000        50.331875584574078     
   441.00000000000000        50.547051120612856     
   442.00000000000000        50.763216467831661     
   443.00000000000000        50.957440816806134     
   444.00000000000000        51.182626447743701     
   445.00000000000000        51.429440180042057     
   446.00000000000000        51.667206881349777     
   447.00000000000000        51.915524088347169     
   448.00000000000000        52.118500993958001     
   449.00000000000000        52.308952101139482     
   450.00000000000000        52.521810566483623     
   451.00000000000000        52.773430259172017     
   452.00000000000000        53.031469500013301     
   453.00000000000000        53.262225383329827     
   454.00000000000000        53.518784165830503     
   455.00000000000000        53.750388941558498     
   456.00000000000000        53.993902245005870     
   457.00000000000000        54.230291924284877     
   458.00000000000000        54.491828313395096     
   459.00000000000000        54.734543445174083     
   460.00000000000000        54.954727905816767     
   461.00000000000000        55.191269165944242     
   462.00000000000000        55.463562074854444     
   463.00000000000000        55.766579229912161     
   464.00000000000000        56.059973016190924     
   465.00000000000000        56.353862488721774     
   466.00000000000000        56.641469088137910     
   467.00000000000000        56.913734059417202     
   468.00000000000000        57.157751897584255     
   469.00000000000000        57.389936939441093     
   470.00000000000000        57.604655302560708     
   471.00000000000000        57.814218835168845     
   472.00000000000000        58.033925936861138     
   473.00000000000000        58.269687618487914     
   474.00000000000000        58.520333525892752     
   475.00000000000000        58.795576463920064     
   476.00000000000000        59.057071597881816     
   477.00000000000000        59.338406965784280     
   478.00000000000000        59.639638365255529     
   479.00000000000000        59.924471644933718     
   480.00000000000000        60.246384329517802     
   481.00000000000000        60.561764994737707     
   482.00000000000000        60.874552018259870     
   483.00000000000000        61.146655387664701     
   484.00000000000000        61.392188880792510     
   485.00000000000000        61.637781638879915     
   486.00000000000000        61.872944946573597     
   487.00000000000000        62.093128943730761     
   488.00000000000000        62.347912692693832     
   489.00000000000000        62.540712539855136     
   490.00000000000000        62.773819643637481     
   491.00000000000000        63.037018365368255     
   492.00000000000000        63.267024130604163     
   493.00000000000000        63.488820856937622     
   494.00000000000000        63.754097336978745     
   495.00000000000000        64.010591712528011     
   496.00000000000000        64.254558072318332     
   497.00000000000000        64.532836792103623     
   498.00000000000000        64.816900514396636     
   499.00000000000000        65.094792353377429     
   500.00000000000000        65.369002213024103     
   501.00000000000000        65.613749577319268     
