   1.0000000000000000        3.1139769283491231E-004
   2.0000000000000000        1.1162341130357902E-003
   3.0000000000000000        2.3523448739081920E-003
   4.0000000000000000        4.0369702511032467E-003
   5.0000000000000000        6.1824709991905261E-003
   6.0000000000000000        8.7964556915997826E-003
   7.0000000000000000        1.1863695495630204E-002
   8.0000000000000000        1.5387268974442384E-002
   9.0000000000000000        1.9345832445435224E-002
   10.000000000000000        2.3704535063128612E-002
   11.000000000000000        2.8548460870331561E-002
   12.000000000000000        3.3938161821244553E-002
   13.000000000000000        3.9839957501270867E-002
   14.000000000000000        4.6190246115253110E-002
   15.000000000000000        5.2787044163196531E-002
   16.000000000000000        5.9705110651742145E-002
   17.000000000000000        6.7203110973435912E-002
   18.000000000000000        7.5226752642053279E-002
   19.000000000000000        8.3785489228570473E-002
   20.000000000000000        9.2742844184033751E-002
   21.000000000000000       0.10174350076775925     
   22.000000000000000       0.11149355062011380     
   23.000000000000000       0.12218001905298410     
   24.000000000000000       0.13301632464910934     
   25.000000000000000       0.14441877082021176     
   26.000000000000000       0.15653146466443660     
   27.000000000000000       0.16888383963048534     
   28.000000000000000       0.18189209742683560     
   29.000000000000000       0.19559704387287238     
   30.000000000000000       0.20968775814511550     
   31.000000000000000       0.22394036227480002     
   32.000000000000000       0.23859772363871473     
   33.000000000000000       0.25441300808475176     
   34.000000000000000       0.27047701005910607     
   35.000000000000000       0.28659261142075443     
   36.000000000000000       0.30323653796750821     
   37.000000000000000       0.31980854908008699     
   38.000000000000000       0.33666129137334322     
   39.000000000000000       0.35409687582172938     
   40.000000000000000       0.37173387000260499     
   41.000000000000000       0.39058187401607980     
   42.000000000000000       0.40983911264429485     
   43.000000000000000       0.42932612921720570     
   44.000000000000000       0.44927526997305256     
   45.000000000000000       0.47006144425810253     
   46.000000000000000       0.49100601322037496     
   47.000000000000000       0.51149692536356384     
   48.000000000000000       0.53251288791108964     
   49.000000000000000       0.55493573296449039     
   50.000000000000000       0.57782791109100251     
   51.000000000000000       0.60085753198911085     
   52.000000000000000       0.62369647363066139     
   53.000000000000000       0.64719561956603144     
   54.000000000000000       0.67153398146130927     
   55.000000000000000       0.69653800861579940     
   56.000000000000000       0.72259345820536014     
   57.000000000000000       0.74820719958254267     
   58.000000000000000       0.77469026518917039     
   59.000000000000000       0.80183122848925092     
   60.000000000000000       0.82904393381796826     
   61.000000000000000       0.85648495232900679     
   62.000000000000000       0.88435929714049033     
   63.000000000000000       0.91192551720174009     
   64.000000000000000       0.94050631514869831     
   65.000000000000000       0.96967986303919973     
   66.000000000000000       0.99917776434715011     
   67.000000000000000        1.0300464521380717     
   68.000000000000000        1.0611531282796225     
   69.000000000000000        1.0914389435918173     
   70.000000000000000        1.1215144535671666     
   71.000000000000000        1.1534948006226808     
   72.000000000000000        1.1852160555171172     
   73.000000000000000        1.2180261289380474     
   74.000000000000000        1.2528583147275769     
   75.000000000000000        1.2881459388596483     
   76.000000000000000        1.3217797890781302     
   77.000000000000000        1.3572794965174686     
   78.000000000000000        1.3932567139193766     
   79.000000000000000        1.4307403907773821     
   80.000000000000000        1.4696796908268197     
   81.000000000000000        1.5080060114264828     
   82.000000000000000        1.5455465845280552     
   83.000000000000000        1.5836610341941895     
   84.000000000000000        1.6207887525026339     
   85.000000000000000        1.6585502086594512     
   86.000000000000000        1.6976218356167163     
   87.000000000000000        1.7390654395409852     
   88.000000000000000        1.7804986972006813     
   89.000000000000000        1.8202339265026541     
   90.000000000000000        1.8599318106521181     
   91.000000000000000        1.9019321684592891     
   92.000000000000000        1.9443077814828129     
   93.000000000000000        1.9869711128162768     
   94.000000000000000        2.0298205637069491     
   95.000000000000000        2.0730361224104628     
   96.000000000000000        2.1169403769742083     
   97.000000000000000        2.1623744503986959     
   98.000000000000000        2.2109131933722863     
   99.000000000000000        2.2576627938722673     
   100.00000000000000        2.3033362965774633     
   101.00000000000000        2.3481167463349744     
   102.00000000000000        2.3978271906929574     
   103.00000000000000        2.4481689501954862     
   104.00000000000000        2.4962607972429995     
   105.00000000000000        2.5445106557284363     
   106.00000000000000        2.5893532177281862     
   107.00000000000000        2.6353752122395142     
   108.00000000000000        2.6842449417019134     
   109.00000000000000        2.7314182738080319     
   110.00000000000000        2.7817526773687220     
   111.00000000000000        2.8334745303825146     
   112.00000000000000        2.8865994009277851     
   113.00000000000000        2.9442978395065982     
   114.00000000000000        3.0006413530622353     
   115.00000000000000        3.0561182233843467     
   116.00000000000000        3.1099822319334427     
   117.00000000000000        3.1635837533607849     
   118.00000000000000        3.2174178771061364     
   119.00000000000000        3.2746410356489695     
   120.00000000000000        3.3291085497027608     
   121.00000000000000        3.3828681472587574     
   122.00000000000000        3.4377731235511555     
   123.00000000000000        3.4926522146153998     
   124.00000000000000        3.5523622462372768     
   125.00000000000000        3.6095350900417293     
   126.00000000000000        3.6666735503113679     
   127.00000000000000        3.7250035052610255     
   128.00000000000000        3.7850934830825640     
   129.00000000000000        3.8426431635896878     
   130.00000000000000        3.9019757829080213     
   131.00000000000000        3.9638939141298084     
   132.00000000000000        4.0244987130199386     
   133.00000000000000        4.0829950210170960     
   134.00000000000000        4.1476504353520660     
   135.00000000000000        4.2072553754102806     
   136.00000000000000        4.2645816754974248     
   137.00000000000000        4.3261004915564900     
   138.00000000000000        4.3907593972909860     
   139.00000000000000        4.4522454214628500     
   140.00000000000000        4.5095647297496182     
   141.00000000000000        4.5742691617360061     
   142.00000000000000        4.6381409385881689     
   143.00000000000000        4.7001523555656570     
   144.00000000000000        4.7660473492708277     
   145.00000000000000        4.8346960063843110     
   146.00000000000000        4.9039914633708985     
   147.00000000000000        4.9736088820178450     
   148.00000000000000        5.0425678625245176     
   149.00000000000000        5.1146087040667370     
   150.00000000000000        5.1918855212863715     
   151.00000000000000        5.2678009657524258     
   152.00000000000000        5.3420789902317480     
   153.00000000000000        5.4207730634643427     
   154.00000000000000        5.4959331818414494     
   155.00000000000000        5.5720523760221674     
   156.00000000000000        5.6534351789394721     
   157.00000000000000        5.7329755657312491     
   158.00000000000000        5.8058896237167259     
   159.00000000000000        5.8776985261194534     
   160.00000000000000        5.9504759180195874     
   161.00000000000000        6.0278612166350509     
   162.00000000000000        6.1146764154332915     
   163.00000000000000        6.1990264068523953     
   164.00000000000000        6.2798197727489713     
   165.00000000000000        6.3616670249371596     
   166.00000000000000        6.4434002427908421     
   167.00000000000000        6.5191324717879375     
   168.00000000000000        6.5951742800059208     
   169.00000000000000        6.6730407009450188     
   170.00000000000000        6.7565959880423447     
   171.00000000000000        6.8455820115762318     
   172.00000000000000        6.9271820172475227     
   173.00000000000000        7.0200274197819104     
   174.00000000000000        7.1183466339037578     
   175.00000000000000        7.2093356363150933     
   176.00000000000000        7.2972604151620688     
   177.00000000000000        7.3852424282793097     
   178.00000000000000        7.4695599181771621     
   179.00000000000000        7.5529345504892573     
   180.00000000000000        7.6360607212697955     
   181.00000000000000        7.7139043229343747     
   182.00000000000000        7.7965570475006851     
   183.00000000000000        7.8848127419153853     
   184.00000000000000        7.9748803667568460     
   185.00000000000000        8.0708614496829227     
   186.00000000000000        8.1634934264331154     
   187.00000000000000        8.2520912236233919     
   188.00000000000000        8.3281595127742989     
   189.00000000000000        8.4002514378567419     
   190.00000000000000        8.4856343964556338     
   191.00000000000000        8.5758340465888008     
   192.00000000000000        8.6629452286033199     
   193.00000000000000        8.7536314399739670     
   194.00000000000000        8.8519716755935427     
   195.00000000000000        8.9392449388995008     
   196.00000000000000        9.0300026447960935     
   197.00000000000000        9.1164274603879996     
   198.00000000000000        9.1994943094720174     
   199.00000000000000        9.2797082284093246     
   200.00000000000000        9.3583421478969182     
   201.00000000000000        9.4422498630503959     
   202.00000000000000        9.5185412544643366     
   203.00000000000000        9.6039467279356039     
   204.00000000000000        9.6975653706408984     
   205.00000000000000        9.7804395404262614     
   206.00000000000000        9.8567533060015311     
   207.00000000000000        9.9301552906880097     
   208.00000000000000        10.008014718666008     
   209.00000000000000        10.096960604710738     
   210.00000000000000        10.196511603043433     
   211.00000000000000        10.296379595368148     
   212.00000000000000        10.403753195700439     
   213.00000000000000        10.517179670685106     
   214.00000000000000        10.630783126310408     
   215.00000000000000        10.731575138467345     
   216.00000000000000        10.835310559450470     
   217.00000000000000        10.937189428117678     
   218.00000000000000        11.036160681556611     
   219.00000000000000        11.136646489081013     
   220.00000000000000        11.234068020535563     
   221.00000000000000        11.335182302375092     
   222.00000000000000        11.438692767564815     
   223.00000000000000        11.538899395848981     
   224.00000000000000        11.633745052681972     
   225.00000000000000        11.731716290258232     
   226.00000000000000        11.841853581421056     
   227.00000000000000        11.957222773772424     
   228.00000000000000        12.065176048867540     
   229.00000000000000        12.168503501935739     
   230.00000000000000        12.268104141604303     
   231.00000000000000        12.366678272962595     
   232.00000000000000        12.476364576194884     
   233.00000000000000        12.579004428603669     
   234.00000000000000        12.687470039106129     
   235.00000000000000        12.802500920885961     
   236.00000000000000        12.917861191051896     
   237.00000000000000        13.023009447922743     
   238.00000000000000        13.136796099584165     
   239.00000000000000        13.248764424033299     
   240.00000000000000        13.365442495926890     
   241.00000000000000        13.487259242871962     
   242.00000000000000        13.605441140204066     
   243.00000000000000        13.722683679994180     
   244.00000000000000        13.843887698960108     
   245.00000000000000        13.957667749564095     
   246.00000000000000        14.067043769974154     
   247.00000000000000        14.190907372993761     
   248.00000000000000        14.313930084703289     
   249.00000000000000        14.434959710556027     
   250.00000000000000        14.558347810893489     
   251.00000000000000        14.686584083626551     
   252.00000000000000        14.820432321471383     
   253.00000000000000        14.959608227778764     
   254.00000000000000        15.107239223732286     
   255.00000000000000        15.228417458897125     
   256.00000000000000        15.345004871023209     
   257.00000000000000        15.476726139758116     
   258.00000000000000        15.619679302853292     
   259.00000000000000        15.748807587089718     
   260.00000000000000        15.882928763592609     
   261.00000000000000        16.025471486229964     
   262.00000000000000        16.144714933577799     
   263.00000000000000        16.274239809841788     
   264.00000000000000        16.395796873126940     
   265.00000000000000        16.519627177250651     
   266.00000000000000        16.652791575705635     
   267.00000000000000        16.766312808960304     
   268.00000000000000        16.882991197533862     
   269.00000000000000        16.992507585804184     
   270.00000000000000        17.099873520369595     
   271.00000000000000        17.221598783055700     
   272.00000000000000        17.339946204664418     
   273.00000000000000        17.456595509894242     
   274.00000000000000        17.574598417230689     
   275.00000000000000        17.696442401587532     
   276.00000000000000        17.823472664776492     
   277.00000000000000        17.957004334782035     
   278.00000000000000        18.076340761397354     
   279.00000000000000        18.206467033467415     
   280.00000000000000        18.342070670947940     
   281.00000000000000        18.462470834609739     
   282.00000000000000        18.597500813420755     
   283.00000000000000        18.732770785764174     
   284.00000000000000        18.863659790663295     
   285.00000000000000        18.977502449001538     
   286.00000000000000        19.095636835490321     
   287.00000000000000        19.237031833615628     
   288.00000000000000        19.375871851565368     
   289.00000000000000        19.518167895249487     
   290.00000000000000        19.661530403010254     
   291.00000000000000        19.798759270146107     
   292.00000000000000        19.936349416152208     
   293.00000000000000        20.066653320816418     
   294.00000000000000        20.186635043627124     
   295.00000000000000        20.309207248068553     
   296.00000000000000        20.450770459902110     
   297.00000000000000        20.575238977490393     
   298.00000000000000        20.703425470731414     
   299.00000000000000        20.848195855524118     
   300.00000000000000        20.986782629606946     
   301.00000000000000        21.133620156157541     
   302.00000000000000        21.278969980081410     
   303.00000000000000        21.407593485982300     
   304.00000000000000        21.550408893382134     
   305.00000000000000        21.707581187440010     
   306.00000000000000        21.847523701545118     
   307.00000000000000        21.994176282136223     
   308.00000000000000        22.148012551323109     
   309.00000000000000        22.285393657933682     
   310.00000000000000        22.428785437642031     
   311.00000000000000        22.562381814339400     
   312.00000000000000        22.691912146866237     
   313.00000000000000        22.848235080753657     
   314.00000000000000        22.990425107207290     
   315.00000000000000        23.134421070765928     
   316.00000000000000        23.295924165035956     
   317.00000000000000        23.452030372117687     
   318.00000000000000        23.604415378652224     
   319.00000000000000        23.745624265885542     
   320.00000000000000        23.897047514584479     
   321.00000000000000        24.051485196227233     
   322.00000000000000        24.206463813641172     
   323.00000000000000        24.354442342260882     
   324.00000000000000        24.491793153339668     
   325.00000000000000        24.654374125250513     
   326.00000000000000        24.831661738830750     
   327.00000000000000        24.996929712382528     
   328.00000000000000        25.170107645191251     
   329.00000000000000        25.339785317328012     
   330.00000000000000        25.492406470849811     
   331.00000000000000        25.655147326426842     
   332.00000000000000        25.826533801919364     
   333.00000000000000        26.000844864294415     
   334.00000000000000        26.186614245068455     
   335.00000000000000        26.368996176151676     
   336.00000000000000        26.530705668260509     
   337.00000000000000        26.693364118713475     
   338.00000000000000        26.849646876468064     
   339.00000000000000        27.019838607712046     
   340.00000000000000        27.193909589208069     
   341.00000000000000        27.394840326701541     
   342.00000000000000        27.564897272754436     
   343.00000000000000        27.714845497243420     
   344.00000000000000        27.855720217410902     
   345.00000000000000        27.994295813060258     
   346.00000000000000        28.129227223084705     
   347.00000000000000        28.255607444518603     
   348.00000000000000        28.400657786093927     
   349.00000000000000        28.563767432492135     
   350.00000000000000        28.744656173106719     
   351.00000000000000        28.924558585171873     
   352.00000000000000        29.081148212987472     
   353.00000000000000        29.240361143472601     
   354.00000000000000        29.402848347442958     
   355.00000000000000        29.558101367641555     
   356.00000000000000        29.725757427346419     
   357.00000000000000        29.885853016672844     
   358.00000000000000        30.030845182414911     
   359.00000000000000        30.199139253886894     
   360.00000000000000        30.344575997199069     
   361.00000000000000        30.497301269096411     
   362.00000000000000        30.655320045975035     
   363.00000000000000        30.815693589837295     
   364.00000000000000        30.985129329371979     
   365.00000000000000        31.153523277865485     
   366.00000000000000        31.341625126064770     
   367.00000000000000        31.511186045890412     
   368.00000000000000        31.676116006215064     
   369.00000000000000        31.853532673338009     
   370.00000000000000        32.041872507572791     
   371.00000000000000        32.219656324618043     
   372.00000000000000        32.372731524098192     
   373.00000000000000        32.531265110141590     
   374.00000000000000        32.713946734013980     
   375.00000000000000        32.904968477502152     
   376.00000000000000        33.092396560719699     
   377.00000000000000        33.249000504410390     
   378.00000000000000        33.401570056889923     
   379.00000000000000        33.534324855961586     
   380.00000000000000        33.703302877410096     
   381.00000000000000        33.904060482354723     
   382.00000000000000        34.085633770342440     
   383.00000000000000        34.253361141377617     
   384.00000000000000        34.431617969374720     
   385.00000000000000        34.605799021121179     
   386.00000000000000        34.770901153445720     
   387.00000000000000        34.948708555658683     
   388.00000000000000        35.113328846419890     
   389.00000000000000        35.285858333807369     
   390.00000000000000        35.447581212703440     
   391.00000000000000        35.617573015144522     
   392.00000000000000        35.794948275763232     
   393.00000000000000        35.956641007881935     
   394.00000000000000        36.115189339333966     
   395.00000000000000        36.286447526492111     
   396.00000000000000        36.468962893957716     
   397.00000000000000        36.656902729600034     
   398.00000000000000        36.848496362696373     
   399.00000000000000        37.041695685495000     
   400.00000000000000        37.222510167753462     
   401.00000000000000        37.377130578215215     
   402.00000000000000        37.559336209576152     
   403.00000000000000        37.758038946225923     
   404.00000000000000        37.949558594842287     
   405.00000000000000        38.137854995170578     
   406.00000000000000        38.345374189683966     
   407.00000000000000        38.541592094219617     
   408.00000000000000        38.756091731149752     
   409.00000000000000        38.966475206686269     
   410.00000000000000        39.161297193130999     
   411.00000000000000        39.360013770883562     
   412.00000000000000        39.543650268333465     
   413.00000000000000        39.721547705339965     
   414.00000000000000        39.903930772639569     
   415.00000000000000        40.107968538809942     
   416.00000000000000        40.305221996391232     
   417.00000000000000        40.484886208245115     
   418.00000000000000        40.676833625213163     
   419.00000000000000        40.857730112723061     
   420.00000000000000        41.030910986788093     
   421.00000000000000        41.228439787134377     
   422.00000000000000        41.421516941150351     
   423.00000000000000        41.614335843101301     
   424.00000000000000        41.791776631051299     
   425.00000000000000        41.998957911021130     
   426.00000000000000        42.213718195912328     
   427.00000000000000        42.415214026188387     
   428.00000000000000        42.619106393038130     
   429.00000000000000        42.819851175102400     
   430.00000000000000        43.034907951432054     
   431.00000000000000        43.230868006580415     
   432.00000000000000        43.398183750182035     
   433.00000000000000        43.609460960477456     
   434.00000000000000        43.821192266046296     
   435.00000000000000        44.020042991791286     
   436.00000000000000        44.222226807004574     
   437.00000000000000        44.401689893856442     
   438.00000000000000        44.564092245364172     
   439.00000000000000        44.755746439420584     
   440.00000000000000        44.924379680135523     
   441.00000000000000        45.106155597232309     
   442.00000000000000        45.293465512656027     
   443.00000000000000        45.511468382927667     
   444.00000000000000        45.715237855029123     
   445.00000000000000        45.918671261378911     
   446.00000000000000        46.154405471817888     
   447.00000000000000        46.353955336585507     
   448.00000000000000        46.533719150454779     
   449.00000000000000        46.706800932135337     
   450.00000000000000        46.916864146559597     
   451.00000000000000        47.104481751342583     
   452.00000000000000        47.292407401266395     
   453.00000000000000        47.506744460412833     
   454.00000000000000        47.714748616154800     
   455.00000000000000        47.939880875162594     
   456.00000000000000        48.171222542315064     
   457.00000000000000        48.377017886115986     
   458.00000000000000        48.580977972044018     
   459.00000000000000        48.779855387665847     
   460.00000000000000        48.982349126150325     
   461.00000000000000        49.195917700768554     
   462.00000000000000        49.405276630879214     
   463.00000000000000        49.621171064765107     
   464.00000000000000        49.873414299222318     
   465.00000000000000        50.096429276932604     
   466.00000000000000        50.336120213615011     
   467.00000000000000        50.584009514625428     
   468.00000000000000        50.798103724659669     
   469.00000000000000        51.029954415625951     
   470.00000000000000        51.235715296741674     
   471.00000000000000        51.435971181421969     
   472.00000000000000        51.648047612006252     
   473.00000000000000        51.877622486681894     
   474.00000000000000        52.126626084398858     
   475.00000000000000        52.363859870649804     
   476.00000000000000        52.610956590803681     
   477.00000000000000        52.882454993671843     
   478.00000000000000        53.154138572474821     
   479.00000000000000        53.431517355616727     
   480.00000000000000        53.726197606630727     
   481.00000000000000        53.995385481523158     
   482.00000000000000        54.243754498161195     
   483.00000000000000        54.478781849932567     
   484.00000000000000        54.742398811298315     
   485.00000000000000        54.998197050233472     
   486.00000000000000        55.230191465174535     
   487.00000000000000        55.455423200527910     
   488.00000000000000        55.680592619622104     
   489.00000000000000        55.915888145771376     
   490.00000000000000        56.124940794482740     
   491.00000000000000        56.342374907374897     
   492.00000000000000        56.574422270048451     
   493.00000000000000        56.817080454477583     
   494.00000000000000        57.037903609639343     
   495.00000000000000        57.262938852246442     
   496.00000000000000        57.512603928762090     
   497.00000000000000        57.765754913762557     
   498.00000000000000        58.019524837214384     
   499.00000000000000        58.288292795162000     
   500.00000000000000        58.538530321615490     
   501.00000000000000        58.822275673486502     
