   1.0000000000000000        1.8491692329265208E-004
   2.0000000000000000        7.6940401887841631E-004
   3.0000000000000000        1.7889354427120345E-003
   4.0000000000000000        3.2643763526287715E-003
   5.0000000000000000        5.1933002803662715E-003
   6.0000000000000000        7.5559957520728686E-003
   7.0000000000000000        1.0389860728325030E-002
   8.0000000000000000        1.3746673654942003E-002
   9.0000000000000000        1.7554821065056236E-002
   10.000000000000000        2.1772247830900520E-002
   11.000000000000000        2.6409587031473104E-002
   12.000000000000000        3.1532864442492245E-002
   13.000000000000000        3.7191155196391573E-002
   14.000000000000000        4.3362302576590510E-002
   15.000000000000000        5.0099070498316564E-002
   16.000000000000000        5.7294517016210023E-002
   17.000000000000000        6.4886438999927618E-002
   18.000000000000000        7.2927205560576663E-002
   19.000000000000000        8.1257803721257238E-002
   20.000000000000000        9.0099200670322288E-002
   21.000000000000000        9.9528018010557606E-002
   22.000000000000000       0.10919769201653960     
   23.000000000000000       0.11944617011755979     
   24.000000000000000       0.13059565329072534     
   25.000000000000000       0.14206045516197127     
   26.000000000000000       0.15396359787857025     
   27.000000000000000       0.16624365380867906     
   28.000000000000000       0.17896079398591827     
   29.000000000000000       0.19239792894215724     
   30.000000000000000       0.20676421558943098     
   31.000000000000000       0.22141463491484664     
   32.000000000000000       0.23646752423827969     
   33.000000000000000       0.25185919863057976     
   34.000000000000000       0.26776185509891381     
   35.000000000000000       0.28432770574468991     
   36.000000000000000       0.30139309612016824     
   37.000000000000000       0.31862107194490902     
   38.000000000000000       0.33586225838095335     
   39.000000000000000       0.35361092295666996     
   40.000000000000000       0.37154697206886173     
   41.000000000000000       0.38974293616575356     
   42.000000000000000       0.40898469216289046     
   43.000000000000000       0.42828524710081362     
   44.000000000000000       0.44791294308952606     
   45.000000000000000       0.46786419564673204     
   46.000000000000000       0.48828082930205124     
   47.000000000000000       0.50912185249195818     
   48.000000000000000       0.53032841539237519     
   49.000000000000000       0.55190622112710563     
   50.000000000000000       0.57475183932799834     
   51.000000000000000       0.59864215112847785     
   52.000000000000000       0.62313501039390784     
   53.000000000000000       0.64783919518621769     
   54.000000000000000       0.67251134391999601     
   55.000000000000000       0.69744695451167249     
   56.000000000000000       0.72230442830172192     
   57.000000000000000       0.74843607139600765     
   58.000000000000000       0.77574537031838775     
   59.000000000000000       0.80404129903644106     
   60.000000000000000       0.83293695823659086     
   61.000000000000000       0.86068099503933182     
   62.000000000000000       0.88834646432941655     
   63.000000000000000       0.91692185352264255     
   64.000000000000000       0.94612633602341900     
   65.000000000000000       0.97487432076868896     
   66.000000000000000        1.0040318892680347     
   67.000000000000000        1.0345240142767707     
   68.000000000000000        1.0659123545282101     
   69.000000000000000        1.0975756455236820     
   70.000000000000000        1.1295400745446935     
   71.000000000000000        1.1622656506012021     
   72.000000000000000        1.1957551989104374     
   73.000000000000000        1.2285116982926947     
   74.000000000000000        1.2608243788964923     
   75.000000000000000        1.2940908958651851     
   76.000000000000000        1.3292374520194148     
   77.000000000000000        1.3650520226476657     
   78.000000000000000        1.4007095270095169     
   79.000000000000000        1.4379040950644255     
   80.000000000000000        1.4766469646183713     
   81.000000000000000        1.5140866175905872     
   82.000000000000000        1.5505554235260783     
   83.000000000000000        1.5890960852809251     
   84.000000000000000        1.6270596715737418     
   85.000000000000000        1.6641047776050208     
   86.000000000000000        1.7020410223703357     
   87.000000000000000        1.7431639743349412     
   88.000000000000000        1.7849584633387923     
   89.000000000000000        1.8262688587520786     
   90.000000000000000        1.8671586802482061     
   91.000000000000000        1.9088767175131220     
   92.000000000000000        1.9519956953990376     
   93.000000000000000        1.9946426286016516     
   94.000000000000000        2.0368823571596004     
   95.000000000000000        2.0769752729590505     
   96.000000000000000        2.1185103974804194     
   97.000000000000000        2.1619001404640712     
   98.000000000000000        2.2057857574252528     
   99.000000000000000        2.2506930078779912     
   100.00000000000000        2.2962505429379632     
   101.00000000000000        2.3421218851790355     
   102.00000000000000        2.3891623453191828     
   103.00000000000000        2.4371754811121407     
   104.00000000000000        2.4862556038459291     
   105.00000000000000        2.5351655624514065     
   106.00000000000000        2.5849796989150731     
   107.00000000000000        2.6351321121943987     
   108.00000000000000        2.6860578777640041     
   109.00000000000000        2.7366391005420678     
   110.00000000000000        2.7870903258362936     
   111.00000000000000        2.8411181198990070     
   112.00000000000000        2.8954610735690296     
   113.00000000000000        2.9515856665177647     
   114.00000000000000        3.0086325069160909     
   115.00000000000000        3.0649248998512197     
   116.00000000000000        3.1204102897848118     
   117.00000000000000        3.1772505583694031     
   118.00000000000000        3.2340913116272749     
   119.00000000000000        3.2877302505352586     
   120.00000000000000        3.3421413858695517     
   121.00000000000000        3.3999765264944868     
   122.00000000000000        3.4567331223362876     
   123.00000000000000        3.5125068883574175     
   124.00000000000000        3.5694947203991547     
   125.00000000000000        3.6285745815156578     
   126.00000000000000        3.6914549421498570     
   127.00000000000000        3.7536944670549883     
   128.00000000000000        3.8120639868917783     
   129.00000000000000        3.8703598622849373     
   130.00000000000000        3.9313977623312253     
   131.00000000000000        3.9949564979017933     
   132.00000000000000        4.0556292782529431     
   133.00000000000000        4.1137664352619279     
   134.00000000000000        4.1747326144905967     
   135.00000000000000        4.2382873068815217     
   136.00000000000000        4.3012626013493938     
   137.00000000000000        4.3649828099348209     
   138.00000000000000        4.4269330018545476     
   139.00000000000000        4.4899431106382739     
   140.00000000000000        4.5551137842893441     
   141.00000000000000        4.6245094735112406     
   142.00000000000000        4.6936300902044046     
   143.00000000000000        4.7627990974387018     
   144.00000000000000        4.8333125007864659     
   145.00000000000000        4.9053135258508975     
   146.00000000000000        4.9743348722851488     
   147.00000000000000        5.0400439179852787     
   148.00000000000000        5.1084414245105343     
   149.00000000000000        5.1822134392436681     
   150.00000000000000        5.2564142804441936     
   151.00000000000000        5.3305921216086620     
   152.00000000000000        5.4108751501768593     
   153.00000000000000        5.4908502660485210     
   154.00000000000000        5.5691556494980423     
   155.00000000000000        5.6483751679320884     
   156.00000000000000        5.7259043831674354     
   157.00000000000000        5.8062738745386415     
   158.00000000000000        5.8880686344960811     
   159.00000000000000        5.9693786910197195     
   160.00000000000000        6.0515690246276153     
   161.00000000000000        6.1350210158472569     
   162.00000000000000        6.2174323571397565     
   163.00000000000000        6.2994383002092524     
   164.00000000000000        6.3786903874554399     
   165.00000000000000        6.4587459888089231     
   166.00000000000000        6.5357932206406977     
   167.00000000000000        6.6118942212983232     
   168.00000000000000        6.6898358887172353     
   169.00000000000000        6.7679796663145559     
   170.00000000000000        6.8496557077124729     
   171.00000000000000        6.9349719017890230     
   172.00000000000000        7.0231583178713537     
   173.00000000000000        7.1141025122793273     
   174.00000000000000        7.2052129882897535     
   175.00000000000000        7.3028940555301460     
   176.00000000000000        7.4023665842207249     
   177.00000000000000        7.4963085486731655     
   178.00000000000000        7.5964697238411212     
   179.00000000000000        7.6918261737314868     
   180.00000000000000        7.7757948304388043     
   181.00000000000000        7.8576935146655256     
   182.00000000000000        7.9442545512450238     
   183.00000000000000        8.0344462517057611     
   184.00000000000000        8.1224607907722053     
   185.00000000000000        8.2141549892770733     
   186.00000000000000        8.3001011778790481     
   187.00000000000000        8.3845469079906056     
   188.00000000000000        8.4691615118733594     
   189.00000000000000        8.5507659583756102     
   190.00000000000000        8.6382872366581207     
   191.00000000000000        8.7285492719483813     
   192.00000000000000        8.8152192749682463     
   193.00000000000000        8.9013731891737127     
   194.00000000000000        8.9873890201452742     
   195.00000000000000        9.0731774587963905     
   196.00000000000000        9.1570147059141327     
   197.00000000000000        9.2434889724407991     
   198.00000000000000        9.3266162093604787     
   199.00000000000000        9.4096577654002438     
   200.00000000000000        9.4954158849604546     
   201.00000000000000        9.5879260897074854     
   202.00000000000000        9.6818840266542274     
   203.00000000000000        9.7693654396237992     
   204.00000000000000        9.8531856231474855     
   205.00000000000000        9.9339684090340832     
   206.00000000000000        10.010719104750423     
   207.00000000000000        10.093507818349213     
   208.00000000000000        10.183504135509292     
   209.00000000000000        10.275004869038398     
   210.00000000000000        10.369068990581003     
   211.00000000000000        10.464717980291669     
   212.00000000000000        10.566956318556494     
   213.00000000000000        10.670426233611025     
   214.00000000000000        10.770462820529525     
   215.00000000000000        10.873934678529595     
   216.00000000000000        10.975993210720823     
   217.00000000000000        11.070407380118951     
   218.00000000000000        11.163301823354871     
   219.00000000000000        11.259745383192165     
   220.00000000000000        11.364998155237377     
   221.00000000000000        11.476994481010324     
   222.00000000000000        11.583904378691386     
   223.00000000000000        11.694700793211895     
   224.00000000000000        11.806947976707669     
   225.00000000000000        11.917665859657060     
   226.00000000000000        12.019483567234801     
   227.00000000000000        12.121277207824138     
   228.00000000000000        12.217478784122077     
   229.00000000000000        12.308484152244034     
   230.00000000000000        12.402266248582174     
   231.00000000000000        12.501408893991362     
   232.00000000000000        12.600237504823935     
   233.00000000000000        12.698742533881470     
   234.00000000000000        12.810319499305514     
   235.00000000000000        12.933628694580499     
   236.00000000000000        13.056267385426702     
   237.00000000000000        13.173728587341914     
   238.00000000000000        13.285891721232140     
   239.00000000000000        13.400202143310622     
   240.00000000000000        13.520925173674039     
   241.00000000000000        13.639278475007300     
   242.00000000000000        13.751865396062074     
   243.00000000000000        13.870231125519762     
   244.00000000000000        13.996087141135535     
   245.00000000000000        14.124246552496214     
   246.00000000000000        14.251825727942276     
   247.00000000000000        14.377345378153436     
   248.00000000000000        14.498116557569711     
   249.00000000000000        14.627833215262305     
   250.00000000000000        14.757553331942175     
   251.00000000000000        14.881777552397198     
   252.00000000000000        15.003110696076774     
   253.00000000000000        15.125288021280415     
   254.00000000000000        15.258516899358218     
   255.00000000000000        15.399012966772768     
   256.00000000000000        15.531399846840692     
   257.00000000000000        15.661560510787851     
   258.00000000000000        15.798085108123269     
   259.00000000000000        15.928439959359959     
   260.00000000000000        16.051137659892163     
   261.00000000000000        16.174536043178726     
   262.00000000000000        16.308238873249000     
   263.00000000000000        16.444033919142409     
   264.00000000000000        16.579420782102581     
   265.00000000000000        16.709882899806086     
   266.00000000000000        16.832164199365526     
   267.00000000000000        16.952057573495718     
   268.00000000000000        17.068410304007894     
   269.00000000000000        17.182422531713218     
   270.00000000000000        17.294724416469741     
   271.00000000000000        17.417673491011008     
   272.00000000000000        17.538494281867088     
   273.00000000000000        17.653152074578053     
   274.00000000000000        17.760711896711040     
   275.00000000000000        17.871649861876399     
   276.00000000000000        17.985815249676477     
   277.00000000000000        18.104728078027957     
   278.00000000000000        18.225395428373922     
   279.00000000000000        18.349540544797186     
   280.00000000000000        18.474348752440022     
   281.00000000000000        18.607577410918278     
   282.00000000000000        18.742628865598292     
   283.00000000000000        18.870395220952172     
   284.00000000000000        18.997184598901651     
   285.00000000000000        19.133015827355347     
   286.00000000000000        19.273031073738920     
   287.00000000000000        19.417542748579418     
   288.00000000000000        19.559589956425388     
   289.00000000000000        19.706042622368702     
   290.00000000000000        19.854630847468506     
   291.00000000000000        19.999317323600540     
   292.00000000000000        20.141159006420551     
   293.00000000000000        20.297286720285985     
   294.00000000000000        20.456565270982342     
   295.00000000000000        20.606512821072592     
   296.00000000000000        20.747625433069011     
   297.00000000000000        20.878343951187833     
   298.00000000000000        21.009303544425343     
   299.00000000000000        21.147639885444480     
   300.00000000000000        21.295603623109852     
   301.00000000000000        21.439745529109107     
   302.00000000000000        21.586665027029756     
   303.00000000000000        21.737376422534719     
   304.00000000000000        21.887182591759661     
   305.00000000000000        22.038287572279028     
   306.00000000000000        22.182620004644814     
   307.00000000000000        22.334146366606369     
   308.00000000000000        22.487241370855255     
   309.00000000000000        22.631249069380111     
   310.00000000000000        22.768740096315643     
   311.00000000000000        22.903105471123773     
   312.00000000000000        23.045352338737306     
   313.00000000000000        23.185234642526634     
   314.00000000000000        23.321489373008106     
   315.00000000000000        23.475342625224563     
   316.00000000000000        23.632377771570798     
   317.00000000000000        23.779758275419908     
   318.00000000000000        23.926083142646572     
   319.00000000000000        24.081613729414840     
   320.00000000000000        24.237103147744786     
   321.00000000000000        24.383301616931561     
   322.00000000000000        24.530692062953278     
   323.00000000000000        24.683384716910759     
   324.00000000000000        24.840604868252875     
   325.00000000000000        25.007586775326228     
   326.00000000000000        25.178017241824847     
   327.00000000000000        25.357566749744894     
   328.00000000000000        25.539254981729854     
   329.00000000000000        25.720619121002930     
   330.00000000000000        25.889873351344267     
   331.00000000000000        26.062457741286504     
   332.00000000000000        26.231849299005447     
   333.00000000000000        26.408901421665608     
   334.00000000000000        26.589532582836661     
   335.00000000000000        26.767198754993096     
   336.00000000000000        26.938984262191727     
   337.00000000000000        27.114043985871177     
   338.00000000000000        27.279573546919920     
   339.00000000000000        27.449658304072415     
   340.00000000000000        27.630350929264985     
   341.00000000000000        27.807569531175819     
   342.00000000000000        27.970620238062573     
   343.00000000000000        28.138201016650594     
   344.00000000000000        28.308942822196169     
   345.00000000000000        28.461240017924453     
   346.00000000000000        28.604576532519712     
   347.00000000000000        28.760073423578788     
   348.00000000000000        28.922709621662104     
   349.00000000000000        29.092427550491472     
   350.00000000000000        29.265561817870807     
   351.00000000000000        29.440351947632593     
   352.00000000000000        29.615289259751464     
   353.00000000000000        29.781117933237923     
   354.00000000000000        29.943162458109565     
   355.00000000000000        30.100879352210264     
   356.00000000000000        30.261078876695269     
   357.00000000000000        30.429175683203191     
   358.00000000000000        30.597251763063266     
   359.00000000000000        30.760622428934131     
   360.00000000000000        30.918549297875231     
   361.00000000000000        31.072431021511175     
   362.00000000000000        31.228159272771570     
   363.00000000000000        31.387790339709731     
   364.00000000000000        31.550487748068530     
   365.00000000000000        31.724295650293577     
   366.00000000000000        31.904688087455284     
   367.00000000000000        32.090071718204221     
   368.00000000000000        32.280678319427750     
   369.00000000000000        32.467955423588165     
   370.00000000000000        32.646727859097631     
   371.00000000000000        32.834242614094443     
   372.00000000000000        33.027701784803661     
   373.00000000000000        33.217783376324917     
   374.00000000000000        33.396316778271277     
   375.00000000000000        33.568432580079310     
   376.00000000000000        33.751490454572725     
   377.00000000000000        33.939118303587023     
   378.00000000000000        34.120211530312083     
   379.00000000000000        34.296491003331617     
   380.00000000000000        34.473869224088979     
   381.00000000000000        34.645701950179898     
   382.00000000000000        34.825571998703595     
   383.00000000000000        35.005037037192210     
   384.00000000000000        35.182596680551548     
   385.00000000000000        35.360226078429839     
   386.00000000000000        35.531119806848899     
   387.00000000000000        35.701359400757674     
   388.00000000000000        35.874184404911190     
   389.00000000000000        36.046564041689884     
   390.00000000000000        36.244710143373993     
   391.00000000000000        36.425604578520854     
   392.00000000000000        36.592396858548788     
   393.00000000000000        36.758786935949715     
   394.00000000000000        36.938777948891655     
   395.00000000000000        37.108626175228927     
   396.00000000000000        37.285904494551353     
   397.00000000000000        37.464444301296133     
   398.00000000000000        37.648542154355795     
   399.00000000000000        37.853851454105857     
   400.00000000000000        38.044662071697850     
   401.00000000000000        38.220147867545030     
   402.00000000000000        38.401094356745425     
   403.00000000000000        38.585700325419168     
   404.00000000000000        38.771315392350758     
   405.00000000000000        38.959978709265513     
   406.00000000000000        39.143723459385498     
   407.00000000000000        39.331014868779882     
   408.00000000000000        39.517563606957573     
   409.00000000000000        39.706248565494846     
   410.00000000000000        39.900969707250354     
   411.00000000000000        40.112729597647558     
   412.00000000000000        40.312190082569415     
   413.00000000000000        40.504959101321290     
   414.00000000000000        40.695524458421772     
   415.00000000000000        40.888174946779593     
   416.00000000000000        41.097576266302241     
   417.00000000000000        41.299190149423183     
   418.00000000000000        41.482251674752220     
   419.00000000000000        41.662530797390055     
   420.00000000000000        41.844523816651503     
   421.00000000000000        42.018802334887305     
   422.00000000000000        42.195726831518513     
   423.00000000000000        42.382980643011770     
   424.00000000000000        42.578792255857465     
   425.00000000000000        42.800348271931874     
   426.00000000000000        43.033301374570478     
   427.00000000000000        43.255383280886811     
   428.00000000000000        43.464281256835335     
   429.00000000000000        43.679134747917146     
   430.00000000000000        43.898979831516918     
   431.00000000000000        44.109590035874120     
   432.00000000000000        44.314391314958854     
   433.00000000000000        44.504407267654869     
   434.00000000000000        44.692200647876803     
   435.00000000000000        44.887234357887777     
   436.00000000000000        45.091397098475070     
   437.00000000000000        45.279772945076992     
   438.00000000000000        45.463846689844907     
   439.00000000000000        45.649468743070990     
   440.00000000000000        45.862897155014281     
   441.00000000000000        46.078013633575125     
   442.00000000000000        46.293969337282221     
   443.00000000000000        46.519832345365039     
   444.00000000000000        46.755407766815125     
   445.00000000000000        46.980920418387157     
   446.00000000000000        47.191941148106345     
   447.00000000000000        47.399250137002518     
   448.00000000000000        47.619485351509390     
   449.00000000000000        47.860021295102328     
   450.00000000000000        48.083214031105278     
   451.00000000000000        48.277760314103119     
   452.00000000000000        48.483522183611413     
   453.00000000000000        48.692113120868520     
   454.00000000000000        48.897769404166027     
   455.00000000000000        49.112577194261071     
   456.00000000000000        49.341115895798723     
   457.00000000000000        49.572693109033750     
   458.00000000000000        49.786086150523779     
   459.00000000000000        50.013301383766944     
   460.00000000000000        50.245986652172157     
   461.00000000000000        50.474057188878497     
   462.00000000000000        50.695354411637283     
   463.00000000000000        50.945469988374207     
   464.00000000000000        51.205212979683424     
   465.00000000000000        51.475480729025868     
   466.00000000000000        51.759860297241609     
   467.00000000000000        52.018825403667407     
   468.00000000000000        52.255123928547469     
   469.00000000000000        52.470772159645946     
   470.00000000000000        52.672850306236043     
   471.00000000000000        52.875239420130093     
   472.00000000000000        53.103339331892990     
   473.00000000000000        53.318547937253634     
   474.00000000000000        53.551846656739990     
   475.00000000000000        53.801520391141999     
   476.00000000000000        54.058364813599674     
   477.00000000000000        54.319500309704260     
   478.00000000000000        54.581963930032884     
   479.00000000000000        54.838321088896649     
   480.00000000000000        55.093407895661784     
   481.00000000000000        55.363783935744316     
   482.00000000000000        55.647146615077872     
   483.00000000000000        55.918767823515452     
   484.00000000000000        56.156350966705951     
   485.00000000000000        56.401010873436107     
   486.00000000000000        56.631947784104604     
   487.00000000000000        56.836739495690466     
   488.00000000000000        57.035647859182717     
   489.00000000000000        57.260434128813678     
   490.00000000000000        57.505116703423361     
   491.00000000000000        57.745479633580253     
   492.00000000000000        57.977723474035841     
   493.00000000000000        58.202449602894518     
   494.00000000000000        58.432165040516843     
   495.00000000000000        58.662212219717610     
   496.00000000000000        58.904242008018137     
   497.00000000000000        59.144645888547792     
   498.00000000000000        59.393575764252454     
   499.00000000000000        59.646639602762122     
   500.00000000000000        59.879204373286875     
   501.00000000000000        60.101995532439794     
