   1.0000000000000000        5.1757857512341871E-004
   2.0000000000000000        1.7729356196041033E-003
   3.0000000000000000        3.6054719645708402E-003
   4.0000000000000000        5.9905252332816978E-003
   5.0000000000000000        8.9276895818442940E-003
   6.0000000000000000        1.2501209322908057E-002
   7.0000000000000000        1.6660893716798235E-002
   8.0000000000000000        2.1362388286611626E-002
   9.0000000000000000        2.6593048293984529E-002
   10.000000000000000        3.2370903325258285E-002
   11.000000000000000        3.8960149473251500E-002
   12.000000000000000        4.6032987971584664E-002
   13.000000000000000        5.3722362154657338E-002
   14.000000000000000        6.1962409919323204E-002
   15.000000000000000        7.0611090982014485E-002
   16.000000000000000        8.0229356055028733E-002
   17.000000000000000        9.0227949917183525E-002
   18.000000000000000       0.10087827265209343     
   19.000000000000000       0.11194769570658289     
   20.000000000000000       0.12370206286047077     
   21.000000000000000       0.13566852643189922     
   22.000000000000000       0.14857380347898630     
   23.000000000000000       0.16240276820141616     
   24.000000000000000       0.17646956757576154     
   25.000000000000000       0.19092163609986540     
   26.000000000000000       0.20652611875806648     
   27.000000000000000       0.22301109571280314     
   28.000000000000000       0.24013970872607412     
   29.000000000000000       0.25676988021740438     
   30.000000000000000       0.27434983089518206     
   31.000000000000000       0.29217654867489945     
   32.000000000000000       0.31092118694220550     
   33.000000000000000       0.33075106449309361     
   34.000000000000000       0.35097949480523621     
   35.000000000000000       0.37232538183280361     
   36.000000000000000       0.39411359536054852     
   37.000000000000000       0.41579258929469987     
   38.000000000000000       0.43741077091319930     
   39.000000000000000       0.45894831200691544     
   40.000000000000000       0.48143749351847176     
   41.000000000000000       0.50542557374242014     
   42.000000000000000       0.52893326060567469     
   43.000000000000000       0.55349238316402105     
   44.000000000000000       0.58005726636411348     
   45.000000000000000       0.60634418021021053     
   46.000000000000000       0.63160344004094515     
   47.000000000000000       0.65797793575124175     
   48.000000000000000       0.68721588885137208     
   49.000000000000000       0.71639266481129116     
   50.000000000000000       0.74349288282828818     
   51.000000000000000       0.77143700247923686     
   52.000000000000000       0.80093660983799220     
   53.000000000000000       0.83322069828249601     
   54.000000000000000       0.86642878570759407     
   55.000000000000000       0.89876819157579402     
   56.000000000000000       0.93209707503226025     
   57.000000000000000       0.96477128799231593     
   58.000000000000000       0.99966632428409485     
   59.000000000000000        1.0330126379229341     
   60.000000000000000        1.0658315069695268     
   61.000000000000000        1.0985450783997799     
   62.000000000000000        1.1347357526134518     
   63.000000000000000        1.1711331892264376     
   64.000000000000000        1.2056175946390359     
   65.000000000000000        1.2411774317489923     
   66.000000000000000        1.2786804272960866     
   67.000000000000000        1.3160336053598440     
   68.000000000000000        1.3564913232230111     
   69.000000000000000        1.3968065903348377     
   70.000000000000000        1.4331545567704036     
   71.000000000000000        1.4733780779002283     
   72.000000000000000        1.5149520751044909     
   73.000000000000000        1.5573065052971107     
   74.000000000000000        1.5995503230555885     
   75.000000000000000        1.6419312208975232     
   76.000000000000000        1.6853426216216789     
   77.000000000000000        1.7271116871970278     
   78.000000000000000        1.7690755009747952     
   79.000000000000000        1.8145915589830433     
   80.000000000000000        1.8601414793676005     
   81.000000000000000        1.9079615137609967     
   82.000000000000000        1.9549809272551448     
   83.000000000000000        1.9981160197228756     
   84.000000000000000        2.0450203588502172     
   85.000000000000000        2.0941375899933150     
   86.000000000000000        2.1422292980580990     
   87.000000000000000        2.1891163001837786     
   88.000000000000000        2.2409117973159045     
   89.000000000000000        2.2956049931514748     
   90.000000000000000        2.3448554839707647     
   91.000000000000000        2.3935764301589875     
   92.000000000000000        2.4445970854342702     
   93.000000000000000        2.4938422982966859     
   94.000000000000000        2.5476187301637676     
   95.000000000000000        2.6043364797178468     
   96.000000000000000        2.6564732807417406     
   97.000000000000000        2.7067307739852913     
   98.000000000000000        2.7569151611986595     
   99.000000000000000        2.8163743140219424     
   100.00000000000000        2.8746136497147323     
   101.00000000000000        2.9317829147482586     
   102.00000000000000        2.9920589875113612     
   103.00000000000000        3.0531476534197455     
   104.00000000000000        3.1143318271358527     
   105.00000000000000        3.1739273458659203     
   106.00000000000000        3.2313746644922809     
   107.00000000000000        3.2917412387504830     
   108.00000000000000        3.3525562152844377     
   109.00000000000000        3.4170354954879225     
   110.00000000000000        3.4803946590534598     
   111.00000000000000        3.5465350699943139     
   112.00000000000000        3.6146464495993778     
   113.00000000000000        3.6825931982664919     
   114.00000000000000        3.7499025882690415     
   115.00000000000000        3.8199354933906515     
   116.00000000000000        3.8919104558060207     
   117.00000000000000        3.9614053561767202     
   118.00000000000000        4.0262899538531824     
   119.00000000000000        4.0955364939397620     
   120.00000000000000        4.1667849598481030     
   121.00000000000000        4.2390277163727816     
   122.00000000000000        4.3036475285546221     
   123.00000000000000        4.3680226356302878     
   124.00000000000000        4.4378750032588536     
   125.00000000000000        4.5075199458899649     
   126.00000000000000        4.5750662902618835     
   127.00000000000000        4.6474601371084772     
   128.00000000000000        4.7185557290823681     
   129.00000000000000        4.7918028115579361     
   130.00000000000000        4.8630021988400234     
   131.00000000000000        4.9231688800572586     
   132.00000000000000        5.0005431191599321     
   133.00000000000000        5.0775442632519026     
   134.00000000000000        5.1610543499365100     
   135.00000000000000        5.2389148047560790     
   136.00000000000000        5.3134424750643490     
   137.00000000000000        5.3880186694362990     
   138.00000000000000        5.4646491133016379     
   139.00000000000000        5.5441932238439806     
   140.00000000000000        5.6243879088398465     
   141.00000000000000        5.7058200997217430     
   142.00000000000000        5.7886363400256382     
   143.00000000000000        5.8730523180038983     
   144.00000000000000        5.9627241166533942     
   145.00000000000000        6.0439077651927899     
   146.00000000000000        6.1224567229643077     
   147.00000000000000        6.2098103494824803     
   148.00000000000000        6.2985633466603339     
   149.00000000000000        6.3886776039136555     
   150.00000000000000        6.4771659033222875     
   151.00000000000000        6.5659128755888476     
   152.00000000000000        6.6568846257166472     
   153.00000000000000        6.7494020237833769     
   154.00000000000000        6.8497772454944297     
   155.00000000000000        6.9407889135077507     
   156.00000000000000        7.0312249648903622     
   157.00000000000000        7.1305048532128312     
   158.00000000000000        7.2237470472299794     
   159.00000000000000        7.3180803143182951     
   160.00000000000000        7.4165027570358557     
   161.00000000000000        7.5165860890561769     
   162.00000000000000        7.6138518861249942     
   163.00000000000000        7.7093579203102625     
   164.00000000000000        7.7931883061660780     
   165.00000000000000        7.8825861231433381     
   166.00000000000000        7.9797560792397277     
   167.00000000000000        8.0790493454903185     
   168.00000000000000        8.1829011135842791     
   169.00000000000000        8.2789387590646015     
   170.00000000000000        8.3782006640481743     
   171.00000000000000        8.4956439992794515     
   172.00000000000000        8.6158238322685996     
   173.00000000000000        8.7197100219943984     
   174.00000000000000        8.8249062058585128     
   175.00000000000000        8.9343806352760495     
   176.00000000000000        9.0402441528932229     
   177.00000000000000        9.1473864574305388     
   178.00000000000000        9.2501026766357732     
   179.00000000000000        9.3509328295400032     
   180.00000000000000        9.4618463896667251     
   181.00000000000000        9.5681316738884394     
   182.00000000000000        9.6680124598633803     
   183.00000000000000        9.7843686337310203     
   184.00000000000000        9.9001980829186031     
   185.00000000000000        10.015384378971282     
   186.00000000000000        10.118857817589500     
   187.00000000000000        10.226316567792358     
   188.00000000000000        10.333169742039336     
   189.00000000000000        10.442618789714276     
   190.00000000000000        10.537712153840172     
   191.00000000000000        10.625698590409336     
   192.00000000000000        10.724427397096123     
   193.00000000000000        10.822331855746908     
   194.00000000000000        10.930379016129439     
   195.00000000000000        11.049833633028047     
   196.00000000000000        11.159611926901057     
   197.00000000000000        11.264312939405038     
   198.00000000000000        11.364161653081993     
   199.00000000000000        11.476159394942476     
   200.00000000000000        11.590330106359417     
   201.00000000000000        11.690582575185363     
   202.00000000000000        11.788220471286708     
   203.00000000000000        11.896299358150650     
   204.00000000000000        11.999949680236101     
   205.00000000000000        12.104475927666220     
   206.00000000000000        12.209051685253314     
   207.00000000000000        12.317814261003630     
   208.00000000000000        12.432640040247888     
   209.00000000000000        12.543733366540184     
   210.00000000000000        12.659223927629986     
   211.00000000000000        12.776648452629974     
   212.00000000000000        12.901108423471015     
   213.00000000000000        13.022614205550296     
   214.00000000000000        13.145753294899050     
   215.00000000000000        13.257509755417301     
   216.00000000000000        13.380352734325012     
   217.00000000000000        13.501422291390389     
   218.00000000000000        13.632279693204376     
   219.00000000000000        13.754885276209814     
   220.00000000000000        13.876857132361899     
   221.00000000000000        13.994900291695441     
   222.00000000000000        14.119620490292832     
   223.00000000000000        14.242258440338331     
   224.00000000000000        14.366877702239618     
   225.00000000000000        14.503188323696907     
   226.00000000000000        14.637923928439871     
   227.00000000000000        14.754040208367929     
   228.00000000000000        14.884040541350021     
   229.00000000000000        15.030488174394042     
   230.00000000000000        15.176629768076397     
   231.00000000000000        15.310843634820545     
   232.00000000000000        15.436351909440139     
   233.00000000000000        15.559797936664649     
   234.00000000000000        15.697934385846985     
   235.00000000000000        15.837921990129555     
   236.00000000000000        15.983130402174748     
   237.00000000000000        16.114281322861657     
   238.00000000000000        16.244441173764542     
   239.00000000000000        16.389017950742314     
   240.00000000000000        16.536248626270904     
   241.00000000000000        16.652278979107962     
   242.00000000000000        16.771150970578201     
   243.00000000000000        16.908273962276823     
   244.00000000000000        17.056189892732394     
   245.00000000000000        17.191573543100127     
   246.00000000000000        17.324511199237772     
   247.00000000000000        17.492656338134946     
   248.00000000000000        17.642772313233415     
   249.00000000000000        17.789587916948360     
   250.00000000000000        17.943915644678547     
   251.00000000000000        18.116776534400337     
   252.00000000000000        18.296806636515608     
   253.00000000000000        18.467153958594501     
   254.00000000000000        18.618531396883153     
   255.00000000000000        18.782105956064989     
   256.00000000000000        18.946645957769778     
   257.00000000000000        19.097080593040367     
   258.00000000000000        19.245151627459538     
   259.00000000000000        19.390785038572858     
   260.00000000000000        19.548886623867443     
   261.00000000000000        19.719007703393867     
   262.00000000000000        19.880439602834947     
   263.00000000000000        20.035808950304201     
   264.00000000000000        20.186397181048008     
   265.00000000000000        20.325046558078604     
   266.00000000000000        20.481032110360328     
   267.00000000000000        20.643239538644519     
   268.00000000000000        20.797223992666868     
   269.00000000000000        20.925116750580877     
   270.00000000000000        21.070848546604644     
   271.00000000000000        21.227098291242577     
   272.00000000000000        21.378023556510342     
   273.00000000000000        21.542695031957159     
   274.00000000000000        21.683995575531608     
   275.00000000000000        21.830000554687949     
   276.00000000000000        21.981486325440954     
   277.00000000000000        22.124324182614821     
   278.00000000000000        22.289254281040368     
   279.00000000000000        22.424505821521208     
   280.00000000000000        22.578154381815608     
   281.00000000000000        22.747554777247533     
   282.00000000000000        22.887935079656462     
   283.00000000000000        23.029580569536822     
   284.00000000000000        23.205607298545331     
   285.00000000000000        23.370786917507850     
   286.00000000000000        23.511700512270178     
   287.00000000000000        23.661179454605094     
   288.00000000000000        23.829723759399272     
   289.00000000000000        23.989999050054305     
   290.00000000000000        24.161879201943020     
   291.00000000000000        24.331907001983378     
   292.00000000000000        24.482920995902376     
   293.00000000000000        24.621553493500560     
   294.00000000000000        24.762551116096155     
   295.00000000000000        24.913541656224218     
   296.00000000000000        25.069824559038093     
   297.00000000000000        25.216875367605272     
   298.00000000000000        25.380935283146950     
   299.00000000000000        25.573157239748905     
   300.00000000000000        25.737773019788932     
   301.00000000000000        25.877132948536872     
   302.00000000000000        26.040843845901577     
   303.00000000000000        26.229073804819208     
   304.00000000000000        26.409872182319837     
   305.00000000000000        26.599201587730555     
   306.00000000000000        26.822128785254357     
   307.00000000000000        26.987752580381926     
   308.00000000000000        27.128488856614201     
   309.00000000000000        27.300142209678111     
   310.00000000000000        27.462424827238273     
   311.00000000000000        27.627195707408717     
   312.00000000000000        27.785032689934095     
   313.00000000000000        27.951544255156957     
   314.00000000000000        28.138879584299399     
   315.00000000000000        28.341098196240779     
   316.00000000000000        28.532921483127307     
   317.00000000000000        28.707061300559971     
   318.00000000000000        28.899737127078968     
   319.00000000000000        29.078568328060417     
   320.00000000000000        29.240293281337660     
   321.00000000000000        29.402142739432321     
   322.00000000000000        29.578046858718405     
   323.00000000000000        29.752530862120292     
   324.00000000000000        29.941232497765064     
   325.00000000000000        30.127810559616297     
   326.00000000000000        30.326667578395362     
   327.00000000000000        30.518128062465923     
   328.00000000000000        30.711567581171117     
   329.00000000000000        30.922725178395339     
   330.00000000000000        31.152698467195339     
   331.00000000000000        31.370064564020588     
   332.00000000000000        31.585095690602394     
   333.00000000000000        31.776822336677679     
   334.00000000000000        31.956425865322196     
   335.00000000000000        32.129922212420261     
   336.00000000000000        32.314143476316353     
   337.00000000000000        32.516035369908948     
   338.00000000000000        32.729005023019944     
   339.00000000000000        32.927378195902882     
   340.00000000000000        33.137214743260280     
   341.00000000000000        33.335056664493713     
   342.00000000000000        33.556854032631477     
   343.00000000000000        33.754371495678548     
   344.00000000000000        33.937738677861248     
   345.00000000000000        34.130690666764131     
   346.00000000000000        34.321631714993678     
   347.00000000000000        34.521812872480865     
   348.00000000000000        34.699329968352288     
   349.00000000000000        34.923087423410514     
   350.00000000000000        35.129416636378195     
   351.00000000000000        35.324864780148488     
   352.00000000000000        35.499875784008445     
   353.00000000000000        35.703965635750457     
   354.00000000000000        35.908828584940693     
   355.00000000000000        36.091008817070794     
   356.00000000000000        36.270541593372592     
   357.00000000000000        36.472106013399873     
   358.00000000000000        36.672843057923885     
   359.00000000000000        36.865840774244397     
   360.00000000000000        37.062655092466315     
   361.00000000000000        37.265192476733269     
   362.00000000000000        37.442437980168819     
   363.00000000000000        37.630945804190475     
   364.00000000000000        37.843101958341919     
   365.00000000000000        38.076249342194551     
   366.00000000000000        38.261612522901835     
   367.00000000000000        38.504320434862080     
   368.00000000000000        38.729366438784133     
   369.00000000000000        38.905436568398819     
   370.00000000000000        39.087494661311723     
   371.00000000000000        39.259204817745541     
   372.00000000000000        39.463568789862649     
   373.00000000000000        39.655124155251137     
   374.00000000000000        39.868832595441518     
   375.00000000000000        40.099960073132308     
   376.00000000000000        40.312640223975116     
   377.00000000000000        40.503202524123104     
   378.00000000000000        40.707210955413395     
   379.00000000000000        40.898666713708643     
   380.00000000000000        41.080112903616985     
   381.00000000000000        41.284111812163054     
   382.00000000000000        41.512660263087696     
   383.00000000000000        41.711599371631777     
   384.00000000000000        41.934324798611620     
   385.00000000000000        42.188994062380182     
   386.00000000000000        42.388855672646010     
   387.00000000000000        42.593230287740298     
   388.00000000000000        42.831473341632112     
   389.00000000000000        43.050898814791147     
   390.00000000000000        43.254557917608359     
   391.00000000000000        43.453312059454866     
   392.00000000000000        43.651181175261883     
   393.00000000000000        43.827920757246645     
   394.00000000000000        44.002843955593825     
   395.00000000000000        44.186996125787715     
   396.00000000000000        44.385313329405733     
   397.00000000000000        44.570596309508744     
   398.00000000000000        44.761322881859314     
   399.00000000000000        44.983796497111037     
   400.00000000000000        45.186937076967446     
   401.00000000000000        45.421849243882178     
   402.00000000000000        45.674094245275619     
   403.00000000000000        45.937971827807360     
   404.00000000000000        46.178110676158838     
   405.00000000000000        46.388722379494496     
   406.00000000000000        46.590648838005734     
   407.00000000000000        46.834560848146232     
   408.00000000000000        47.039585505458106     
   409.00000000000000        47.221575269610184     
   410.00000000000000        47.453612958928495     
   411.00000000000000        47.687606480692487     
   412.00000000000000        47.909544480523344     
   413.00000000000000        48.128369552414021     
   414.00000000000000        48.371529283470935     
   415.00000000000000        48.606877370502772     
   416.00000000000000        48.794216088223003     
   417.00000000000000        48.975414622157672     
   418.00000000000000        49.229739660290221     
   419.00000000000000        49.480655103362949     
   420.00000000000000        49.737977007208016     
   421.00000000000000        49.921426593570210     
   422.00000000000000        50.166575917590251     
   423.00000000000000        50.397665920473393     
   424.00000000000000        50.598887333446811     
   425.00000000000000        50.847822271202872     
   426.00000000000000        51.092948010742141     
   427.00000000000000        51.342973934124380     
   428.00000000000000        51.604817491657492     
   429.00000000000000        51.857718274452814     
   430.00000000000000        52.102692630343149     
   431.00000000000000        52.339198597014502     
   432.00000000000000        52.581150442500387     
   433.00000000000000        52.812676448443263     
   434.00000000000000        53.039326481060122     
   435.00000000000000        53.298700930958375     
   436.00000000000000        53.532076442479763     
   437.00000000000000        53.744083765667071     
   438.00000000000000        54.003631645762638     
   439.00000000000000        54.235077569204115     
   440.00000000000000        54.458337473552426     
   441.00000000000000        54.716978450206398     
   442.00000000000000        54.970453839386188     
   443.00000000000000        55.181701129304550     
   444.00000000000000        55.420945505582303     
   445.00000000000000        55.685713789060365     
   446.00000000000000        55.955356834028343     
   447.00000000000000        56.203124846091811     
   448.00000000000000        56.442562942495542     
   449.00000000000000        56.664550133565498     
   450.00000000000000        56.884553103814326     
   451.00000000000000        57.089760100489130     
   452.00000000000000        57.318598589273705     
   453.00000000000000        57.593559179866688     
   454.00000000000000        57.819577246335321     
   455.00000000000000        58.072619844116666     
   456.00000000000000        58.306211924865515     
   457.00000000000000        58.566841507826261     
   458.00000000000000        58.833315589807022     
   459.00000000000000        59.095252024183125     
   460.00000000000000        59.376379848215002     
   461.00000000000000        59.621105909787872     
   462.00000000000000        59.871028481684618     
   463.00000000000000        60.192997208958815     
   464.00000000000000        60.501870025513661     
   465.00000000000000        60.806575450864223     
   466.00000000000000        61.089415893504288     
   467.00000000000000        61.389336066466356     
   468.00000000000000        61.632249125497317     
   469.00000000000000        61.893412648684659     
   470.00000000000000        62.162482896445766     
   471.00000000000000        62.383405883416870     
   472.00000000000000        62.597118874360028     
   473.00000000000000        62.847837329929483     
   474.00000000000000        63.109870275676414     
   475.00000000000000        63.376284733188399     
   476.00000000000000        63.634176360811203     
   477.00000000000000        63.930636996331316     
   478.00000000000000        64.218633374208920     
   479.00000000000000        64.558976078111030     
   480.00000000000000        64.902131278907618     
   481.00000000000000        65.187748051124188     
   482.00000000000000        65.515001233665615     
   483.00000000000000        65.806851503354650     
   484.00000000000000        66.125336375383966     
   485.00000000000000        66.421305515508422     
   486.00000000000000        66.665566151273026     
   487.00000000000000        66.934992802288932     
   488.00000000000000        67.229834754341198     
   489.00000000000000        67.491734091872317     
   490.00000000000000        67.780032194582944     
   491.00000000000000        68.048626180176285     
   492.00000000000000        68.283972305972398     
   493.00000000000000        68.523987157484498     
   494.00000000000000        68.849729494349688     
   495.00000000000000        69.132904823150113     
   496.00000000000000        69.388539416230799     
   497.00000000000000        69.732901641367192     
   498.00000000000000        70.072746260700583     
   499.00000000000000        70.333657604811776     
   500.00000000000000        70.554154592975436     
   501.00000000000000        70.850472505312808     
