   1.0000000000000000        3.1696460542320636E-002
   1.0000000000000000        3.1696460542320636E-002
   2.0000000000000000        2.3765407535964747E-002
   3.0000000000000000        2.9424158916928917E-002
   4.0000000000000000        2.8158403782808785E-002
   5.0000000000000000        3.1249781666567777E-002
   6.0000000000000000        2.6019741284120955E-002
   7.0000000000000000        3.4257585564269409E-002
   8.0000000000000000        3.0036640893256042E-002
   9.0000000000000000        3.3290300528870442E-002
   10.000000000000000        3.1842790553509949E-002
   11.000000000000000        3.7324848491401427E-002
   12.000000000000000        3.3710430199000774E-002
   13.000000000000000        3.6816603434394163E-002
   14.000000000000000        4.1060724769606025E-002
   15.000000000000000        3.8915065776591894E-002
   16.000000000000000        4.2967780892424985E-002
   17.000000000000000        4.2504111389611347E-002
   18.000000000000000        4.9202731887264615E-002
   19.000000000000000        4.7684941320242417E-002
   20.000000000000000        4.9251473048105940E-002
   21.000000000000000        5.5269189868648490E-002
   22.000000000000000        5.4430116560376454E-002
   23.000000000000000        5.8283671303602576E-002
   24.000000000000000        5.9611992880364499E-002
   25.000000000000000        6.1771828185952567E-002
   26.000000000000000        6.6882169919217790E-002
   27.000000000000000        6.6403855724079003E-002
   28.000000000000000        6.7998928850343199E-002
   29.000000000000000        7.3881493953925514E-002
   30.000000000000000        7.5600820943833497E-002
   31.000000000000000        8.0168646663809365E-002
   32.000000000000000        8.3664851587537128E-002
   33.000000000000000        8.5573095114123074E-002
   34.000000000000000        8.9783282443498716E-002
   35.000000000000000        9.4902444497439259E-002
   36.000000000000000        9.6742330035236121E-002
   37.000000000000000       0.10102961703741903     
   38.000000000000000       0.10508326706506853     
   39.000000000000000       0.10776056414413399     
   40.000000000000000       0.11174512979389764     
   41.000000000000000       0.11730577747008797     
   42.000000000000000       0.12206352221537126     
   43.000000000000000       0.12702095220602938     
   44.000000000000000       0.13240268497214081     
   45.000000000000000       0.13574072393025485     
   46.000000000000000       0.13959284470679859     
   47.000000000000000       0.14705782387422209     
   48.000000000000000       0.14988746680621537     
   49.000000000000000       0.15585535685343391     
   50.000000000000000       0.16096364016598186     
   51.000000000000000       0.16708115254641065     
   52.000000000000000       0.17320096393788714     
   53.000000000000000       0.17490830259794948     
   54.000000000000000       0.18266465176000246     
   55.000000000000000       0.18885141145085932     
   56.000000000000000       0.19457780116066625     
   57.000000000000000       0.20021127577814055     
   58.000000000000000       0.20713183017636902     
   59.000000000000000       0.21494520930783070     
   60.000000000000000       0.21741339065362192     
   61.000000000000000       0.22554174307410588     
   62.000000000000000       0.23303856255286637     
   63.000000000000000       0.24036421319786416     
   64.000000000000000       0.24645764938907394     
   65.000000000000000       0.25420983515981893     
   66.000000000000000       0.26131791562812734     
   67.000000000000000       0.26945888424501707     
   68.000000000000000       0.27635037847560989     
   69.000000000000000       0.28202712235622018     
   70.000000000000000       0.29074994654789216     
   71.000000000000000       0.30086275757442954     
   72.000000000000000       0.30924269130496657     
   73.000000000000000       0.31303265878576264     
   74.000000000000000       0.32147123109801046     
   75.000000000000000       0.33033186167694611     
   76.000000000000000       0.34221111041828850     
   77.000000000000000       0.35102523272686442     
   78.000000000000000       0.36044893774350550     
   79.000000000000000       0.36811530053269648     
   80.000000000000000       0.37476484641974606     
   81.000000000000000       0.38750520222969848     
   82.000000000000000       0.39913786474312962     
   83.000000000000000       0.40426384781690217     
   84.000000000000000       0.41497896730336598     
   85.000000000000000       0.42507254066031802     
   86.000000000000000       0.43797749734181440     
   87.000000000000000       0.44061550645534359     
   88.000000000000000       0.45372196054209113     
   89.000000000000000       0.47141112175934063     
   90.000000000000000       0.46966531156509900     
   91.000000000000000       0.48715158914795353     
   92.000000000000000       0.50369704650424185     
   93.000000000000000       0.50640989201366382     
   94.000000000000000       0.51319723847308218     
   95.000000000000000       0.53192431469509216     
   96.000000000000000       0.54230768606849800     
   97.000000000000000       0.55006347577676595     
   98.000000000000000       0.56489979176519800     
   99.000000000000000       0.57856454692710679     
   100.00000000000000       0.58746456076733955     
   101.00000000000000       0.60548635736628953     
   102.00000000000000       0.60872700248646561     
   103.00000000000000       0.62106285123727079     
   104.00000000000000       0.64804077198457866     
   105.00000000000000       0.64879221823546052     
   106.00000000000000       0.66265757846887463     
   107.00000000000000       0.68004954598328815     
   108.00000000000000       0.69191417679978573     
   109.00000000000000       0.70127210820742947     
   110.00000000000000       0.71895693884417600     
   111.00000000000000       0.72755542897452818     
   112.00000000000000       0.73992344440385782     
   113.00000000000000       0.76837790644078385     
   114.00000000000000       0.77272259509605778     
   115.00000000000000       0.78664101998104263     
   116.00000000000000       0.80663597474580573     
   117.00000000000000       0.81655549268426675     
   118.00000000000000       0.82917242640977351     
   119.00000000000000       0.84895412674510506     
   120.00000000000000       0.86839268587869956     
   121.00000000000000       0.87592569649430341     
   122.00000000000000       0.89459967065159629     
   123.00000000000000       0.90661919864673113     
   124.00000000000000       0.92664516015633291     
   125.00000000000000       0.94787654928316756     
   126.00000000000000       0.95728591621056347     
   127.00000000000000       0.97917446442049993     
   128.00000000000000       0.98334829810357771     
   129.00000000000000        1.0006609751387456     
   130.00000000000000        1.0391277830241739     
   131.00000000000000        1.0365281082726203     
   132.00000000000000        1.0567322839296596     
   133.00000000000000        1.0817801203259063     
   134.00000000000000        1.0948152290861257     
   135.00000000000000        1.1147309475262221     
   136.00000000000000        1.1240071246102794     
   137.00000000000000        1.1484092293477999     
   138.00000000000000        1.1689807041670162     
   139.00000000000000        1.1838224822141872     
   140.00000000000000        1.1968372948784780     
   141.00000000000000        1.2258443952891063     
   142.00000000000000        1.2473571016800151     
   143.00000000000000        1.2616357085636993     
   144.00000000000000        1.2851246071878979     
   145.00000000000000        1.2980782178964614     
   146.00000000000000        1.3259716692273242     
   147.00000000000000        1.3454971630069885     
   148.00000000000000        1.3580336331552572     
   149.00000000000000        1.3834658134253217     
   150.00000000000000        1.4044461138753674     
   151.00000000000000        1.4228611578115948     
   152.00000000000000        1.4459424595930659     
   153.00000000000000        1.4699114981180383     
   154.00000000000000        1.4870086593580594     
   155.00000000000000        1.5121912189897055     
   156.00000000000000        1.5348773448396771     
   157.00000000000000        1.5396868707153728     
   158.00000000000000        1.5912617095791119     
   159.00000000000000        1.5813662443343017     
   160.00000000000000        1.6328771580851369     
   161.00000000000000        1.6326125185544873     
   162.00000000000000        1.6640344536026197     
   163.00000000000000        1.6823508289537754     
   164.00000000000000        1.7197037096969743     
   165.00000000000000        1.7211258199236872     
   166.00000000000000        1.7600068876232817     
   167.00000000000000        1.7838151642592688     
   168.00000000000000        1.8137364619642780     
   169.00000000000000        1.8332929280792583     
   170.00000000000000        1.8637304282695957     
   171.00000000000000        1.8684900867358223     
   172.00000000000000        1.9128105157074116     
   173.00000000000000        1.9164462024697202     
   174.00000000000000        1.9653536581024031     
   175.00000000000000        1.9705757558745816     
   176.00000000000000        2.0182870624213947     
   177.00000000000000        2.0180654538931981     
   178.00000000000000        2.0691383430935142     
   179.00000000000000        2.0673890737645291     
   180.00000000000000        2.1302244863884519     
   181.00000000000000        2.1074309491078824     
   182.00000000000000        2.1874448690305788     
   183.00000000000000        2.1670299909508430     
   184.00000000000000        2.2426424553366235     
   185.00000000000000        2.2372315625864583     
   186.00000000000000        2.2937998404047790     
   187.00000000000000        2.3086795660302943     
   188.00000000000000        2.3278509118421922     
   189.00000000000000        2.3607252513930028     
   190.00000000000000        2.3883148636148799     
   191.00000000000000        2.4252417322527040     
   192.00000000000000        2.4434231666204433     
   193.00000000000000        2.4814130915243253     
   194.00000000000000        2.5065112080050871     
   195.00000000000000        2.5425331377252323     
   196.00000000000000        2.5646005052889280     
   197.00000000000000        2.5829807603293329     
   198.00000000000000        2.6594295547548206     
   199.00000000000000        2.6474024855612726     
   200.00000000000000        2.7007783988990743     
   201.00000000000000        2.7295806284018260     
   202.00000000000000        2.7575148387197470     
   203.00000000000000        2.7808227817025037     
   204.00000000000000        2.8096970164344577     
   205.00000000000000        2.8487158940150703     
   206.00000000000000        2.8940401924692361     
   207.00000000000000        2.9129877066409349     
   208.00000000000000        2.9695355384973690     
   209.00000000000000        2.9800431885105749     
   210.00000000000000        3.0120378764425499     
   211.00000000000000        3.0705339567382657     
   212.00000000000000        3.0936298946601966     
   213.00000000000000        3.1359645318591105     
   214.00000000000000        3.1872358184660818     
   215.00000000000000        3.2076992157955075     
   216.00000000000000        3.2834516645428642     
   217.00000000000000        3.2763234209270200     
   218.00000000000000        3.3581653147047104     
   219.00000000000000        3.3827866629081860     
   220.00000000000000        3.3913980263426691     
   221.00000000000000        3.4465506453781005     
   222.00000000000000        3.4795189034930489     
   223.00000000000000        3.5475836542190566     
   224.00000000000000        3.5957420757603327     
   225.00000000000000        3.6469657037020506     
   226.00000000000000        3.7174139473733683     
   227.00000000000000        3.7573271949679694     
   228.00000000000000        3.8347153553161961     
   229.00000000000000        3.8521376038068920     
   230.00000000000000        3.9399977068299274     
   231.00000000000000        3.9998409854417285     
   232.00000000000000        4.0615615901838886     
   233.00000000000000        4.1311007441012970     
   234.00000000000000        4.1866938787584003     
   235.00000000000000        4.2872194016643848     
   236.00000000000000        4.3668403432021083     
   237.00000000000000        4.4354830410451989     
   238.00000000000000        4.5538428241077362     
   239.00000000000000        4.6377297826829089     
   240.00000000000000        4.7305697242995173     
   241.00000000000000        4.8984551335623179     
   242.00000000000000        4.9524920835655122     
   243.00000000000000        5.1032011117455935     
   244.00000000000000        5.2840147302068976     
   245.00000000000000        5.3865026461113823     
   246.00000000000000        5.5714956116003975     
   247.00000000000000        5.7986241130754896     
   248.00000000000000        6.0011502159252279     
   249.00000000000000        6.1802433814555435     
   250.00000000000000        6.4758661916592244     
   251.00000000000000        6.7657359480412875     
   252.00000000000000        7.0590776983109143     
   253.00000000000000        7.4258114915563072     
   254.00000000000000        7.8995387020899788     
   255.00000000000000        8.4031921442034427     
   256.00000000000000        8.9818726418942987     
   257.00000000000000        9.7328284747244229     
   258.00000000000000        10.720686785215097     
   259.00000000000000        12.118902123511816     
   260.00000000000000        14.428470241842325     
   261.00000000000000        19.651708809790478     
   262.00000000000000        33.274876048619731     
   263.00000000000000        56.252595582975928     
   264.00000000000000        81.440432496583924     
   265.00000000000000        108.80949462713195     
   266.00000000000000        136.69083533260533     
   267.00000000000000        167.10815046397994     
   268.00000000000000        198.80144406363803     
   269.00000000000000        232.31237550467014     
   270.00000000000000        269.22384275064479     
   271.00000000000000        309.32912107121490     
   272.00000000000000        352.01276231469558     
   273.00000000000000        395.70964570117138     
   274.00000000000000        444.15896191690405     
   275.00000000000000        492.74237761125363     
   276.00000000000000        541.65273381418683     
   277.00000000000000        596.01526422542111     
   278.00000000000000        654.39131749355738     
   279.00000000000000        720.74186518059867     
   280.00000000000000        786.28154060425140     
   281.00000000000000        856.27832075619995     
   282.00000000000000        932.71421412813800     
   283.00000000000000        1014.4855349112011     
   284.00000000000000        1094.7318117774028     
   285.00000000000000        1176.4714041244263     
   286.00000000000000        1262.4632180331616     
   287.00000000000000        1355.7550598592359     
   288.00000000000000        1452.9129326200234     
   289.00000000000000        1548.0952697852506     
   290.00000000000000        1641.3724316871071     
   291.00000000000000        1743.8937391152704     
   292.00000000000000        1845.7209162948241     
   293.00000000000000        1953.9596614243569     
   294.00000000000000        2063.9470848522624     
   295.00000000000000        2173.6770941905506     
   296.00000000000000        2282.1205250983021     
   297.00000000000000        2402.3012435866581     
   298.00000000000000        2517.1029205755599     
   299.00000000000000        2609.9511718930821     
   300.00000000000000        2716.5462525521825     
   301.00000000000000        2840.2010613328348     
   302.00000000000000        2963.8188493072512     
   303.00000000000000        3078.0069916973348     
   304.00000000000000        3180.8041169331991     
   305.00000000000000        3305.4392971423795     
   306.00000000000000        3425.4260121094112     
   307.00000000000000        3553.1351764761212     
   308.00000000000000        3676.9691311266215     
   309.00000000000000        3793.6363303771818     
   310.00000000000000        3918.4076566500357     
   311.00000000000000        4036.4154204001029     
   312.00000000000000        4167.8178553972739     
   313.00000000000000        4302.5538735779082     
   314.00000000000000        4437.5346014003235     
   315.00000000000000        4555.6844856921944     
   316.00000000000000        4677.1131262841545     
   317.00000000000000        4817.1160339644866     
   318.00000000000000        4959.7168823293887     
   319.00000000000000        5119.7276144080051     
   320.00000000000000        5310.7624392955277     
   321.00000000000000        5489.9920395601366     
   322.00000000000000        5676.1229205465279     
   323.00000000000000        5867.6003228619402     
   324.00000000000000        6055.0572719725515     
   325.00000000000000        6256.3343168040055     
   326.00000000000000        6461.6193616319879     
   327.00000000000000        6663.2875039628834     
   328.00000000000000        6896.8120521694909     
   329.00000000000000        7113.8928846062963     
