   1.0000000000000000        3.2753838627414315E-002
   1.0000000000000000        3.2753838627414315E-002
   2.0000000000000000        2.4905195244300848E-002
   3.0000000000000000        3.0555760528662382E-002
   4.0000000000000000        2.9307997975064691E-002
   5.0000000000000000        3.2383581633527954E-002
   6.0000000000000000        2.7232806238120483E-002
   7.0000000000000000        3.5403711790426118E-002
   8.0000000000000000        3.1244662565342557E-002
   9.0000000000000000        3.4530233059045741E-002
   10.000000000000000        3.2943015300877655E-002
   11.000000000000000        3.8608370335097342E-002
   12.000000000000000        3.5035765505831540E-002
   13.000000000000000        3.8162781150598041E-002
   14.000000000000000        4.2453595311101877E-002
   15.000000000000000        4.0365000961188273E-002
   16.000000000000000        4.4357577775098266E-002
   17.000000000000000        4.3948838868772162E-002
   18.000000000000000        5.0619613966600786E-002
   19.000000000000000        4.9174672087639329E-002
   20.000000000000000        5.0648228518825035E-002
   21.000000000000000        5.6651813296799636E-002
   22.000000000000000        5.5877276169383684E-002
   23.000000000000000        5.9947047704189425E-002
   24.000000000000000        6.1258004975610451E-002
   25.000000000000000        6.3197879532881349E-002
   26.000000000000000        6.8484036046700281E-002
   27.000000000000000        6.8052243898985454E-002
   28.000000000000000        6.9576072712586798E-002
   29.000000000000000        7.5766248694524529E-002
   30.000000000000000        7.7443309035839028E-002
   31.000000000000000        8.2077363852569057E-002
   32.000000000000000        8.5487023232456882E-002
   33.000000000000000        8.7530685462130997E-002
   34.000000000000000        9.1945311898189622E-002
   35.000000000000000        9.6678996762347438E-002
   36.000000000000000        9.8415792942356584E-002
   37.000000000000000       0.10303709606888890     
   38.000000000000000       0.10731953739647725     
   39.000000000000000       0.10987890094033582     
   40.000000000000000       0.11367884132617433     
   41.000000000000000       0.11930365804477384     
   42.000000000000000       0.12403294007854675     
   43.000000000000000       0.12938237684325576     
   44.000000000000000       0.13473361823844776     
   45.000000000000000       0.13795892740385704     
   46.000000000000000       0.14189132359871781     
   47.000000000000000       0.14931184805354036     
   48.000000000000000       0.15243532166252180     
   49.000000000000000       0.15819886998109906     
   50.000000000000000       0.16345785395110565     
   51.000000000000000       0.16943788216527672     
   52.000000000000000       0.17527360137260858     
   53.000000000000000       0.17725819246571942     
   54.000000000000000       0.18496790336218755     
   55.000000000000000       0.19185290183304363     
   56.000000000000000       0.19698507324248668     
   57.000000000000000       0.20270512971516566     
   58.000000000000000       0.21023495249986790     
   59.000000000000000       0.21774324593098759     
   60.000000000000000       0.22037802233002993     
   61.000000000000000       0.22810631454837937     
   62.000000000000000       0.23530937604387858     
   63.000000000000000       0.24345828730143509     
   64.000000000000000       0.24877717580020783     
   65.000000000000000       0.25752661371217528     
   66.000000000000000       0.26433532446273317     
   67.000000000000000       0.27199322790277780     
   68.000000000000000       0.27978001342528502     
   69.000000000000000       0.28479794074971193     
   70.000000000000000       0.29419880437674034     
   71.000000000000000       0.30421166922716786     
   72.000000000000000       0.31272430970179066     
   73.000000000000000       0.31577494471091488     
   74.000000000000000       0.32518246204090845     
   75.000000000000000       0.33386812121843557     
   76.000000000000000       0.34528459185949534     
   77.000000000000000       0.35430833089507879     
   78.000000000000000       0.36330840726871122     
   79.000000000000000       0.37153344425961404     
   80.000000000000000       0.37778203771992441     
   81.000000000000000       0.39111954693513490     
   82.000000000000000       0.40274983853530955     
   83.000000000000000       0.40727984796385086     
   84.000000000000000       0.41811376579457121     
   85.000000000000000       0.42837187716488140     
   86.000000000000000       0.44151268584758463     
   87.000000000000000       0.44432898494899092     
   88.000000000000000       0.45787363716960483     
   89.000000000000000       0.47538175278304518     
   90.000000000000000       0.47379412053496051     
   91.000000000000000       0.49029268157885719     
   92.000000000000000       0.50759269603979607     
   93.000000000000000       0.51041620410208433     
   94.000000000000000       0.51685044245967460     
   95.000000000000000       0.53677431112520679     
   96.000000000000000       0.54657814577867603     
   97.000000000000000       0.55384956634337568     
   98.000000000000000       0.56844344095668398     
   99.000000000000000       0.58339356713504920     
   100.00000000000000       0.59180365529693646     
   101.00000000000000       0.60923851046745470     
   102.00000000000000       0.61389339941901666     
   103.00000000000000       0.62579620893387033     
   104.00000000000000       0.65199330565207714     
   105.00000000000000       0.65425725961892767     
   106.00000000000000       0.66643152849667797     
   107.00000000000000       0.68521566719801452     
   108.00000000000000       0.69614227547650853     
   109.00000000000000       0.70642672561583475     
   110.00000000000000       0.72473807128749446     
   111.00000000000000       0.73232306227607835     
   112.00000000000000       0.74512428777397610     
   113.00000000000000       0.77382843853054017     
   114.00000000000000       0.77928826739893364     
   115.00000000000000       0.79283179329680475     
   116.00000000000000       0.81203536737789994     
   117.00000000000000       0.82234130682361739     
   118.00000000000000       0.83456746481530053     
   119.00000000000000       0.85360228955331163     
   120.00000000000000       0.87553313398790455     
   121.00000000000000       0.88181849102766718     
   122.00000000000000       0.90124124862285748     
   123.00000000000000       0.91145263759657902     
   124.00000000000000       0.93282484894436546     
   125.00000000000000       0.95375748813396921     
   126.00000000000000       0.96230149431647927     
   127.00000000000000       0.98561338045286206     
   128.00000000000000       0.98982418809274997     
   129.00000000000000        1.0063658893487364     
   130.00000000000000        1.0447671348308045     
   131.00000000000000        1.0424728072865224     
   132.00000000000000        1.0636974275551663     
   133.00000000000000        1.0893551096043561     
   134.00000000000000        1.1009060860452990     
   135.00000000000000        1.1219283304868033     
   136.00000000000000        1.1309828354018634     
   137.00000000000000        1.1547833781501986     
   138.00000000000000        1.1760308298423876     
   139.00000000000000        1.1905401744112276     
   140.00000000000000        1.2021260395337301     
   141.00000000000000        1.2340908372307424     
   142.00000000000000        1.2535294276782749     
   143.00000000000000        1.2701650521805461     
   144.00000000000000        1.2913141476638761     
   145.00000000000000        1.3069074667284588     
   146.00000000000000        1.3312676581682152     
   147.00000000000000        1.3555720118185000     
   148.00000000000000        1.3647256370505645     
   149.00000000000000        1.3887277941573923     
   150.00000000000000        1.4127931192714576     
   151.00000000000000        1.4296731064084720     
   152.00000000000000        1.4536160986035340     
   153.00000000000000        1.4792926485145299     
   154.00000000000000        1.4952411572531239     
   155.00000000000000        1.5202406762615068     
   156.00000000000000        1.5423254869772227     
   157.00000000000000        1.5488221972220593     
   158.00000000000000        1.6001359555572472     
   159.00000000000000        1.5880318668850035     
   160.00000000000000        1.6388268328488886     
   161.00000000000000        1.6419058247834226     
   162.00000000000000        1.6731753454588629     
   163.00000000000000        1.6895642179516306     
   164.00000000000000        1.7263006716372424     
   165.00000000000000        1.7298042569193439     
   166.00000000000000        1.7676525401047192     
   167.00000000000000        1.7926527224353439     
   168.00000000000000        1.8216274310909659     
   169.00000000000000        1.8388182164759048     
   170.00000000000000        1.8718272861371672     
   171.00000000000000        1.8799588053819130     
   172.00000000000000        1.9217990578670578     
   173.00000000000000        1.9258845413801062     
   174.00000000000000        1.9754332984904710     
   175.00000000000000        1.9799561460527708     
   176.00000000000000        2.0262403083329739     
   177.00000000000000        2.0270538846631601     
   178.00000000000000        2.0790832441433618     
   179.00000000000000        2.0758980188077358     
   180.00000000000000        2.1388189100950994     
   181.00000000000000        2.1177743619353242     
   182.00000000000000        2.1961694060023551     
   183.00000000000000        2.1774048738056084     
   184.00000000000000        2.2506208078567123     
   185.00000000000000        2.2465582372709409     
   186.00000000000000        2.3039485904204389     
   187.00000000000000        2.3182688702586050     
   188.00000000000000        2.3353912574590208     
   189.00000000000000        2.3710206796082125     
   190.00000000000000        2.3982444645575751     
   191.00000000000000        2.4354691696904451     
   192.00000000000000        2.4522842612564548     
   193.00000000000000        2.4886762149685300     
   194.00000000000000        2.5168441955213554     
   195.00000000000000        2.5521954986338171     
   196.00000000000000        2.5725574178628401     
   197.00000000000000        2.5963167882609559     
   198.00000000000000        2.6691053678587355     
   199.00000000000000        2.6578107639634792     
   200.00000000000000        2.7102600831464692     
   201.00000000000000        2.7393199527375907     
   202.00000000000000        2.7666688913492070     
   203.00000000000000        2.7907186290392128     
   204.00000000000000        2.8189657417267111     
   205.00000000000000        2.8590279897089235     
   206.00000000000000        2.9087515603063698     
   207.00000000000000        2.9210515639462620     
   208.00000000000000        2.9776819625984916     
   209.00000000000000        2.9896633434594744     
   210.00000000000000        3.0166667066554536     
   211.00000000000000        3.0769785774327523     
   212.00000000000000        3.1008421236692412     
   213.00000000000000        3.1444562622470373     
   214.00000000000000        3.1947836020621314     
   215.00000000000000        3.2126721967105274     
   216.00000000000000        3.2883371159034498     
   217.00000000000000        3.2838766475362924     
   218.00000000000000        3.3644583172843046     
   219.00000000000000        3.3829387023035080     
   220.00000000000000        3.3963189152638233     
   221.00000000000000        3.4517969009882141     
   222.00000000000000        3.4798104118160342     
   223.00000000000000        3.5478830246652731     
   224.00000000000000        3.5979912730981503     
   225.00000000000000        3.6440439613939883     
   226.00000000000000        3.7139749608340313     
   227.00000000000000        3.7538245451609424     
   228.00000000000000        3.8340244803321801     
   229.00000000000000        3.8413260900702686     
   230.00000000000000        3.9391369823518572     
   231.00000000000000        3.9975502427271858     
   232.00000000000000        4.0538345394814801     
   233.00000000000000        4.1232367017040561     
   234.00000000000000        4.1848031936383796     
   235.00000000000000        4.2919523989071990     
   236.00000000000000        4.3636055063152872     
   237.00000000000000        4.4326971343474222     
   238.00000000000000        4.5481305763989894     
   239.00000000000000        4.6421634455575944     
   240.00000000000000        4.7385990792699770     
   241.00000000000000        4.9080664584810911     
   242.00000000000000        4.9704188718288824     
   243.00000000000000        5.1245182334370725     
   244.00000000000000        5.3201371939998356     
   245.00000000000000        5.4379772211447932     
   246.00000000000000        5.6315760409752942     
   247.00000000000000        5.8794765680953507     
   248.00000000000000        6.0965859363648409     
   249.00000000000000        6.3127244218512075     
   250.00000000000000        6.6460892672734690     
   251.00000000000000        6.9857716780025916     
   252.00000000000000        7.3371712637568907     
   253.00000000000000        7.7669259277916796     
   254.00000000000000        8.3138062744395054     
   255.00000000000000        8.8955922980076192     
   256.00000000000000        9.5646976218421447     
   257.00000000000000        10.442813936343683     
   258.00000000000000        11.586436796896527     
   259.00000000000000        13.172865894283493     
   260.00000000000000        15.775813740678334     
   261.00000000000000        21.541097577272634     
   262.00000000000000        36.362692415936081     
   263.00000000000000        60.897406026397434     
   264.00000000000000        86.826175552634737     
   265.00000000000000        113.66867813314811     
   266.00000000000000        140.27189349202351     
   267.00000000000000        168.38736097349511     
   268.00000000000000        196.81832230493453     
   269.00000000000000        226.15470801041536     
   270.00000000000000        258.79967493646103     
   271.00000000000000        293.31869373947529     
   272.00000000000000        330.41988482868095     
   273.00000000000000        366.96603434487361     
   274.00000000000000        407.49663176221350     
   275.00000000000000        447.14011188889111     
   276.00000000000000        487.80139594689240     
   277.00000000000000        533.47541303439982     
   278.00000000000000        581.03033568543117     
   279.00000000000000        635.36236184067116     
   280.00000000000000        689.20587433128003     
   281.00000000000000        746.16749245210883     
   282.00000000000000        811.51089574612672     
   283.00000000000000        877.90199408200635     
   284.00000000000000        943.07620983900460     
   285.00000000000000        1007.1986199736709     
   286.00000000000000        1074.8186804596012     
   287.00000000000000        1148.8877458164657     
   288.00000000000000        1228.8356290093848     
   289.00000000000000        1304.1665249922019     
   290.00000000000000        1379.5062563213680     
   291.00000000000000        1460.9343039376379     
   292.00000000000000        1543.9048687517377     
   293.00000000000000        1629.5593197771043     
   294.00000000000000        1717.0050213544559     
   295.00000000000000        1806.4680893672764     
   296.00000000000000        1891.7908403874310     
   297.00000000000000        1987.0020852751982     
   298.00000000000000        2078.3634875243324     
   299.00000000000000        2150.8381452820304     
   300.00000000000000        2237.7877177232754     
   301.00000000000000        2341.3497946182579     
   302.00000000000000        2440.9290574364945     
   303.00000000000000        2533.2705504324013     
   304.00000000000000        2613.7678416530803     
   305.00000000000000        2713.1698371461885     
   306.00000000000000        2810.0620706410095     
   307.00000000000000        2911.0481079971873     
   308.00000000000000        3003.6751412487451     
   309.00000000000000        3090.6235855607210     
   310.00000000000000        3188.8624364122338     
   311.00000000000000        3274.6420566331658     
   312.00000000000000        3366.3503744961413     
   313.00000000000000        3475.8392397190219     
   314.00000000000000        3580.1374461015262     
   315.00000000000000        3678.9174768976955     
   316.00000000000000        3762.9964587703612     
   317.00000000000000        3859.1407775572961     
   318.00000000000000        3962.3828722378689     
   319.00000000000000        4087.8894288460619     
   320.00000000000000        4227.7169680963425     
   321.00000000000000        4367.1863819789733     
   322.00000000000000        4510.1461938206421     
   323.00000000000000        4647.6163710210267     
   324.00000000000000        4784.0955938688403     
   325.00000000000000        4923.4211969633943     
   326.00000000000000        5073.4434689690588     
   327.00000000000000        5221.2911210880984     
   328.00000000000000        5393.5621744694254     
   329.00000000000000        5559.7427628169380     
