   1.0000000000000000        3.4103836518585520E-002
   1.0000000000000000        3.4103836518585520E-002
   2.0000000000000000        2.6321678714449570E-002
   3.0000000000000000        3.2112954459039965E-002
   4.0000000000000000        3.0755604834412854E-002
   5.0000000000000000        3.4006391243021253E-002
   6.0000000000000000        2.8655219228039368E-002
   7.0000000000000000        3.6937397328438988E-002
   8.0000000000000000        3.2758112686631209E-002
   9.0000000000000000        3.6209244905314304E-002
   10.000000000000000        3.4544437019160178E-002
   11.000000000000000        4.0264672330035292E-002
   12.000000000000000        3.6663345068982493E-002
   13.000000000000000        3.9825446248383911E-002
   14.000000000000000        4.4233038563986485E-002
   15.000000000000000        4.2030679294515420E-002
   16.000000000000000        4.6029834933058567E-002
   17.000000000000000        4.5666698179481116E-002
   18.000000000000000        5.2425723133441050E-002
   19.000000000000000        5.0865474756832160E-002
   20.000000000000000        5.2383632223915129E-002
   21.000000000000000        5.8427956131791831E-002
   22.000000000000000        5.7746498701808861E-002
   23.000000000000000        6.1757105686216132E-002
   24.000000000000000        6.2852931535988837E-002
   25.000000000000000        6.4973261724840164E-002
   26.000000000000000        7.0271267310770796E-002
   27.000000000000000        6.9777865752597562E-002
   28.000000000000000        7.1504647697081897E-002
   29.000000000000000        7.7661456522809522E-002
   30.000000000000000        7.9189719961904159E-002
   31.000000000000000        8.3936927767221614E-002
   32.000000000000000        8.7441954479560199E-002
   33.000000000000000        8.9453463021845300E-002
   34.000000000000000        9.3746628623912476E-002
   35.000000000000000        9.8858007430795952E-002
   36.000000000000000       0.10060641346458166     
   37.000000000000000       0.10512712411425607     
   38.000000000000000       0.10917062195499451     
   39.000000000000000       0.11178651483603373     
   40.000000000000000       0.11624582466333604     
   41.000000000000000       0.12148580628093360     
   42.000000000000000       0.12623781546963128     
   43.000000000000000       0.13153638062554737     
   44.000000000000000       0.13684984972726225     
   45.000000000000000       0.14011714992060451     
   46.000000000000000       0.14393303632730992     
   47.000000000000000       0.15121332461935619     
   48.000000000000000       0.15421300694275475     
   49.000000000000000       0.16033193866986245     
   50.000000000000000       0.16538200864500832     
   51.000000000000000       0.17158953252242629     
   52.000000000000000       0.17756090739289537     
   53.000000000000000       0.17959029479845598     
   54.000000000000000       0.18691842801874117     
   55.000000000000000       0.19360735410746657     
   56.000000000000000       0.19933290846397869     
   57.000000000000000       0.20495030002133272     
   58.000000000000000       0.21241467092964980     
   59.000000000000000       0.21975192823171222     
   60.000000000000000       0.22248586461595315     
   61.000000000000000       0.23049716473294926     
   62.000000000000000       0.23792791608920877     
   63.000000000000000       0.24553919362699747     
   64.000000000000000       0.25125550225500570     
   65.000000000000000       0.25929074645083894     
   66.000000000000000       0.26709174008559500     
   67.000000000000000       0.27450817917817466     
   68.000000000000000       0.28233023674900548     
   69.000000000000000       0.28720823754203489     
   70.000000000000000       0.29658129308769859     
   71.000000000000000       0.30676939858062391     
   72.000000000000000       0.31459337589541819     
   73.000000000000000       0.31858596641495451     
   74.000000000000000       0.32701812709057115     
   75.000000000000000       0.33630696176636227     
   76.000000000000000       0.34800483776393970     
   77.000000000000000       0.35665850989698100     
   78.000000000000000       0.36573631296571851     
   79.000000000000000       0.37402820068168069     
   80.000000000000000       0.38029737483182807     
   81.000000000000000       0.39319599231803870     
   82.000000000000000       0.40470402822556434     
   83.000000000000000       0.41001478480972481     
   84.000000000000000       0.42112081140919794     
   85.000000000000000       0.43113075364642506     
   86.000000000000000       0.44380410392694553     
   87.000000000000000       0.44731108576633610     
   88.000000000000000       0.46019600036910158     
   89.000000000000000       0.47766867607659197     
   90.000000000000000       0.47597969249313749     
   91.000000000000000       0.49270206157332391     
   92.000000000000000       0.51032751602771065     
   93.000000000000000       0.51296238533736471     
   94.000000000000000       0.51962832185694219     
   95.000000000000000       0.53894801645881674     
   96.000000000000000       0.54911209350656898     
   97.000000000000000       0.55650820796675715     
   98.000000000000000       0.57183668582704361     
   99.000000000000000       0.58535272819700557     
   100.00000000000000       0.59461375084539281     
   101.00000000000000       0.61217673456252064     
   102.00000000000000       0.61558421644249961     
   103.00000000000000       0.62899783239915297     
   104.00000000000000       0.65428434564375226     
   105.00000000000000       0.65664225945595833     
   106.00000000000000       0.67033574573381460     
   107.00000000000000       0.68700130364661993     
   108.00000000000000       0.69905097090905710     
   109.00000000000000       0.70926055928186127     
   110.00000000000000       0.72742748152160430     
   111.00000000000000       0.73461211419391526     
   112.00000000000000       0.74840522953228272     
   113.00000000000000       0.77513238239989346     
   114.00000000000000       0.78123110153962805     
   115.00000000000000       0.79452418225527943     
   116.00000000000000       0.81562499855376558     
   117.00000000000000       0.82494449118872981     
   118.00000000000000       0.83661794978837456     
   119.00000000000000       0.85580283266401458     
   120.00000000000000       0.87721495709259167     
   121.00000000000000       0.88437515741780326     
   122.00000000000000       0.90246697336206061     
   123.00000000000000       0.91426577024151290     
   124.00000000000000       0.93446654808433116     
   125.00000000000000       0.95632372029280399     
   126.00000000000000       0.96622609823985450     
   127.00000000000000       0.98757151265077658     
   128.00000000000000       0.99242950138395492     
   129.00000000000000        1.0083726855111235     
   130.00000000000000        1.0472301465901273     
   131.00000000000000        1.0443579310757871     
   132.00000000000000        1.0668129022044108     
   133.00000000000000        1.0896758170198095     
   134.00000000000000        1.1028898998189649     
   135.00000000000000        1.1230297530006339     
   136.00000000000000        1.1328211440247962     
   137.00000000000000        1.1554576773245742     
   138.00000000000000        1.1773055489858162     
   139.00000000000000        1.1914950250681129     
   140.00000000000000        1.2053179447396196     
   141.00000000000000        1.2350017586156417     
   142.00000000000000        1.2559804314255165     
   143.00000000000000        1.2701159224228635     
   144.00000000000000        1.2949440366601499     
   145.00000000000000        1.3069996515620681     
   146.00000000000000        1.3339251617929240     
   147.00000000000000        1.3553584922671478     
   148.00000000000000        1.3674530542021672     
   149.00000000000000        1.3927639497186397     
   150.00000000000000        1.4138729682595741     
   151.00000000000000        1.4330142664048446     
   152.00000000000000        1.4547709784599709     
   153.00000000000000        1.4829333089551975     
   154.00000000000000        1.4960511818053188     
   155.00000000000000        1.5215104539038840     
   156.00000000000000        1.5446699223340310     
   157.00000000000000        1.5481875079570986     
   158.00000000000000        1.6022713835333779     
   159.00000000000000        1.5914703143719877     
   160.00000000000000        1.6405484866481868     
   161.00000000000000        1.6448729420730508     
   162.00000000000000        1.6746102602410118     
   163.00000000000000        1.6920008242550824     
   164.00000000000000        1.7270031228821969     
   165.00000000000000        1.7323759793210673     
   166.00000000000000        1.7662812428658028     
   167.00000000000000        1.7950042139325826     
   168.00000000000000        1.8213261083575547     
   169.00000000000000        1.8428394908737185     
   170.00000000000000        1.8763966409893422     
   171.00000000000000        1.8778343777014479     
   172.00000000000000        1.9225497916779313     
   173.00000000000000        1.9272663996723673     
   174.00000000000000        1.9768793202745498     
   175.00000000000000        1.9813879849661780     
   176.00000000000000        2.0275999123689217     
   177.00000000000000        2.0292009754393741     
   178.00000000000000        2.0795485641115850     
   179.00000000000000        2.0737938330142898     
   180.00000000000000        2.1402498732449735     
   181.00000000000000        2.1202704661781127     
   182.00000000000000        2.1987539189304446     
   183.00000000000000        2.1788017909455397     
   184.00000000000000        2.2528681891956208     
   185.00000000000000        2.2453080787369593     
   186.00000000000000        2.3047375682780360     
   187.00000000000000        2.3177518379253623     
   188.00000000000000        2.3377136608049818     
   189.00000000000000        2.3703638203041133     
   190.00000000000000        2.4005743837833631     
   191.00000000000000        2.4389845443260660     
   192.00000000000000        2.4542156160223541     
   193.00000000000000        2.4953824227580474     
   194.00000000000000        2.5193246270048424     
   195.00000000000000        2.5558032053799944     
   196.00000000000000        2.5754028815380834     
   197.00000000000000        2.5932576027845040     
   198.00000000000000        2.6736106676723375     
   199.00000000000000        2.6563363462240610     
   200.00000000000000        2.7119285009014904     
   201.00000000000000        2.7401043046231215     
   202.00000000000000        2.7721246409836207     
   203.00000000000000        2.7911409652651149     
   204.00000000000000        2.8202319139523793     
   205.00000000000000        2.8606445387349155     
   206.00000000000000        2.9078607960569594     
   207.00000000000000        2.9253879440012223     
   208.00000000000000        2.9794408430346877     
   209.00000000000000        2.9901797348278469     
   210.00000000000000        3.0207055155844529     
   211.00000000000000        3.0785773175630964     
   212.00000000000000        3.1045088244676871     
   213.00000000000000        3.1483448259395455     
   214.00000000000000        3.1995979754014172     
   215.00000000000000        3.2196994867579884     
   216.00000000000000        3.2994931406310553     
   217.00000000000000        3.2927993881770550     
   218.00000000000000        3.3745008355683024     
   219.00000000000000        3.3981462467568697     
   220.00000000000000        3.4090787401164953     
   221.00000000000000        3.4635563099306088     
   222.00000000000000        3.4935161807597406     
   223.00000000000000        3.5668998935983063     
   224.00000000000000        3.6178720755396956     
   225.00000000000000        3.6703587134764093     
   226.00000000000000        3.7442285899187842     
   227.00000000000000        3.7875444488905963     
   228.00000000000000        3.8713763085569708     
   229.00000000000000        3.8919976363530080     
   230.00000000000000        3.9891721715393871     
   231.00000000000000        4.0583931899721613     
   232.00000000000000        4.1266215461464295     
   233.00000000000000        4.1992421135268891     
   234.00000000000000        4.2683347182956455     
   235.00000000000000        4.3868860464877590     
   236.00000000000000        4.4717010837692355     
   237.00000000000000        4.5614233267000053     
   238.00000000000000        4.7010659077222172     
   239.00000000000000        4.8101761481991918     
   240.00000000000000        4.9224834168148073     
   241.00000000000000        5.1136461808090354     
   242.00000000000000        5.1986821227804141     
   243.00000000000000        5.3822042790581479     
   244.00000000000000        5.6059433707868287     
   245.00000000000000        5.7578728246090778     
   246.00000000000000        6.0013785585859853     
   247.00000000000000        6.2939391690151316     
   248.00000000000000        6.5698136614726090     
   249.00000000000000        6.8432626735420303     
   250.00000000000000        7.2265097264774800     
   251.00000000000000        7.6352614278277899     
   252.00000000000000        8.0552079749012897     
   253.00000000000000        8.5641095526540276     
   254.00000000000000        9.2084936587637092     
   255.00000000000000        9.8782681596555051     
   256.00000000000000        10.704190418242923     
   257.00000000000000        11.716328968554159     
   258.00000000000000        13.050058988915731     
   259.00000000000000        14.874168931017460     
   260.00000000000000        17.810540521826674     
   261.00000000000000        24.219208909208291     
   262.00000000000000        40.506974569012819     
   263.00000000000000        67.260845185288431     
   264.00000000000000        95.841378167218480     
   265.00000000000000        125.84372822784999     
   266.00000000000000        156.16794500214363     
   267.00000000000000        188.13460074390377     
   268.00000000000000        221.25116483870690     
   269.00000000000000        255.68361130379304     
   270.00000000000000        293.69225709123657     
   271.00000000000000        334.35951717607117     
   272.00000000000000        378.04209651432109     
   273.00000000000000        421.06915790316646     
   274.00000000000000        469.24539427729866     
   275.00000000000000        516.93696259931176     
   276.00000000000000        564.84094188724498     
   277.00000000000000        617.32270709815577     
   278.00000000000000        673.53819685235203     
   279.00000000000000        736.82881968710365     
   280.00000000000000        800.76527143210910     
   281.00000000000000        868.55653024378864     
   282.00000000000000        943.69579875929696     
   283.00000000000000        1022.5876981047958     
   284.00000000000000        1099.9202465771577     
   285.00000000000000        1179.1833354239568     
   286.00000000000000        1260.8953525252305     
   287.00000000000000        1348.3992551233257     
   288.00000000000000        1443.1140210216415     
   289.00000000000000        1533.1425377148259     
   290.00000000000000        1621.1590528968102     
   291.00000000000000        1718.4768308284297     
   292.00000000000000        1818.8196297138893     
   293.00000000000000        1919.4937295861839     
   294.00000000000000        2020.3243595863732     
   295.00000000000000        2123.3385111452426     
   296.00000000000000        2223.4840663755399     
   297.00000000000000        2338.1907236734337     
   298.00000000000000        2450.4710070725450     
   299.00000000000000        2541.5656229241213     
   300.00000000000000        2649.1842644335593     
   301.00000000000000        2771.3250997106638     
   302.00000000000000        2896.2484028967951     
   303.00000000000000        3008.1606031659067     
   304.00000000000000        3110.2166894117468     
   305.00000000000000        3231.3090985550125     
   306.00000000000000        3355.6350083871866     
   307.00000000000000        3482.8976536163932     
   308.00000000000000        3600.0641515235611     
   309.00000000000000        3711.7753064505337     
   310.00000000000000        3836.5238678740475     
   311.00000000000000        3948.3260058743049     
   312.00000000000000        4065.6126910333978     
   313.00000000000000        4192.7554675645679     
   314.00000000000000        4328.0522550575060     
   315.00000000000000        4457.8435047302837     
   316.00000000000000        4570.0026366853090     
   317.00000000000000        4691.8391290900518     
   318.00000000000000        4830.9203998875028     
   319.00000000000000        4988.9845436893629     
   320.00000000000000        5157.2786570160733     
   321.00000000000000        5324.2933274256511     
   322.00000000000000        5503.8804551887333     
   323.00000000000000        5675.6003242645056     
   324.00000000000000        5838.8087174986640     
   325.00000000000000        6011.8699200649344     
   326.00000000000000        6186.7754344535606     
   327.00000000000000        6367.3283685147326     
   328.00000000000000        6577.5905119274603     
   329.00000000000000        6777.1663714352999     
