   1.0000000000000000        3.0377015976907992E-002
   1.0000000000000000        3.0377015976907992E-002
   2.0000000000000000        2.2501234938039509E-002
   3.0000000000000000        2.8125900284553911E-002
   4.0000000000000000        2.6892280179543256E-002
   5.0000000000000000        2.9932200286770128E-002
   6.0000000000000000        2.4738021579689743E-002
   7.0000000000000000        3.2792419897162702E-002
   8.0000000000000000        2.8670544212506671E-002
   9.0000000000000000        3.1949769342955688E-002
   10.000000000000000        3.0260311553350714E-002
   11.000000000000000        3.5870035773730526E-002
   12.000000000000000        3.2227634722124969E-002
   13.000000000000000        3.5401946075108430E-002
   14.000000000000000        3.9687930574514314E-002
   15.000000000000000        3.7400253701760297E-002
   16.000000000000000        4.1268121913414439E-002
   17.000000000000000        4.0958342057989920E-002
   18.000000000000000        4.7628549719173047E-002
   19.000000000000000        4.6059258032368204E-002
   20.000000000000000        4.7554469523175470E-002
   21.000000000000000        5.3560900413854064E-002
   22.000000000000000        5.2639205894551185E-002
   23.000000000000000        5.6642870424512229E-002
   24.000000000000000        5.7788062536986623E-002
   25.000000000000000        5.9805257499947390E-002
   26.000000000000000        6.5025051651656868E-002
   27.000000000000000        6.4728918564421700E-002
   28.000000000000000        6.6068270442917479E-002
   29.000000000000000        7.2073463776762797E-002
   30.000000000000000        7.3722473528161747E-002
   31.000000000000000        7.8364972111824041E-002
   32.000000000000000        8.1854067196563685E-002
   33.000000000000000        8.3570257721922753E-002
   34.000000000000000        8.8014725847311667E-002
   35.000000000000000        9.2894387719714686E-002
   36.000000000000000        9.4664884448342729E-002
   37.000000000000000        9.9056364891072210E-002
   38.000000000000000       0.10327936061538567     
   39.000000000000000       0.10565978124308002     
   40.000000000000000       0.10982466835558953     
   41.000000000000000       0.11534612072556023     
   42.000000000000000       0.11992012985488922     
   43.000000000000000       0.12504547062958096     
   44.000000000000000       0.13040885773556429     
   45.000000000000000       0.13368617937878738     
   46.000000000000000       0.13742006672719304     
   47.000000000000000       0.14483889165287153     
   48.000000000000000       0.14769975596044521     
   49.000000000000000       0.15342365939161862     
   50.000000000000000       0.15869378253967148     
   51.000000000000000       0.16505080114808693     
   52.000000000000000       0.17067857036318790     
   53.000000000000000       0.17289282351904200     
   54.000000000000000       0.17982177273037903     
   55.000000000000000       0.18634508762801111     
   56.000000000000000       0.19194959267796366     
   57.000000000000000       0.19785093089369407     
   58.000000000000000       0.20470117697196064     
   59.000000000000000       0.21211686550216555     
   60.000000000000000       0.21459885092384504     
   61.000000000000000       0.22288143818774372     
   62.000000000000000       0.22986134646150216     
   63.000000000000000       0.23750051013353524     
   64.000000000000000       0.24346783289685225     
   65.000000000000000       0.25155036533750652     
   66.000000000000000       0.25937575063913410     
   67.000000000000000       0.26683445365269454     
   68.000000000000000       0.27393674012511238     
   69.000000000000000       0.27864716035667120     
   70.000000000000000       0.28824192830178230     
   71.000000000000000       0.29851406179779610     
   72.000000000000000       0.30629983728613036     
   73.000000000000000       0.31000315192785238     
   74.000000000000000       0.31769967407523264     
   75.000000000000000       0.32728293819922022     
   76.000000000000000       0.33882615718506126     
   77.000000000000000       0.34855719644221367     
   78.000000000000000       0.35647886342712326     
   79.000000000000000       0.36551152705908213     
   80.000000000000000       0.37076796282368607     
   81.000000000000000       0.38474524765391360     
   82.000000000000000       0.39585024914834133     
   83.000000000000000       0.40113187785764909     
   84.000000000000000       0.41188723504850816     
   85.000000000000000       0.42154755186970244     
   86.000000000000000       0.43358699875507045     
   87.000000000000000       0.43688367949694190     
   88.000000000000000       0.45034271972668977     
   89.000000000000000       0.46746604603429776     
   90.000000000000000       0.46618602256789859     
   91.000000000000000       0.48307823560947427     
   92.000000000000000       0.50048178964268286     
   93.000000000000000       0.50216182439055146     
   94.000000000000000       0.50881977540903545     
   95.000000000000000       0.52860993288366398     
   96.000000000000000       0.53860758559545829     
   97.000000000000000       0.54575381131685474     
   98.000000000000000       0.56169878503955362     
   99.000000000000000       0.57498833188434795     
   100.00000000000000       0.58313329506040412     
   101.00000000000000       0.60037674920971251     
   102.00000000000000       0.60435865649830989     
   103.00000000000000       0.61687100074050372     
   104.00000000000000       0.64346490477167506     
   105.00000000000000       0.64475069025736276     
   106.00000000000000       0.65753943514696345     
   107.00000000000000       0.67670013282370767     
   108.00000000000000       0.68764774436520371     
   109.00000000000000       0.69711862495943544     
   110.00000000000000       0.71531416218546628     
   111.00000000000000       0.72256319318453421     
   112.00000000000000       0.73571453380473384     
   113.00000000000000       0.76280143497307273     
   114.00000000000000       0.76815558269595641     
   115.00000000000000       0.78168773150403748     
   116.00000000000000       0.80110321883553093     
   117.00000000000000       0.81160222416813288     
   118.00000000000000       0.82418486777591915     
   119.00000000000000       0.84443152073002370     
   120.00000000000000       0.86379063146085144     
   121.00000000000000       0.87082761506111994     
   122.00000000000000       0.88941250096873059     
   123.00000000000000       0.90058588979758236     
   124.00000000000000       0.92117027452605604     
   125.00000000000000       0.94322267153184136     
   126.00000000000000       0.95014684201872168     
   127.00000000000000       0.97429113639390097     
   128.00000000000000       0.97876519074509971     
   129.00000000000000       0.99541302002622756     
   130.00000000000000        1.0339772366497486     
   131.00000000000000        1.0310566697621060     
   132.00000000000000        1.0508136088067503     
   133.00000000000000        1.0759465118376359     
   134.00000000000000        1.0897809675025159     
   135.00000000000000        1.1090877182333181     
   136.00000000000000        1.1190240398040836     
   137.00000000000000        1.1423583686871319     
   138.00000000000000        1.1646249557450443     
   139.00000000000000        1.1771019669174256     
   140.00000000000000        1.1899367433343635     
   141.00000000000000        1.2213453470373650     
   142.00000000000000        1.2406640190273692     
   143.00000000000000        1.2549932146334564     
   144.00000000000000        1.2782275379002372     
   145.00000000000000        1.2934882302321262     
   146.00000000000000        1.3200824015624364     
   147.00000000000000        1.3406630099115007     
   148.00000000000000        1.3506949804831636     
   149.00000000000000        1.3760292309092872     
   150.00000000000000        1.3970019115466554     
   151.00000000000000        1.4161029773742948     
   152.00000000000000        1.4394082726591042     
   153.00000000000000        1.4645024197929006     
   154.00000000000000        1.4790510706857971     
   155.00000000000000        1.5045112691556448     
   156.00000000000000        1.5279148435784549     
   157.00000000000000        1.5316519698711919     
   158.00000000000000        1.5843512477545476     
   159.00000000000000        1.5724222476467893     
   160.00000000000000        1.6243531292825510     
   161.00000000000000        1.6251179476484041     
   162.00000000000000        1.6581712318448771     
   163.00000000000000        1.6761770869325059     
   164.00000000000000        1.7106858761736925     
   165.00000000000000        1.7127693074642323     
   166.00000000000000        1.7499644455388939     
   167.00000000000000        1.7750389491260390     
   168.00000000000000        1.8041960061499889     
   169.00000000000000        1.8227411863747920     
   170.00000000000000        1.8551252014536508     
   171.00000000000000        1.8603258779147898     
   172.00000000000000        1.9047791897240063     
   173.00000000000000        1.9079917459239333     
   174.00000000000000        1.9586363176449588     
   175.00000000000000        1.9596341463542104     
   176.00000000000000        2.0072049488484138     
   177.00000000000000        2.0093621526088605     
   178.00000000000000        2.0612254696375087     
   179.00000000000000        2.0552746305249716     
   180.00000000000000        2.1209618728546635     
   181.00000000000000        2.0981428916769680     
   182.00000000000000        2.1765485311598902     
   183.00000000000000        2.1591930376637158     
   184.00000000000000        2.2318482723344117     
   185.00000000000000        2.2256892316881869     
   186.00000000000000        2.2822648377339072     
   187.00000000000000        2.2998042860619132     
   188.00000000000000        2.3150543454193189     
   189.00000000000000        2.3510536674710107     
   190.00000000000000        2.3784288436543259     
   191.00000000000000        2.4150461586960739     
   192.00000000000000        2.4332555333495924     
   193.00000000000000        2.4712541492666045     
   194.00000000000000        2.4961568216801973     
   195.00000000000000        2.5324008863621699     
   196.00000000000000        2.5506991079501180     
   197.00000000000000        2.5674082683627746     
   198.00000000000000        2.6501869692219828     
   199.00000000000000        2.6359207432700384     
   200.00000000000000        2.6861945729325400     
   201.00000000000000        2.7128292551087760     
   202.00000000000000        2.7442495892905066     
   203.00000000000000        2.7645134276627772     
   204.00000000000000        2.7917679107245696     
   205.00000000000000        2.8329601216587172     
   206.00000000000000        2.8806104055276784     
   207.00000000000000        2.9010584939831863     
   208.00000000000000        2.9535392779592851     
   209.00000000000000        2.9633535863080644     
   210.00000000000000        2.9910237785324334     
   211.00000000000000        3.0505565956449350     
   212.00000000000000        3.0737039195545552     
   213.00000000000000        3.1143955513125112     
   214.00000000000000        3.1657247569028164     
   215.00000000000000        3.1867646760138517     
   216.00000000000000        3.2562847614821155     
   217.00000000000000        3.2481778227959501     
   218.00000000000000        3.3314814668934232     
   219.00000000000000        3.3502646066772130     
   220.00000000000000        3.3599175190073964     
   221.00000000000000        3.4105721424974389     
   222.00000000000000        3.4382822618879443     
   223.00000000000000        3.5093248048879340     
   224.00000000000000        3.5560696469893203     
   225.00000000000000        3.5990293771916702     
   226.00000000000000        3.6659963638212600     
   227.00000000000000        3.6972080760619277     
   228.00000000000000        3.7745462190586476     
   229.00000000000000        3.7879819766138390     
   230.00000000000000        3.8757445046496648     
   231.00000000000000        3.9381035465883234     
   232.00000000000000        3.9925650389014358     
   233.00000000000000        4.0469578593381943     
   234.00000000000000        4.1063408517268494     
   235.00000000000000        4.2017939290004591     
   236.00000000000000        4.2748223227313966     
   237.00000000000000        4.3366312737598172     
   238.00000000000000        4.4442726215556014     
   239.00000000000000        4.5185250841025990     
   240.00000000000000        4.6087541959666716     
   241.00000000000000        4.7619947248948895     
   242.00000000000000        4.8075046934145913     
   243.00000000000000        4.9546630089284953     
   244.00000000000000        5.1297360970077159     
   245.00000000000000        5.2192696012711677     
   246.00000000000000        5.3988663070601692     
   247.00000000000000        5.6220691785115235     
   248.00000000000000        5.8139876930913630     
   249.00000000000000        5.9834097415254019     
   250.00000000000000        6.2685094899620166     
   251.00000000000000        6.5574692826220113     
   252.00000000000000        6.8289265448657579     
   253.00000000000000        7.1820585728562856     
   254.00000000000000        7.6447051210974575     
   255.00000000000000        8.1138858009193449     
   256.00000000000000        8.6858833817366126     
   257.00000000000000        9.3808746000684788     
   258.00000000000000        10.299762609386322     
   259.00000000000000        11.626760925308906     
   260.00000000000000        13.811253701624924     
   261.00000000000000        18.877332391099973     
   262.00000000000000        32.266724948843432     
   263.00000000000000        54.929976048457348     
   264.00000000000000        79.180784807181396     
   265.00000000000000        105.14480280148628     
   266.00000000000000        131.26574342578607     
   267.00000000000000        158.99388109617527     
   268.00000000000000        187.96548945973785     
   269.00000000000000        218.23161587024055     
   270.00000000000000        253.04271988510723     
   271.00000000000000        289.97298947803029     
   272.00000000000000        330.48356356594780     
   273.00000000000000        370.76118463568741     
   274.00000000000000        415.00608018703321     
   275.00000000000000        458.07635962406459     
   276.00000000000000        503.56698413276035     
   277.00000000000000        554.09704228758415     
   278.00000000000000        608.35557506805151     
   279.00000000000000        669.81674903588680     
   280.00000000000000        731.78305657472686     
   281.00000000000000        797.61489557152606     
   282.00000000000000        871.35392973336627     
   283.00000000000000        947.99468011602039     
   284.00000000000000        1024.1080654590869     
   285.00000000000000        1100.7885181243605     
   286.00000000000000        1180.7662690002303     
   287.00000000000000        1267.2574350280902     
   288.00000000000000        1361.0391072685641     
   289.00000000000000        1447.8431738096124     
   290.00000000000000        1538.1004631595920     
   291.00000000000000        1633.3195422656495     
   292.00000000000000        1734.0779372196455     
   293.00000000000000        1834.9952807398022     
   294.00000000000000        1934.4354794972828     
   295.00000000000000        2034.3411745705439     
   296.00000000000000        2131.6919650457376     
   297.00000000000000        2246.5844325049629     
   298.00000000000000        2361.5886627925065     
   299.00000000000000        2455.4053432800770     
   300.00000000000000        2566.9724399766073     
   301.00000000000000        2691.5715227875312     
   302.00000000000000        2820.5655891875408     
   303.00000000000000        2935.9821494847602     
   304.00000000000000        3039.2659109845849     
   305.00000000000000        3161.5708338274740     
   306.00000000000000        3294.8837505004949     
   307.00000000000000        3430.9052150445791     
   308.00000000000000        3555.4221910051419     
   309.00000000000000        3673.4723184855525     
   310.00000000000000        3800.3363754805264     
   311.00000000000000        3912.0094054426227     
   312.00000000000000        4029.0510351948074     
   313.00000000000000        4164.5577301877647     
   314.00000000000000        4308.7358392330352     
   315.00000000000000        4444.2848756021185     
   316.00000000000000        4568.5764246459639     
   317.00000000000000        4692.7860546262100     
   318.00000000000000        4836.2756467366244     
   319.00000000000000        4993.6034793865392     
   320.00000000000000        5166.9136998391641     
   321.00000000000000        5338.4652252433043     
   322.00000000000000        5521.2146086532111     
   323.00000000000000        5694.3176417711520     
   324.00000000000000        5866.9008350599033     
   325.00000000000000        6053.4093735188326     
   326.00000000000000        6232.7795316471602     
   327.00000000000000        6416.4273186126575     
   328.00000000000000        6636.9403620668663     
   329.00000000000000        6842.8310486113232     
