   1.0000000000000000        3.3755476784351188E-002
   1.0000000000000000        3.3755476784351188E-002
   2.0000000000000000        2.5921174196714056E-002
   3.0000000000000000        3.1614968033521769E-002
   4.0000000000000000        3.0372888252628540E-002
   5.0000000000000000        3.3493750434501493E-002
   6.0000000000000000        2.8308935637303592E-002
   7.0000000000000000        3.6542878587506648E-002
   8.0000000000000000        3.2360952327737863E-002
   9.0000000000000000        3.5716502233448397E-002
   10.000000000000000        3.4161196118288419E-002
   11.000000000000000        3.9770302588379720E-002
   12.000000000000000        3.6218845484741434E-002
   13.000000000000000        3.9396939234531032E-002
   14.000000000000000        4.3717552134785467E-002
   15.000000000000000        4.1591918933573342E-002
   16.000000000000000        4.5582832333783005E-002
   17.000000000000000        4.5224231332106311E-002
   18.000000000000000        5.1941127205963951E-002
   19.000000000000000        5.0441292760252707E-002
   20.000000000000000        5.2005266155797085E-002
   21.000000000000000        5.8001093853350470E-002
   22.000000000000000        5.7208549134979532E-002
   23.000000000000000        6.1238340540355748E-002
   24.000000000000000        6.2502618195165116E-002
   25.000000000000000        6.4573858113609370E-002
   26.000000000000000        6.9800828000947987E-002
   27.000000000000000        6.9479447762289981E-002
   28.000000000000000        7.1034064544082315E-002
   29.000000000000000        7.7124452141766359E-002
   30.000000000000000        7.8800590879017418E-002
   31.000000000000000        8.3480731204913755E-002
   32.000000000000000        8.6972643356190343E-002
   33.000000000000000        8.8987299436460887E-002
   34.000000000000000        9.3281495989922955E-002
   35.000000000000000        9.8267424115766874E-002
   36.000000000000000       0.10011532813712744     
   37.000000000000000       0.10459087236823227     
   38.000000000000000       0.10876462708271105     
   39.000000000000000       0.11130508976107820     
   40.000000000000000       0.11547287153401010     
   41.000000000000000       0.12109827793523194     
   42.000000000000000       0.12574756511032723     
   43.000000000000000       0.13091396953537587     
   44.000000000000000       0.13635056495174824     
   45.000000000000000       0.13959877915481234     
   46.000000000000000       0.14354673311214686     
   47.000000000000000       0.15093054783062734     
   48.000000000000000       0.15394383295294450     
   49.000000000000000       0.15987308252568197     
   50.000000000000000       0.16506610774695746     
   51.000000000000000       0.17118556961552389     
   52.000000000000000       0.17719733760891609     
   53.000000000000000       0.17913285553684624     
   54.000000000000000       0.18665826238987268     
   55.000000000000000       0.19329406328744431     
   56.000000000000000       0.19887229190186542     
   57.000000000000000       0.20453446638966655     
   58.000000000000000       0.21185581193695402     
   59.000000000000000       0.21940958930159132     
   60.000000000000000       0.22206548071885357     
   61.000000000000000       0.23011468542872177     
   62.000000000000000       0.23728853931095800     
   63.000000000000000       0.24506111508050224     
   64.000000000000000       0.25084245928682680     
   65.000000000000000       0.25910688753220279     
   66.000000000000000       0.26638690766324463     
   67.000000000000000       0.27418860254482025     
   68.000000000000000       0.28167155711990477     
   69.000000000000000       0.28663756875764340     
   70.000000000000000       0.29595964377978973     
   71.000000000000000       0.30622876366966834     
   72.000000000000000       0.31437856390288527     
   73.000000000000000       0.31813144823710526     
   74.000000000000000       0.32667628992357828     
   75.000000000000000       0.33581158725418503     
   76.000000000000000       0.34728888668269903     
   77.000000000000000       0.35646055189113729     
   78.000000000000000       0.36548696612299147     
   79.000000000000000       0.37367703383444295     
   80.000000000000000       0.37999047025352767     
   81.000000000000000       0.39317207335682131     
   82.000000000000000       0.40481605812371535     
   83.000000000000000       0.40982602373958987     
   84.000000000000000       0.42055287305199529     
   85.000000000000000       0.43062459685327331     
   86.000000000000000       0.44346101104635754     
   87.000000000000000       0.44653347292709250     
   88.000000000000000       0.45985531263654772     
   89.000000000000000       0.47736051633602428     
   90.000000000000000       0.47574169431195851     
   91.000000000000000       0.49265731406474905     
   92.000000000000000       0.51003264395845327     
   93.000000000000000       0.51236681562927422     
   94.000000000000000       0.51906252446963685     
   95.000000000000000       0.53867299568447402     
   96.000000000000000       0.54894075106081663     
   97.000000000000000       0.55624871243193208     
   98.000000000000000       0.57129168643720918     
   99.000000000000000       0.58519201577096236     
   100.00000000000000       0.59396945724560257     
   101.00000000000000       0.61182806094051712     
   102.00000000000000       0.61575684725421453     
   103.00000000000000       0.62808826483012015     
   104.00000000000000       0.65437566222737131     
   105.00000000000000       0.65607313350860186     
   106.00000000000000       0.66915797719708736     
   107.00000000000000       0.68722632457429134     
   108.00000000000000       0.69863381893890897     
   109.00000000000000       0.70863142810323188     
   110.00000000000000       0.72689914264910338     
   111.00000000000000       0.73438639856604593     
   112.00000000000000       0.74733555651846650     
   113.00000000000000       0.77532468090413154     
   114.00000000000000       0.78062923073469115     
   115.00000000000000       0.79426623085599024     
   116.00000000000000       0.81444607833838112     
   117.00000000000000       0.82459900986150614     
   118.00000000000000       0.83669389388474769     
   119.00000000000000       0.85621339428155763     
   120.00000000000000       0.87685032569697430     
   121.00000000000000       0.88397644453438529     
   122.00000000000000       0.90280836917269058     
   123.00000000000000       0.91405188416314354     
   124.00000000000000       0.93458645616326363     
   125.00000000000000       0.95607534849184683     
   126.00000000000000       0.96497961512480701     
   127.00000000000000       0.98763791937380874     
   128.00000000000000       0.99227007408981083     
   129.00000000000000        1.0088425966019678     
   130.00000000000000        1.0472723093188763     
   131.00000000000000        1.0450960685628181     
   132.00000000000000        1.0657314820135118     
   133.00000000000000        1.0905003686697716     
   134.00000000000000        1.1035074714981563     
   135.00000000000000        1.1236972612711249     
   136.00000000000000        1.1327187845571203     
   137.00000000000000        1.1566540844762561     
   138.00000000000000        1.1782914116394447     
   139.00000000000000        1.1924235113442401     
   140.00000000000000        1.2049463750914355     
   141.00000000000000        1.2358328522499793     
   142.00000000000000        1.2558659330179078     
   143.00000000000000        1.2708567086706837     
   144.00000000000000        1.2940876184290160     
   145.00000000000000        1.3081622678637610     
   146.00000000000000        1.3346188103779573     
   147.00000000000000        1.3559755191754645     
   148.00000000000000        1.3671788306812445     
   149.00000000000000        1.3923325431820752     
   150.00000000000000        1.4142552443989991     
   151.00000000000000        1.4324590513951534     
   152.00000000000000        1.4555849646522652     
   153.00000000000000        1.4816484665896346     
   154.00000000000000        1.4963340578334727     
   155.00000000000000        1.5218912683606640     
   156.00000000000000        1.5450284568844541     
   157.00000000000000        1.5495672725686598     
   158.00000000000000        1.6021419870780995     
   159.00000000000000        1.5912241686044812     
   160.00000000000000        1.6416515268958771     
   161.00000000000000        1.6440180402872890     
   162.00000000000000        1.6753462784513982     
   163.00000000000000        1.6927859102374136     
   164.00000000000000        1.7287340448861568     
   165.00000000000000        1.7322286676662986     
   166.00000000000000        1.7686180599034442     
   167.00000000000000        1.7946549914337813     
   168.00000000000000        1.8237121638142615     
   169.00000000000000        1.8427578021513151     
   170.00000000000000        1.8749783429702185     
   171.00000000000000        1.8801439051622306     
   172.00000000000000        1.9241434604818155     
   173.00000000000000        1.9284458530069630     
   174.00000000000000        1.9777309638535463     
   175.00000000000000        1.9819202250202534     
   176.00000000000000        2.0285470150153708     
   177.00000000000000        2.0300976929016086     
   178.00000000000000        2.0819357694032958     
   179.00000000000000        2.0777264521913512     
   180.00000000000000        2.1416299641840344     
   181.00000000000000        2.1203090608098001     
   182.00000000000000        2.1989772976027542     
   183.00000000000000        2.1802235420913059     
   184.00000000000000        2.2542151997167639     
   185.00000000000000        2.2484959180115567     
   186.00000000000000        2.3068171860479199     
   187.00000000000000        2.3215132572445492     
   188.00000000000000        2.3395232668112595     
   189.00000000000000        2.3739657848181470     
   190.00000000000000        2.4017441913956556     
   191.00000000000000        2.4397850418846057     
   192.00000000000000        2.4573974115990302     
   193.00000000000000        2.4960374924676625     
   194.00000000000000        2.5215565792657726     
   195.00000000000000        2.5577323978457387     
   196.00000000000000        2.5783078836608375     
   197.00000000000000        2.5956355018815755     
   198.00000000000000        2.6731642811403353     
   199.00000000000000        2.6600350166483184     
   200.00000000000000        2.7130888744300572     
   201.00000000000000        2.7424421333718327     
   202.00000000000000        2.7712516783998691     
   203.00000000000000        2.7932685353813302     
   204.00000000000000        2.8233276877476592     
   205.00000000000000        2.8629947954455273     
   206.00000000000000        2.9116051026231400     
   207.00000000000000        2.9290275717623118     
   208.00000000000000        2.9851677555021077     
   209.00000000000000        2.9959889689363735     
   210.00000000000000        3.0261231351562872     
   211.00000000000000        3.0858782921474504     
   212.00000000000000        3.1114926188001646     
   213.00000000000000        3.1553854042143694     
   214.00000000000000        3.2075809511860296     
   215.00000000000000        3.2300253216968677     
   216.00000000000000        3.3079591760176261     
   217.00000000000000        3.3040631727844438     
   218.00000000000000        3.3879038800001888     
   219.00000000000000        3.4136688705020242     
   220.00000000000000        3.4214671723214214     
   221.00000000000000        3.4796715396624496     
   222.00000000000000        3.5137147175665731     
   223.00000000000000        3.5877183955752661     
   224.00000000000000        3.6430467667141366     
   225.00000000000000        3.6972296634356510     
   226.00000000000000        3.7753653115164116     
   227.00000000000000        3.8242110053525438     
   228.00000000000000        3.9122962057701316     
   229.00000000000000        3.9367361810219474     
   230.00000000000000        4.0397350995154815     
   231.00000000000000        4.1143449876618661     
   232.00000000000000        4.1892498083436625     
   233.00000000000000        4.2739342565168714     
   234.00000000000000        4.3507452966069007     
   235.00000000000000        4.4769717066709278     
   236.00000000000000        4.5774542590143676     
   237.00000000000000        4.6763402101533531     
   238.00000000000000        4.8233812409267225     
   239.00000000000000        4.9433789546714539     
   240.00000000000000        5.0753154235992337     
   241.00000000000000        5.2842310389739389     
   242.00000000000000        5.3877944886416920     
   243.00000000000000        5.5937188622653276     
   244.00000000000000        5.8444019840451027     
   245.00000000000000        6.0281987350254855     
   246.00000000000000        6.3029760244355710     
   247.00000000000000        6.6388473134448196     
   248.00000000000000        6.9580707999268867     
   249.00000000000000        7.2761559651564163     
   250.00000000000000        7.7308486760148645     
   251.00000000000000        8.2085957463919890     
   252.00000000000000        8.7070979078399606     
   253.00000000000000        9.3169339164399023     
   254.00000000000000        10.076515103449555     
   255.00000000000000        10.895187269900333     
   256.00000000000000        11.864116175843188     
   257.00000000000000        13.082131121844194     
   258.00000000000000        14.643128491609271     
   259.00000000000000        16.789153099717229     
   260.00000000000000        20.096288647486602     
   261.00000000000000        26.980951861933939     
   262.00000000000000        43.752760795980294     
   263.00000000000000        71.178099691954145     
   264.00000000000000        100.59213990478760     
   265.00000000000000        131.81799634233892     
   266.00000000000000        163.24609056421360     
   267.00000000000000        196.59121622679692     
   268.00000000000000        231.07867197970987     
   269.00000000000000        267.01539748369129     
   270.00000000000000        306.57065203750778     
   271.00000000000000        348.71914107306560     
   272.00000000000000        393.78405191393023     
   273.00000000000000        439.02232817274205     
   274.00000000000000        489.07321435692239     
   275.00000000000000        538.73514980565221     
   276.00000000000000        589.24662199998500     
   277.00000000000000        644.68258930659897     
   278.00000000000000        703.64870327866731     
   279.00000000000000        770.10065922359865     
   280.00000000000000        836.54893911707836     
   281.00000000000000        907.55461005985660     
   282.00000000000000        985.38668659555901     
   283.00000000000000        1067.2641504627190     
   284.00000000000000        1147.6493405269696     
   285.00000000000000        1229.1668218680102     
   286.00000000000000        1313.9578048428245     
   287.00000000000000        1406.1350043139023     
   288.00000000000000        1504.0041124250240     
   289.00000000000000        1597.7167663137504     
   290.00000000000000        1690.7445151148672     
   291.00000000000000        1791.4473467447033     
   292.00000000000000        1893.8800951095277     
   293.00000000000000        1999.3735756492545     
   294.00000000000000        2106.0511484125500     
   295.00000000000000        2213.9999941756250     
   296.00000000000000        2318.9769223667140     
   297.00000000000000        2437.0008926790160     
   298.00000000000000        2552.4741117499020     
   299.00000000000000        2646.6306802108656     
   300.00000000000000        2755.8374577651211     
   301.00000000000000        2880.9131713712381     
   302.00000000000000        3006.2833844772217     
   303.00000000000000        3121.1845644320524     
   304.00000000000000        3225.4921953418580     
   305.00000000000000        3348.9237667965795     
   306.00000000000000        3473.0134725160874     
   307.00000000000000        3603.1877980341101     
   308.00000000000000        3724.9139910806639     
   309.00000000000000        3840.9204478048914     
   310.00000000000000        3967.3258842464475     
   311.00000000000000        4082.6503851960983     
   312.00000000000000        4205.9393275430175     
   313.00000000000000        4341.0242507481662     
   314.00000000000000        4477.8828202971781     
   315.00000000000000        4604.5204891312624     
   316.00000000000000        4722.9859031995993     
   317.00000000000000        4853.7090148666512     
   318.00000000000000        4993.6170354190735     
   319.00000000000000        5152.2667793331339     
   320.00000000000000        5331.5775780552785     
   321.00000000000000        5505.6907957076755     
   322.00000000000000        5688.6725979488683     
   323.00000000000000        5868.5130731034951     
   324.00000000000000        6045.6095688300302     
   325.00000000000000        6233.9473498755897     
   326.00000000000000        6424.3583997693249     
   327.00000000000000        6615.6619438219686     
   328.00000000000000        6838.1288984832263     
   329.00000000000000        7046.3675091915720     
