   1.0000000000000000        3.9025079474819799E-002
   1.0000000000000000        3.9025079474819799E-002
   2.0000000000000000        3.1282439559511876E-002
   3.0000000000000000        3.7011712702766819E-002
   4.0000000000000000        3.5906077743218134E-002
   5.0000000000000000        3.9035896362686520E-002
   6.0000000000000000        3.4031624430342487E-002
   7.0000000000000000        4.2412677245521301E-002
   8.0000000000000000        3.8199180869223005E-002
   9.0000000000000000        4.1692154620540753E-002
   10.000000000000000        4.0268506941570532E-002
   11.000000000000000        4.5837857281781524E-002
   12.000000000000000        4.2487957328939119E-002
   13.000000000000000        4.5809443725305460E-002
   14.000000000000000        5.0178021156104251E-002
   15.000000000000000        4.8230034637850007E-002
   16.000000000000000        5.2240473034565124E-002
   17.000000000000000        5.2007279610121131E-002
   18.000000000000000        5.8783414355216224E-002
   19.000000000000000        5.7355954477847464E-002
   20.000000000000000        5.9106543956195030E-002
   21.000000000000000        6.5016928219470846E-002
   22.000000000000000        6.4239572821176566E-002
   23.000000000000000        6.8443512937765155E-002
   24.000000000000000        6.9849090638578429E-002
   25.000000000000000        7.1958628883134632E-002
   26.000000000000000        7.7177468688570103E-002
   27.000000000000000        7.7277536675166403E-002
   28.000000000000000        7.8814267421029274E-002
   29.000000000000000        8.5008838514862670E-002
   30.000000000000000        8.6805858763480334E-002
   31.000000000000000        9.1608514190294435E-002
   32.000000000000000        9.5170074680100067E-002
   33.000000000000000        9.7486647895362072E-002
   34.000000000000000       0.10163055281108783     
   35.000000000000000       0.10669833765955351     
   36.000000000000000       0.10882389032873371     
   37.000000000000000       0.11335661104796627     
   38.000000000000000       0.11763029220555569     
   39.000000000000000       0.12005869782936643     
   40.000000000000000       0.12450568405381582     
   41.000000000000000       0.13065213757652117     
   42.000000000000000       0.13506518714503166     
   43.000000000000000       0.14015389161444083     
   44.000000000000000       0.14590873896034018     
   45.000000000000000       0.14904993153155510     
   46.000000000000000       0.15339884360141720     
   47.000000000000000       0.16073882813444249     
   48.000000000000000       0.16394974430750153     
   49.000000000000000       0.16997736201987634     
   50.000000000000000       0.17527055325229049     
   51.000000000000000       0.18127270477956314     
   52.000000000000000       0.18768222090529987     
   53.000000000000000       0.18949727682983869     
   54.000000000000000       0.19723747887753501     
   55.000000000000000       0.20409927011788329     
   56.000000000000000       0.20982407078217613     
   57.000000000000000       0.21532167945597117     
   58.000000000000000       0.22304075120515574     
   59.000000000000000       0.23069553439357524     
   60.000000000000000       0.23361446447310613     
   61.000000000000000       0.24177850014734967     
   62.000000000000000       0.24848979966343201     
   63.000000000000000       0.25658117343398240     
   64.000000000000000       0.26245091728606196     
   65.000000000000000       0.27109045274551291     
   66.000000000000000       0.27811245182919753     
   67.000000000000000       0.28635415600330100     
   68.000000000000000       0.29406865280136180     
   69.000000000000000       0.29854322624811447     
   70.000000000000000       0.30813368396682961     
   71.000000000000000       0.31890110687122614     
   72.000000000000000       0.32703599356366125     
   73.000000000000000       0.33127672411562914     
   74.000000000000000       0.33978054119081896     
   75.000000000000000       0.34917156754831280     
   76.000000000000000       0.36004223338793567     
   77.000000000000000       0.36981811446339730     
   78.000000000000000       0.37924289594766286     
   79.000000000000000       0.38719722635316300     
   80.000000000000000       0.39406853826930394     
   81.000000000000000       0.40721932797991894     
   82.000000000000000       0.41942266347256951     
   83.000000000000000       0.42431353190324428     
   84.000000000000000       0.43454869537655821     
   85.000000000000000       0.44477275901496394     
   86.000000000000000       0.45797887850333846     
   87.000000000000000       0.46115892494506933     
   88.000000000000000       0.47479436648206508     
   89.000000000000000       0.49242737837866096     
   90.000000000000000       0.49072112191725287     
   91.000000000000000       0.50769991055570995     
   92.000000000000000       0.52572041427636806     
   93.000000000000000       0.52736101360706078     
   94.000000000000000       0.53429126060749010     
   95.000000000000000       0.55461835212999011     
   96.000000000000000       0.56555025964237726     
   97.000000000000000       0.57247953657023498     
   98.000000000000000       0.58724250549161072     
   99.000000000000000       0.60112893607685713     
   100.00000000000000       0.61015719366625321     
   101.00000000000000       0.62903544749634255     
   102.00000000000000       0.63337968710599846     
   103.00000000000000       0.64495206809170835     
   104.00000000000000       0.67139274497483692     
   105.00000000000000       0.67311528257233644     
   106.00000000000000       0.68597674681097320     
   107.00000000000000       0.70455192432691693     
   108.00000000000000       0.71570715523053441     
   109.00000000000000       0.72623550853486185     
   110.00000000000000       0.74519653095805805     
   111.00000000000000       0.75194032144092582     
   112.00000000000000       0.76464767334722961     
   113.00000000000000       0.79334102959646846     
   114.00000000000000       0.79863421080334851     
   115.00000000000000       0.81250001266746685     
   116.00000000000000       0.83353584217766541     
   117.00000000000000       0.84432619720893198     
   118.00000000000000       0.85581224213482787     
   119.00000000000000       0.87535551969146408     
   120.00000000000000       0.89605273039639866     
   121.00000000000000       0.90366889279746343     
   122.00000000000000       0.92296052458673339     
   123.00000000000000       0.93399484421192203     
   124.00000000000000       0.95446805778262256     
   125.00000000000000       0.97600874021466000     
   126.00000000000000       0.98526868881936192     
   127.00000000000000        1.0082110520692618     
   128.00000000000000        1.0136337607421309     
   129.00000000000000        1.0300557043123237     
   130.00000000000000        1.0679578812173274     
   131.00000000000000        1.0675646603211606     
   132.00000000000000        1.0868941222161657     
   133.00000000000000        1.1120664382241752     
   134.00000000000000        1.1257276399446789     
   135.00000000000000        1.1460404060883389     
   136.00000000000000        1.1533370279615944     
   137.00000000000000        1.1786627636449438     
   138.00000000000000        1.2010986811822502     
   139.00000000000000        1.2153025271087503     
   140.00000000000000        1.2267891201096697     
   141.00000000000000        1.2592452281792321     
   142.00000000000000        1.2780070336987968     
   143.00000000000000        1.2933496493356587     
   144.00000000000000        1.3168964737075641     
   145.00000000000000        1.3316326321093810     
   146.00000000000000        1.3582424880326769     
   147.00000000000000        1.3789043105450174     
   148.00000000000000        1.3908754790439950     
   149.00000000000000        1.4166473108272826     
   150.00000000000000        1.4388139302102019     
   151.00000000000000        1.4565827977391292     
   152.00000000000000        1.4801217650575931     
   153.00000000000000        1.5073498641128480     
   154.00000000000000        1.5199507916591890     
   155.00000000000000        1.5466271786508785     
   156.00000000000000        1.5710819799891600     
   157.00000000000000        1.5749293540740574     
   158.00000000000000        1.6282347397837351     
   159.00000000000000        1.6181484509193991     
   160.00000000000000        1.6673146536425232     
   161.00000000000000        1.6708605569927284     
   162.00000000000000        1.7024340909033002     
   163.00000000000000        1.7197025509886523     
   164.00000000000000        1.7554243661788871     
   165.00000000000000        1.7601983885213786     
   166.00000000000000        1.7944193050223569     
   167.00000000000000        1.8218438607436027     
   168.00000000000000        1.8527268392332652     
   169.00000000000000        1.8711208673363975     
   170.00000000000000        1.9028881202675192     
   171.00000000000000        1.9090371952281660     
   172.00000000000000        1.9538993108615448     
   173.00000000000000        1.9594985766875954     
   174.00000000000000        2.0075598408253232     
   175.00000000000000        2.0124256088917996     
   176.00000000000000        2.0580210781155115     
   177.00000000000000        2.0616119650795754     
   178.00000000000000        2.1154654088488520     
   179.00000000000000        2.1105391560403235     
   180.00000000000000        2.1726987177425721     
   181.00000000000000        2.1523700579288110     
   182.00000000000000        2.2303438563923894     
   183.00000000000000        2.2134071439350835     
   184.00000000000000        2.2874888923050891     
   185.00000000000000        2.2818857082302975     
   186.00000000000000        2.3431374751048533     
   187.00000000000000        2.3575732629241370     
   188.00000000000000        2.3754666252511463     
   189.00000000000000        2.4108638857740479     
   190.00000000000000        2.4373169333434612     
   191.00000000000000        2.4780134571175956     
   192.00000000000000        2.4977678670569046     
   193.00000000000000        2.5373750682039571     
   194.00000000000000        2.5625933854376948     
   195.00000000000000        2.5994255122193293     
   196.00000000000000        2.6213712608531483     
   197.00000000000000        2.6309576724881936     
   198.00000000000000        2.7077832386458298     
   199.00000000000000        2.6965676697235437     
   200.00000000000000        2.7494962008229611     
   201.00000000000000        2.7828806256468401     
   202.00000000000000        2.8089845830962150     
   203.00000000000000        2.8318560494431519     
   204.00000000000000        2.8680065287626704     
   205.00000000000000        2.9060533573045428     
   206.00000000000000        2.9588999055569243     
   207.00000000000000        2.9777160015524728     
   208.00000000000000        3.0377083906944935     
   209.00000000000000        3.0484784746119225     
   210.00000000000000        3.0814149547587588     
   211.00000000000000        3.1438747186873868     
   212.00000000000000        3.1753453469776360     
   213.00000000000000        3.2235253180011472     
   214.00000000000000        3.2801425172043515     
   215.00000000000000        3.3126128699676549     
   216.00000000000000        3.3995035755284388     
   217.00000000000000        3.4053108412936086     
   218.00000000000000        3.4970153303428786     
   219.00000000000000        3.5387013123320696     
   220.00000000000000        3.5354793416488528     
   221.00000000000000        3.6088251169564076     
   222.00000000000000        3.6588718386639139     
   223.00000000000000        3.7477621135758925     
   224.00000000000000        3.8263249038861868     
   225.00000000000000        3.9018606766067525     
   226.00000000000000        4.0086575186055180     
   227.00000000000000        4.0942750933547600     
   228.00000000000000        4.2133913885313738     
   229.00000000000000        4.2744620665803277     
   230.00000000000000        4.4150540894906296     
   231.00000000000000        4.5355781769140222     
   232.00000000000000        4.6646547446771445     
   233.00000000000000        4.8146457964206091     
   234.00000000000000        4.9490055134370303     
   235.00000000000000        5.1511076311396362     
   236.00000000000000        5.3380240433914565     
   237.00000000000000        5.5345352562823020     
   238.00000000000000        5.7794939494066560     
   239.00000000000000        6.0072002395260027     
   240.00000000000000        6.2652451223219892     
   241.00000000000000        6.6148168423309430     
   242.00000000000000        6.8719175990140835     
   243.00000000000000        7.2523610503053302     
   244.00000000000000        7.7125978943079314     
   245.00000000000000        8.1473553822906268     
   246.00000000000000        8.6973887307069546     
   247.00000000000000        9.3593701365954232     
   248.00000000000000        10.038180859624466     
   249.00000000000000        10.755217748010603     
   250.00000000000000        11.690857998480048     
   251.00000000000000        12.707601723163839     
   252.00000000000000        13.809585610359647     
   253.00000000000000        15.138998166315110     
   254.00000000000000        16.738607074439606     
   255.00000000000000        18.523644355066196     
   256.00000000000000        20.628844696186675     
   257.00000000000000        23.256974601130903     
   258.00000000000000        26.523973625970349     
   259.00000000000000        30.922351891670711     
   260.00000000000000        37.155306722437359     
   261.00000000000000        48.680982073045783     
   262.00000000000000        73.614128716268922     
   263.00000000000000        112.68398714333860     
   264.00000000000000        154.58967497367391     
   265.00000000000000        199.31702137077443     
   266.00000000000000        244.30620358161505     
   267.00000000000000        291.50704598293305     
   268.00000000000000        340.48511487336009     
   269.00000000000000        391.34838463389366     
   270.00000000000000        445.72167170068377     
   271.00000000000000        503.11367606767709     
   272.00000000000000        563.51583035462454     
   273.00000000000000        625.11283395238490     
   274.00000000000000        692.73401804005573     
   275.00000000000000        760.63153229096702     
   276.00000000000000        829.18824983531283     
   277.00000000000000        902.30302766810689     
   278.00000000000000        979.81412822043796     
   279.00000000000000        1065.6635069971287     
   280.00000000000000        1151.8045639280886     
   281.00000000000000        1245.2898666383908     
   282.00000000000000        1343.0736453583963     
   283.00000000000000        1447.8316186487859     
   284.00000000000000        1550.1953724086056     
   285.00000000000000        1655.2155025137251     
   286.00000000000000        1763.0859655335128     
   287.00000000000000        1881.6074033707969     
   288.00000000000000        2004.7850185816778     
   289.00000000000000        2124.7050230810260     
   290.00000000000000        2242.6787865935362     
   291.00000000000000        2368.8062951931211     
   292.00000000000000        2495.1915558757455     
   293.00000000000000        2626.4923867012558     
   294.00000000000000        2760.7700075349317     
   295.00000000000000        2896.7902535850503     
   296.00000000000000        3028.9374109435557     
   297.00000000000000        3173.8765252217463     
   298.00000000000000        3318.3449254856323     
   299.00000000000000        3439.4089092136487     
   300.00000000000000        3573.9732414098526     
   301.00000000000000        3725.8730996396180     
   302.00000000000000        3877.3192937363074     
   303.00000000000000        4018.7268540997034     
   304.00000000000000        4152.0509268220576     
   305.00000000000000        4302.1596974930262     
   306.00000000000000        4451.3056428650452     
   307.00000000000000        4612.5380711034531     
   308.00000000000000        4764.5230252878864     
   309.00000000000000        4912.4957315943348     
   310.00000000000000        5070.8445544661281     
   311.00000000000000        5220.0779441586774     
   312.00000000000000        5378.2778426111345     
   313.00000000000000        5547.5600737850446     
   314.00000000000000        5715.9419929281930     
   315.00000000000000        5870.0919161211814     
   316.00000000000000        6022.8613083524633     
   317.00000000000000        6193.4394714550572     
   318.00000000000000        6366.5636332331096     
   319.00000000000000        6559.5458233123354     
   320.00000000000000        6783.0165071487745     
   321.00000000000000        6996.5449961521372     
   322.00000000000000        7221.0950527621762     
   323.00000000000000        7445.8634408864300     
   324.00000000000000        7671.3701819059233     
   325.00000000000000        7913.5427477069634     
   326.00000000000000        8154.0301172770423     
   327.00000000000000        8395.9210119123454     
   328.00000000000000        8672.4121804528895     
   329.00000000000000        8925.3356289922885     
